45.496708,548.0685,2749.5579
45.590923,548.3739,2745.5857
42.82781,548.09485,2735.1724
41.91854,548.8114,2735.9417
40.7077,547.5354,2728.254
35.95676,547.9092,2719.7673
32.394764,550.0218,2714.5298
25.043922,550.7968,2701.0352
21.174387,551.271,2693.2593
14.573682,550.76306,2680.7358
6.623769,553.7106,2672.2466
-3.1038826,553.0397,2664.7656
-3.4356842,550.2576,2665.0107
-15.845295,550.0618,2658.6406
-31.46092,557.28394,2646.9414
-44.061523,563.3644,2640.263
-60.643635,568.7347,2628.295
-71.51235,569.07605,2621.9294
-78.36949,570.3616,2618.3708
-84.494286,570.2501,2610.8662
-96.78906,568.97406,2595.316
-104.409096,570.04956,2585.601
-113.444336,567.87463,2576.7234
-120.65717,567.6865,2566.1921
-126.18719,569.60364,2560.6536
-133.50919,574.08545,2549.773
-139.06107,574.85974,2542.1958
-139.76952,575.67206,2538.0842
-142.90092,577.29675,2529.7305
-143.06949,576.43567,2528.7273
-143.33667,576.1992,2523.5667
-142.08961,575.56805,2523.4438
-140.04832,574.7362,2516.9238
-139.50386,573.9805,2510.515
-139.43236,574.5581,2506.0327
-137.5347,573.6481,2499.54
-135.02733,571.5762,2491.7588
-133.8501,571.98456,2487.21
-130.92743,572.2733,2485.7258
-127.69316,573.4434,2485.7388
-124.32482,574.4176,2487.0383
-110.73069,576.3784,2490.3293
-103.214905,577.7539,2488.863
-91.0949,575.6776,2481.382
-84.63328,575.79956,2477.916
-79.94211,575.7081,2478.5474
-76.59377,575.6365,2477.4846
-74.58274,575.6185,2476.818
-72.86932,574.1853,2476.3293
-73.44106,573.9309,2477.6128
-71.520386,574.9104,2478.0444
-69.79654,575.1382,2478.6208
-68.95948,575.56934,2479.807
-68.06318,575.93005,2480.317
-66.50967,575.0918,2481.2363
-65.85153,574.2036,2482.833
-66.81794,573.4575,2484.3906
-66.22801,572.984,2487.55
-67.67156,573.34656,2494.727
-73.33463,576.2418,2510.6626
-77.14232,574.54193,2519.6138
-82.34617,572.8131,2527.6304
-83.47458,571.8776,2530.3796
-86.4684,570.0896,2537.869
-91.97597,568.5532,2546.7192
-94.487366,567.90686,2550.5042
-97.80656,568.55896,2554.27
-102.25736,568.61426,2562.1833
-108.04222,568.9449,2567.2146
-110.62843,568.77075,2571.7637
-115.262,568.4002,2581.198
-114.983185,567.18,2588.2124
-116.09434,567.3346,2602.6968
-119.04188,571.06506,2622.1716
-117.751114,571.89636,2634.32
-112.002426,572.36,2645.4216
-104.75911,573.36786,2656.5376
-99.34754,571.3124,2667.5493
-97.13222,568.92615,2673.9526
-93.68845,564.0408,2687.302
-85.10466,560.6361,2710.056
-75.10922,554.8536,2727.1152
-66.34369,552.80096,2737.4993
-58.324173,551.6803,2748.76
-53.80913,550.9595,2755.5808
-48.61486,549.7621,2762.1912
-42.95494,547.2382,2765.2195
-34.368534,546.7152,2769.7983
-22.200054,548.6505,2775.7434
-18.404379,550.41296,2785.769
-20.90069,547.42505,2787.2715
-23.321312,544.03394,2801.347
-24.89541,542.7106,2811.9001
-23.55371,543.054,2826.3992
-25.56438,544.3374,2839.0676
-27.314833,546.76715,2847.6128
-27.657438,550.2029,2855.9736
-27.776571,549.88293,2859.097
-36.54041,547.68054,2872.807
-38.729897,550.152,2876.7668
-45.781456,550.4585,2888.197
-52.13519,549.8716,2896.094
-56.780674,550.0983,2900.1973
-68.11883,548.4498,2910.481
-76.72136,548.3546,2915.7961
-87.23207,546.8468,2924.8794
-91.800385,543.3823,2930.8347
-95.09512,541.381,2934.725
-98.04004,540.58887,2937.805
-99.787415,539.13617,2944.523
-118.58934,541.2878,2963.7095
-119.60968,540.5176,2963.2988
-134.02644,540.6732,2967.8142
-143.445,539.6043,2971.14
-156.2604,537.53705,2973.7104
-156.08206,538.08105,2974.5886
-155.44345,539.2965,2974.7334
-159.85329,540.70685,2976.1462
-161.99315,539.02985,2977.1897
-163.24226,539.73553,2978.0942
-161.09816,538.544,2978.8003
-159.78667,537.1482,2979.8362
-159.10349,536.34576,2980.9763
-157.59209,535.7462,2981.543
-155.58504,535.11444,2982.6003
-143.5707,534.2648,2990.2927
-147.02269,534.2953,2987.9966
-142.95074,532.7511,2991.2976
-139.79788,532.01624,2992.9692
-130.04395,531.0234,2997.128
-122.95813,531.1183,2998.2825
-118.42999,530.324,2997.3694
-112.92432,531.10645,2995.0305
-103.35292,532.29974,2993.0632
-97.24571,532.9018,2993.306
-82.92413,533.6008,2994.5237
-82.08615,533.9806,2994.1929
-74.3683,534.5799,2995.3772
-70.36546,533.5619,2996.4363
-68.42166,534.54553,2996.2244
-66.61528,535.2139,2996.4465
-65.481415,536.0764,2996.8982
-64.35424,537.13135,2997.3547
-63.55814,538.55566,2997.0723
-63.36731,539.5036,2995.2654
-65.53256,539.2607,2993.305
-67.17857,539.26636,2991.5854
-68.57618,538.8669,2989.831
-67.69221,538.9302,2987.972
-68.47813,539.9486,2984.4521
-70.14098,538.9413,2984.0022
-71.656845,537.9949,2984.2239
-75.51146,536.6432,2980.353
-78.654495,537.9661,2977.8792
-80.98269,538.23816,2976.657
-84.694626,538.4396,2976.0505
-87.902336,538.2916,2975.1467
-99.01391,536.511,2971.3186
-102.89791,535.90344,2969.8499
-106.84106,537.51794,2967.4197
-112.13359,536.6721,2964.302
-113.52401,538.2134,2963.5686
-116.964,538.4636,2962.1516
-120.21553,539.02,2960.1738
-124.012054,540.0594,2958.192
-128.16847,540.1997,2956.6704
-131.82347,540.5333,2955.7737
-141.52284,539.81775,2953.5925
-148.73749,536.8556,2950.882
-144.77023,536.339,2951.1785
-149.5548,533.1835,2948.0627
-153.9848,530.26135,2945.3403
-155.80814,530.6996,2943.885
-157.25497,530.4576,2943.2068
-158.22943,530.786,2941.7908
-160.23569,531.625,2939.7742
-161.94437,532.58887,2939.0566
-162.71614,533.3896,2939.4023
-163.34166,535.14453,2939.7954
-164.79625,536.6339,2939.7212
-164.40834,538.1159,2940.645
-164.59079,538.11676,2941.2917
-163.675,538.57996,2942.7942
-163.21028,539.22253,2943.863
-162.21101,539.2718,2944.2195
-160.74994,538.81714,2944.2273
-159.84573,538.0051,2944.1177
-159.48921,537.7898,2944.2725
-158.67216,537.65796,2943.5771
-157.5765,538.1704,2943.003
-156.18726,538.3563,2942.5554
-151.26251,537.0661,2943.4402
-146.20908,535.14026,2943.0254
-146.1056,536.3901,2943.223
-144.39522,536.0677,2943.7715
-143.1027,535.6063,2943.394
-141.82214,536.2303,2943.23
-139.19594,537.1229,2943.179
-136.90399,538.87634,2942.937
-136.76257,540.13165,2942.7212
-136.4543,540.99927,2942.4797
-136.22823,541.1421,2941.9028
-136.12732,541.6532,2941.3416
-136.13583,541.6765,2941.23
-135.74342,541.37085,2940.577
-136.63022,541.8241,2939.657
-137.5525,542.1486,2938.656
-138.82352,542.10803,2938.7
-139.91145,542.66846,2938.4883
-141.46625,543.34216,2938.6516
-143.21382,545.3578,2937.9402
-143.64816,546.2097,2937.4348
-145.04709,547.17676,2935.5735
-146.26813,547.3297,2934.2048
-150.25409,548.4269,2932.3604
-151.19775,549.6791,2931.0552
-152.94705,550.73364,2930.1094
-153.41283,550.9029,2929.3838
-154.59831,552.4425,2926.4514
-154.04279,552.8026,2925.837
-153.73688,552.7683,2924.1326
-153.17796,552.1332,2923.0327
-153.15154,552.72327,2920.7615
-153.21246,553.0835,2919.316
-152.10092,554.1034,2916.298
-150.5584,555.16833,2914.4204
-149.94693,556.36676,2914.7742
-146.49664,559.0547,2910.7012
-143.1101,559.48596,2909.0642
-140.12851,559.9271,2905.9429
-138.52834,560.89124,2904.2073
-132.99684,563.5759,2899.4468
-126.60745,564.32465,2892.1685
-117.7119,566.7023,2885.371
-114.18479,567.59906,2881.5383
-109.35038,569.21606,2880.1245
-104.387405,570.70996,2876.698
-96.17681,571.1492,2874.1648
-91.720314,571.7864,2868.801
-92.399414,571.73,2867.885
-101.52456,543.85657,2870.8748
-84.936356,553.8602,2879.0215
-68.484024,544.36786,2872.216
-56.27084,540.9457,2880.1987
-47.925087,538.5486,2883.7468
-37.915474,537.3521,2885.5637
-30.868328,536.4519,2887.4998
-23.085674,532.1423,2877.9622
-16.04316,527.6999,2883.1995
-7.887535,527.08563,2884.8132
0.41243744,523.7463,2875.13
8.085327,516.9927,2858.784
14.682766,510.9461,2851.1008
24.248363,506.95038,2847.238
36.37787,504.5969,2844.8157
46.15826,505.65756,2855.1042
52.213806,501.7376,2860.774
61.65213,499.94928,2863.5881
69.26221,492.30377,2854.0066
78.61203,485.3205,2848.21
88.16158,480.32495,2857.2942
95.79273,474.3777,2850.3662
107.66962,469.69714,2846.4116
115.97062,462.90533,2844.4258
125.14424,457.54578,2854.9143
134.62541,451.73807,2848.667
144.39064,446.13727,2845.5457
153.59705,438.7083,2845.486
160.8581,434.80234,2855.4617
169.12442,431.49078,2860.4526
179.42233,426.14508,2862.938
185.58826,422.41415,2864.689
191.75064,417.25146,2865.06
198.50021,414.56793,2865.7478
206.38324,408.54697,2865.5977
211.9097,402.42276,2866.5234
217.17711,396.535,2867.4827
224.32944,391.63043,2866.4653
228.04614,381.26337,2855.5002
235.05698,378.68628,2860.4746
239.74019,372.64957,2851.4941
243.82819,365.0675,2847.9785
249.2302,360.34506,2856.695
254.82303,352.5512,2850.5815
260.52048,349.56714,2847.0264
267.8365,346.4499,2856.2285
272.09534,340.6114,2849.351
279.7484,337.69748,2845.4126
285.60742,330.9494,2834.446
290.2387,325.90057,2838.4424
298.27167,322.5072,2840.435
305.42303,318.29913,2841.934
314.23062,313.87158,2831.7283
323.29193,309.65027,2827.092
333.70923,307.18805,2834.7651
344.09137,303.58643,2838.1035
353.3692,302.37457,2840.275
363.98264,301.60327,2840.8606
377.7584,300.98053,2841.659
391.76562,300.00354,2832.101
401.02188,301.78186,2836.7637
411.03662,301.06,2840.1077
419.5495,301.94598,2839.7786
426.55072,304.64233,2841.6116
432.00427,306.6099,2841.0234
435.99445,306.45822,2832.2314
439.1529,308.46967,2826.8354
441.67004,315.04358,2824.1406
442.27338,318.94336,2823.2898
442.31558,324.84802,2822.8625
441.04742,330.1328,2823.1436
438.389,336.2101,2822.7776
432.5564,344.70465,2811.0557
425.17426,353.06146,2795.234
417.25134,365.22775,2797.8088
407.09717,378.32657,2799.048
397.55447,387.69208,2789.1836
387.8819,401.48254,2794.7378
374.21185,414.97433,2788.479
361.13635,426.573,2783.831
347.0517,438.10315,2782.5232
331.6914,455.67673,2792.351
319.1045,465.91656,2796.2551
306.60275,476.2301,2799.26
295.43097,486.1948,2800.2048
283.8916,491.07635,2812.1946
276.1019,497.276,2817.724
265.969,503.1595,2820.008
258.52698,506.20477,2821.6455
253.55496,509.49835,2832.4727
247.6867,509.97467,2837.4055
239.5907,513.7277,2840.3108
234.97397,516.2096,2852.3354
234.21262,511.71545,2860.3748
229.35606,508.28085,2863.3813
224.47748,502.18896,2864.3652
221.77737,495.84982,2866.3757
218.83263,490.34863,2866.8892
215.75676,484.42188,2866.1487
210.34192,481.9084,2866.287
207.42387,473.45514,2865.8762
202.53096,469.34363,2867.1619
199.49182,463.26318,2877.3047
195.3444,452.71246,2882.8757
189.21573,446.26782,2886.16
184.27345,439.5376,2888.8113
176.36856,433.06976,2877.6235
172.02985,424.1443,2872.0352
166.37071,415.36862,2879.742
157.69289,406.77466,2872.5962
150.54927,400.5971,2869.0288
144.47319,392.36053,2878.2417
137.80406,387.34174,2871.8516
129.93155,381.5904,2868.664
120.81476,376.4358,2868.0884
113.422874,372.53033,2868.3025
106.11386,367.86853,2868.903
95.52231,365.02267,2867.6836
83.72092,358.821,2855.5532
74.82815,353.75568,2849.0
64.97571,349.8733,2857.724
54.147713,343.55884,2850.5752
42.440212,337.20264,2847.008
33.477703,331.45352,2846.23
24.375671,323.24213,2833.8333
12.887135,315.01312,2828.1213
2.8959923,308.73944,2835.3037
-7.797035,301.9104,2838.9172
-18.757393,291.82062,2830.29
-27.782951,282.21887,2836.9307
-37.474808,272.85083,2829.241
-45.700424,260.67444,2825.3806
-54.717407,248.74931,2823.4324
-64.9065,240.04002,2822.4456
-75.53618,230.24286,2811.958
-84.86019,219.37466,2806.181
-92.79675,208.62001,2802.7893
-100.65838,199.94739,2801.61
-109.43111,191.6953,2800.9846
-116.5813,183.75172,2800.1716
-122.5223,176.29433,2800.2651
-128.78743,166.19675,2800.2424
-132.47545,158.27275,2800.286
-136.9414,154.7014,2800.3413
-139.8945,149.4584,2800.3726
-143.15936,146.3195,2799.4124
-147.5174,143.64354,2799.4548
-149.59235,139.20505,2797.988
-156.33768,136.71863,2798.731
-162.99463,136.00732,2788.5627
-166.03378,135.10403,2783.9912
-178.43237,135.45517,2781.2056
-186.09915,132.09143,2780.2969
-179.32,137.66547,2780.4663
-178.41101,138.61447,2780.9614
-176.09946,139.34547,2781.6724
-175.65305,135.57957,2780.0051
-176.8155,136.37491,2779.062
-176.85184,137.52988,2768.139
-181.20169,137.69797,2773.207
-182.99194,137.4382,2765.2693
-184.0412,140.39691,2762.3489
-185.74417,144.49062,2759.892
-187.80489,150.70277,2759.1694
-189.15237,155.41666,2758.8066
-186.5598,156.67657,2748.1306
-184.66846,161.39056,2733.7942
-183.52802,165.15605,2735.615
-181.79492,169.98901,2736.5166
-178.89825,172.29103,2738.4465
-174.00674,172.279,2727.9053
-169.44612,175.36078,2720.606
-163.97253,178.20775,2711.4705
-161.19406,184.99117,2704.8022
-154.19632,189.28743,2690.9067
-145.55647,191.62631,2684.2368
-138.49358,195.24039,2680.9392
-129.9821,195.91774,2678.9429
-119.20513,199.70384,2669.0105
-108.15671,200.65836,2655.6523
-95.79111,198.70473,2647.4675
-81.11288,199.33813,2643.1428
-67.90274,187.78378,2642.8838
-52.17461,215.7979,2622.661
-29.589375,196.07869,2612.1343
-7.9307365,183.61914,2594.7354
-3.458788,175.14696,2593.4155
-3.2663364,174.86166,2587.3052
-2.0450802,175.60449,2584.9536
55.76116,196.9242,2593.6577
98.41246,196.67859,2600.6694
126.558426,202.30643,2602.7742
149.49405,206.78775,2604.8164
166.67894,210.71964,2604.9158
182.43704,215.35521,2613.019
191.50052,219.9522,2627.1558
200.79318,224.07236,2644.2322
209.62964,229.77773,2662.2993
216.10046,235.17232,2670.3137
218.16544,239.92764,2675.7808
223.48901,248.33856,2687.5488
222.87631,251.50804,2694.995
222.35397,254.5803,2706.2317
218.97707,261.67615,2722.4573
215.19579,266.568,2740.5042
209.9008,274.75427,2740.6326
202.92345,280.27753,2749.6519
193.95322,286.98505,2754.1511
182.7295,293.84177,2756.577
170.14062,299.6854,2767.6272
158.85556,304.17322,2773.5625
143.45673,308.3412,2776.8057
127.084,315.31323,2778.8354
109.455765,323.94446,2780.966
91.58148,326.95886,2770.9194
71.5995,332.34296,2766.409
51.972588,337.21497,2762.621
32.3603,343.4619,2752.2092
13.310981,344.35275,2735.8735
-7.4587455,350.65253,2747.5273
-27.084068,353.25955,2744.6746
-48.640915,355.49298,2740.819
-65.811905,353.80157,2730.9314
-83.6849,352.7915,2724.9111
-99.7967,352.56067,2722.0842
-113.33877,347.93408,2709.7673
-124.23829,344.57578,2703.7485
-132.8768,342.05743,2700.6353
-141.72786,337.67444,2689.6267
-149.73773,334.3601,2695.1313
-156.52354,324.13486,2687.0403
-160.80133,319.0057,2683.4126
-163.97697,315.57043,2680.597
-168.37614,312.04926,2679.7407
-171.96739,308.09497,2670.3218
-178.12892,309.57898,2675.656
-182.95084,309.65625,2667.9624
-188.67188,315.99603,2663.8464
-195.35028,317.72754,2670.6584
-201.97636,320.08838,2673.921
-208.45967,321.7992,2676.5464
-218.48624,323.6354,2688.0776
-235.04144,328.8673,2704.536
-245.99931,336.85815,2710.5625
-252.8982,348.99677,2713.4766
-258.63776,363.88654,2725.2842
-256.83282,380.89087,2738.9917
-241.79332,393.6681,2748.804
-270.14478,421.9313,2796.7686
-263.6735,448.14548,2756.5813
-249.21568,463.40533,2738.3545
-242.39676,484.28394,2738.6187
-238.92648,500.8877,2747.9172
-234.60971,515.81537,2743.2156
-229.76115,529.07965,2760.8103
-217.36433,533.12213,2759.1812
-203.8087,535.6722,2769.4182
-186.52904,537.05597,2785.048
-166.2871,533.0922,2792.9497
-143.58427,525.9486,2796.8633
-114.65116,520.05566,2799.0217
-93.60185,494.108,2791.1462
-65.54596,477.19434,2806.3386
-32.136303,456.45752,2793.8733
4.1373215,433.6373,2787.257
39.435196,407.81757,2783.0876
76.96981,378.48108,2781.9998
113.07492,352.55344,2789.8074
148.73967,324.8455,2795.1707
184.34854,286.0961,2809.5461
217.068,253.9053,2827.1545
247.33557,218.23083,2836.6401
274.12216,181.0515,2818.6787
298.35526,145.64462,2823.2385
319.00604,109.816986,2825.4714
336.3906,76.30435,2812.5571
347.0006,43.20732,2807.4343
354.9101,11.923859,2803.7778
362.5714,-16.169662,2791.7769
365.09833,-43.202805,2785.3008
367.76038,-66.60866,2782.0657
366.08337,-84.31067,2770.908
361.97873,-102.307304,2754.327
357.7627,-117.38023,2756.0068
350.73355,-129.45856,2747.8696
339.5016,-139.38425,2742.215
325.0005,-147.46155,2722.364
311.87848,-154.4972,2710.457
297.02838,-159.49097,2704.4673
278.51913,-158.99173,2692.9583
257.02777,-159.91031,2685.7117
234.3107,-156.69295,2682.5706
213.08984,-148.17406,2671.0012
185.93661,-135.62122,2646.1985
161.82729,-120.834656,2634.327
141.59984,-102.5336,2628.9014
116.44017,-81.87607,2626.2256
93.44783,-56.550133,2625.9272
70.20204,-29.30764,2615.811
45.79357,-0.7656555,2611.7908
21.429283,28.978348,2616.3813
-1.5645599,58.81949,2619.1938
-25.241356,88.98987,2622.2715
-48.967026,121.65204,2622.2488
-73.15232,155.83655,2624.7437
-97.73595,184.22585,2625.636
-119.25688,215.36246,2633.55
-144.18442,242.09871,2636.507
-166.60455,267.2962,2648.1892
-186.25139,290.41827,2665.7886
-203.91428,315.42523,2682.3877
-219.16605,336.22583,2700.055
-233.33002,355.35263,2710.2793
-246.81447,367.87766,2725.4412
-257.3261,387.6529,2742.0166
-266.07758,401.9116,2761.8413
-271.16754,415.08112,2770.6445
-276.89224,427.0384,2785.6028
-279.28467,439.8627,2794.0532
-282.37106,451.37933,2808.79
-281.75867,463.51776,2826.1252
-282.1466,468.8388,2835.2883
-279.0876,478.38208,2850.846
-275.891,487.08978,2868.632
-264.4759,489.8038,2856.0332
-253.88022,493.02228,2861.7263
-244.3791,497.1623,2875.0762
-232.5985,496.3092,2882.7585
-220.75812,502.83768,2886.4302
-210.14572,504.38715,2900.4404
-197.53577,501.5315,2883.3533
-226.53465,509.80896,2882.0776
-233.76399,506.1745,2878.9517
-236.94064,500.23593,2871.7017
-228.0239,493.3687,2868.5127
-211.92029,488.19202,2859.6453
-197.00969,482.89224,2847.5403
-117.87041,508.80005,2867.525
-61.458485,506.5609,2880.227
-16.529167,501.417,2873.2385
16.827354,494.07474,2880.805
39.619377,490.3553,2875.0447
59.868484,482.6403,2867.264
75.41751,473.70184,2851.882
88.87494,457.34955,2830.2913
109.405594,446.99588,2786.3918
322.46936,491.2945,2722.4116
228.48535,453.86206,2720.7595
176.16722,426.83997,2729.6875
213.5202,440.9753,2774.9373
245.1376,432.62442,2784.3855
260.06793,425.56525,2790.7563
270.599,419.4075,2784.245
278.4676,415.10223,2771.9834
282.0788,412.38977,2755.6099
283.51617,408.74335,2736.9531
283.6651,406.22998,2717.5383
282.37268,406.23248,2698.724
277.3681,404.67896,2668.7412
272.51874,407.24042,2646.0342
265.26486,410.61725,2623.1558
258.01343,414.0718,2585.9634
252.43936,416.49457,2567.5198
242.2943,418.0963,2541.4207
232.34718,420.2484,2511.3694
219.29416,422.16843,2479.8018
203.81497,427.9056,2448.0508
187.48875,428.32394,2417.2607
171.77959,427.95627,2379.3054
152.6542,429.61237,2345.2505
134.43813,432.77002,2320.7952
114.89257,436.78577,2295.5186
95.329735,439.3624,2268.9307
77.45162,446.60144,2249.6753
59.147194,452.61115,2232.5317
41.608204,457.9679,2225.5005
25.587387,461.12567,2213.9766
9.866016,462.1308,2208.713
-5.234938,465.36145,2206.0867
-19.258242,469.23077,2205.2852
-31.051506,471.71738,2204.871
-43.04076,474.8985,2204.1597
-53.44325,474.96475,2204.804
-63.306164,474.54886,2210.124
-74.54347,474.81757,2221.711
-84.53955,479.5087,2226.7942
-90.27661,481.66516,2227.2146
-96.64369,483.44617,2227.459
-101.16295,486.18335,2227.711
-106.63161,488.61752,2228.882
-109.7255,490.09015,2223.0808
-110.30528,493.87976,2227.2231
-110.65995,496.28497,2234.8342
-109.062386,499.71063,2241.1582
-107.730934,502.4671,2242.2905
-105.63927,503.72476,2243.3599
-102.122345,504.31177,2245.3894
-98.41275,504.09357,2244.9114
-93.25727,502.3382,2243.654
-92.54347,500.3974,2249.5435
-88.217285,496.7967,2252.489
-83.609695,494.79736,2257.5132
-80.1411,490.95676,2256.485
-78.80998,486.58722,2256.466
-76.94591,485.3969,2263.4912
-75.04906,481.74957,2273.0125
-73.782875,477.6413,2278.3052
-72.85512,473.23438,2280.8877
-73.27134,469.6712,2288.6677
-73.667725,466.1063,2300.064
-74.352066,462.98428,2305.766
-73.933,457.84656,2309.6213
-74.834274,453.69543,2311.0562
-76.17094,450.86508,2318.206
-76.69541,444.57614,2314.8865
-78.55051,442.27655,2320.1655
-80.28905,440.58292,2330.824
-83.86286,441.01868,2342.5747
-87.86263,442.2668,2348.477
-93.07982,441.96616,2351.4702
-95.88187,440.40582,2353.4873
-102.05536,440.07794,2361.501
-107.00126,439.77737,2365.4482
-110.255684,439.7182,2367.9302
-114.23718,438.32446,2369.6902
-118.822365,439.83524,2370.0496
-123.328766,440.22943,2370.771
-127.61216,440.19968,2370.1157
-134.7789,442.38312,2369.7573
-139.70163,444.1535,2369.582
-143.90686,444.74384,2361.956
-149.27058,444.9085,2358.211
-154.99872,446.25977,2357.341
-160.32787,448.58417,2354.8806
-161.92236,446.59637,2347.6487
-164.35168,444.9361,2336.56
-165.35849,441.35388,2331.5103
-166.43832,440.99268,2321.487
-168.20773,441.04727,2316.4646
-165.39896,437.81644,2307.0112
-161.6857,437.5536,2309.2212
-158.6869,435.88272,2302.858
-152.2836,433.4452,2300.6455
-145.52881,431.67212,2306.0327
-140.61453,434.05682,2308.7349
-131.6315,431.4101,2303.0793
-122.934105,429.10403,2299.7927
-112.25918,425.6078,2298.6492
-100.714966,422.8056,2297.5828
-87.11856,420.63727,2304.5186
-73.58655,417.6421,2308.0078
-58.36699,416.13116,2316.791
-40.67997,411.45697,2328.6575
-25.399872,408.27292,2334.6248
-7.761421,405.16104,2330.54
10.291565,404.06665,2336.0017
27.248108,403.2188,2345.2395
47.853333,400.2244,2350.946
65.198,397.8482,2360.2476
84.668015,394.23282,2364.8455
104.71648,391.69717,2382.6377
126.34109,385.8544,2391.5112
146.16614,381.2398,2403.4775
166.0812,374.91815,2409.9438
187.2088,371.01404,2421.6887
208.12733,366.469,2435.056
227.39244,364.71967,2441.7407
248.34685,361.5408,2453.0999
270.02716,359.6043,2459.763
290.42987,358.77356,2470.5588
311.28497,356.60992,2476.0017
333.16486,354.142,2487.1968
355.43607,351.96536,2492.7913
377.6363,351.58188,2504.067
398.32828,345.87534,2509.766
419.2201,337.57013,2504.751
440.0499,336.17755,2502.7224
460.92258,330.79663,2500.145
483.78485,326.1545,2507.8325
505.75443,324.31213,2512.6838
528.09796,315.5007,2514.7424
547.5891,309.34332,2516.6455
566.19464,299.02136,2516.6094
585.70953,291.7934,2517.602
603.5399,280.09607,2517.0461
621.5946,271.5501,2515.761
640.88586,260.7145,2516.0906
654.0173,245.72508,2507.2961
664.54974,233.97502,2494.4216
677.5498,227.19298,2489.9607
689.2849,209.72968,2485.2742
698.3268,195.02745,2475.8633
710.5817,186.8318,2471.6694
716.23737,176.9774,2468.544
722.0316,162.91272,2466.9812
727.99445,147.37323,2457.7195
732.8599,134.83754,2446.0796
734.7208,123.21657,2438.7546
736.2644,111.55414,2428.6038
735.14764,99.95299,2417.0195
734.6804,90.549866,2409.7297
734.223,81.2657,2405.5676
727.13446,73.29773,2396.5066
719.54126,64.75026,2383.4802
712.3344,57.70021,2369.4805
705.04456,53.444702,2355.9666
693.5537,49.936096,2341.708
682.40155,47.006866,2334.0864
668.6076,47.743546,2324.276
650.743,45.612442,2304.3394
637.2577,48.09102,2293.4116
618.4883,53.34337,2287.9336
597.3528,54.62355,2273.195
577.3854,60.09674,2264.8655
557.21155,64.01105,2260.2341
535.5112,68.05762,2252.9136
511.59262,67.15558,2241.2642
488.36984,71.45448,2235.4136
466.1894,74.38664,2233.0176
445.38644,76.56116,2238.7744
423.19476,78.53685,2234.1484
401.38934,81.58836,2238.28
379.7732,83.471176,2239.8403
359.33817,82.649994,2247.572
334.6708,86.39908,2252.3606
316.07556,86.06256,2255.324
297.18326,88.87163,2269.2427
274.73248,93.46269,2276.6968
251.86284,99.4821,2273.0178
229.96048,105.6568,2264.2192
210.64656,114.74403,2273.268
190.10909,121.9147,2271.2405
172.08563,132.53282,2277.2778
149.90436,143.8687,2273.412
129.73236,158.49612,2277.9412
108.2346,175.21043,2273.7131
85.46992,191.19514,2265.1372
63.408348,209.60489,2260.8325
44.072655,229.3413,2259.1755
22.507538,248.66286,2250.8567
1.6133041,269.1029,2253.1697
-19.633583,290.5382,2254.3057
-38.799706,309.12967,2247.882
-58.21646,329.41425,2252.1604
-73.08164,348.2426,2255.299
-83.304146,367.30795,2256.8564
-92.01743,385.75146,2256.6284
-96.80866,403.0185,2263.0088
-99.78132,421.74728,2273.1807
-99.39079,438.9258,2284.7705
-97.39642,457.2724,2297.5798
-91.92242,468.82605,2304.474
-89.50493,486.56903,2323.0615
-79.50572,497.96753,2338.2788
-69.97659,509.78262,2353.8726
-60.275917,521.12427,2354.1433
-47.83718,528.3391,2361.2234
-33.448112,536.06775,2371.303
-19.991194,544.8549,2386.3596
-7.2386446,548.011,2385.87
8.048738,549.5572,2393.171
21.902153,549.78485,2395.9495
36.459053,551.53644,2406.2893
51.046673,550.3152,2411.3557
65.07181,549.85034,2413.857
77.960495,548.0102,2414.6223
90.384186,546.1379,2415.516
104.23922,543.7653,2414.9646
116.41058,539.3575,2414.704
126.42878,539.0523,2423.1462
139.07669,538.3956,2427.418
151.29456,536.1052,2430.5051
165.02475,534.72687,2438.9446
174.09293,529.8541,2443.167
182.18216,528.5777,2445.7412
190.45062,525.9932,2446.8682
195.42511,516.83936,2439.899
199.23303,508.0888,2443.4727
200.14432,498.4756,2445.1094
199.33755,488.77502,2446.4277
198.26845,477.3046,2446.2717
194.51909,464.52008,2438.3174
189.27371,452.9707,2441.9072
184.74481,443.83704,2444.11
178.15482,431.09726,2445.4138
172.88492,416.75745,2447.1667
164.93121,406.3441,2455.7166
155.55257,394.36963,2463.491
142.9804,379.9192,2456.0652
130.66849,369.13034,2459.8992
110.5168,357.2564,2465.2158
95.1879,346.23148,2471.8994
81.2424,335.66638,2494.7766
63.249866,329.52734,2505.6829
43.192364,317.62817,2527.473
22.977219,304.84134,2547.442
1.0511017,292.73785,2583.8684
-22.651108,285.76196,2613.0068
-45.816788,290.62137,2646.0503
-67.23537,292.44458,2672.5063
-90.23543,284.43576,2705.4036
-108.949234,273.7013,2740.209
-127.11444,264.99216,2770.1362
-146.35464,256.83398,2797.2507
-164.98753,250.42107,2830.1848
-184.51634,245.81158,2870.3572
-203.17117,243.19536,2902.3992
-219.56207,235.39272,2941.9656
-232.63191,228.33006,2961.7683
-246.74423,223.78142,2995.9104
-259.89142,219.29466,3024.058
-271.2306,214.49445,3052.0
-279.9402,209.21332,3067.0054
-289.04498,204.57706,3087.285
-294.76978,199.66553,3097.1138
-303.07623,198.751,3115.7542
-308.67133,195.75482,3139.1968
-314.59756,196.8892,3151.0073
-318.34662,196.70726,3156.8774
-320.32953,196.53821,3172.831
-326.33905,198.48839,3181.2852
-331.11407,196.116,3184.4966
-335.88275,191.09059,3184.5217
-342.06567,189.2756,3187.1255
-351.30164,186.21164,3188.4473
-361.5266,179.62994,3188.0833
-376.9431,182.21532,3188.2888
-394.69202,179.78421,3189.007
-410.60184,168.61296,3187.3022
-426.6989,165.12202,3175.5605
-447.26318,161.30322,3168.6587
-455.89905,181.77686,3141.4126
-485.40466,193.77243,3112.6033
-471.7229,193.37195,3106.0708
-462.24722,193.94936,3095.6655
-483.97272,200.00198,3093.9106
-476.8699,187.75755,3102.8408
-493.86014,188.85938,3110.1794
-524.06696,193.91795,3112.7979
-534.28046,205.10536,3108.234
-544.8152,193.7518,3107.6921
-571.25616,200.22755,3092.05
-609.9153,192.10558,3069.628
-624.8162,194.82425,3060.0674
-656.85474,211.51509,3040.9426
-663.2757,265.5168,3048.348
-665.6769,283.607,3063.9739
-666.3993,293.53183,3072.632
-665.37006,308.48465,3076.891
-661.6305,320.29272,3078.753
-658.20746,331.25778,3078.4812
-650.6949,342.8521,3079.8877
-644.0836,347.58112,3083.1023
-635.04315,357.99902,3082.3562
-625.3521,371.93982,3082.0723
-610.016,383.6051,3070.9614
-598.6316,394.0858,3075.3584
-587.0257,399.4516,3076.7102
-573.8742,405.70682,3079.7139
-558.8041,412.39453,3079.268
-539.57733,415.99457,3056.1047
-527.40857,416.56152,3054.9707
-512.90234,419.14038,3054.4194
-499.34576,425.83646,3055.6018
-480.70862,429.90704,3056.159
-468.67737,430.87677,3057.0203
-459.82538,430.47754,3058.3943
-441.33377,437.66464,3056.4775
-425.6751,439.77362,3056.5273
-412.4013,441.0736,3069.1362
-399.15076,441.6156,3075.962
-384.11475,441.20514,3067.3972
-371.59195,442.45334,3076.0764
-357.994,443.57153,3079.2842
-344.73743,445.70926,3081.8677
-331.3029,438.96228,3083.341
-313.97937,438.71484,3082.5474
-300.353,435.41663,3080.164
-294.10535,433.33014,3081.471
-280.91852,428.75192,3082.4683
-270.37567,429.08392,3095.6487
-253.16907,429.4272,3102.1414
-240.30751,429.49313,3105.787
-229.22574,425.9826,3107.3154
-212.16171,421.7813,3096.0056
-200.69302,418.86954,3089.852
-186.44029,412.411,3087.2747
-176.40407,408.78247,3097.4836
-166.43073,408.982,3102.59
-157.78789,403.1809,3104.6404
-147.39989,401.4513,3107.1638
-142.15514,395.91116,3107.9246
-133.49648,392.73303,3121.3071
-128.1473,390.16174,3127.9976
-125.20957,383.5467,3115.8274
-117.58686,381.7334,3124.2568
-113.23559,379.13547,3145.4668
-107.83221,374.1701,3139.076
-103.14788,373.02402,3136.8835
-100.648094,372.01074,3136.2913
-96.075096,369.74878,3135.9893
-96.47881,366.70984,3148.8367
-93.05585,366.97794,3154.7605
-91.73334,361.07986,3143.7295
-91.59598,355.08356,3138.2153
-91.45859,350.97498,3135.957
-93.174835,350.45282,3135.3289
-95.162445,349.11075,3147.5112
-99.65867,345.54913,3154.5923
-101.645836,340.8701,3145.6323
-106.23472,335.27985,3140.1584
-113.79205,329.05417,3137.9202
-122.081856,324.0734,3137.2998
-129.44205,319.01904,3123.497
-139.54538,314.93378,3129.5974
-151.89587,307.94244,3130.146
-164.25026,299.1665,3119.4285
-178.57703,289.15427,3113.569
-193.19888,279.67688,3111.1377
-211.2078,274.18008,3109.0042
-230.02037,269.71008,3108.377
-248.52655,259.0739,3095.1504
-267.30563,251.01106,3088.5278
-286.4118,240.81195,3085.7014
-307.06055,233.0522,3083.8013
-330.1004,229.35434,3082.66
-354.39984,220.30487,3082.1343
-377.02277,212.647,3070.0037
-400.7039,201.77518,3063.423
-423.96948,189.84808,3059.1528
-446.93414,177.42671,3056.9844
-471.7226,162.11212,3056.337
-493.8272,149.88342,3056.5957
-514.3906,135.08847,3043.6633
-538.61523,119.65367,3060.0505
-556.7001,104.054596,3057.8708
-576.9756,88.7393,3044.0203
-592.5989,74.382706,3037.386
-608.6759,58.03647,3046.6072
-625.7787,45.505753,3050.2263
-640.6581,34.33278,3040.0193
-653.59595,20.095428,3048.3743
-666.5778,6.7400055,3051.1016
-677.9623,-4.895752,3053.4258
-691.3255,-14.857666,3054.6257
-694.54456,-26.66713,3029.4363
-707.2617,-36.3114,3041.789
-714.5248,-45.62645,3033.7014
-725.39465,-54.687454,3032.203
-732.7762,-63.8033,3031.4773
-736.70776,-73.85538,3031.0398
-741.7006,-79.70572,3030.6177
-747.0587,-83.55095,3018.7463
-755.7123,-92.0562,3024.2473
-758.3717,-104.910736,3039.9407
-760.6183,-109.97961,3035.1382
-759.1991,-113.24234,3020.6921
-763.40027,-118.95816,3025.6917
-777.2052,-115.07937,3014.6812
-776.35547,-118.85651,3020.7283
-778.37854,-118.229416,3024.0083
-785.6664,-115.078896,3014.6287
-787.44543,-115.295746,3022.2927
-786.438,-110.29064,3013.6536
-786.8618,-106.534935,3009.8628
-795.93005,-98.281,3007.7546
-793.16626,-97.48186,3006.275
-792.792,-92.42844,3006.06
-793.5482,-86.09992,3005.4253
-796.91846,-74.0707,3006.6804
-793.8628,-64.05499,3006.1248
-796.26105,-51.645447,3005.714
-798.1133,-38.750023,3005.7517
-796.771,-28.02044,3005.8005
-789.1641,-17.40445,2991.5308
-788.7816,-0.88181305,2986.6335
-789.6283,16.113754,2996.213
-780.67786,33.323868,2988.952
-776.12634,53.29786,2984.7703
-768.0507,73.38303,2983.8118
-756.853,91.93837,2994.2988
-741.4619,112.454285,2987.5696
-729.02356,134.04442,2996.7297
-710.6997,155.94893,2989.041
-691.93085,174.42123,2997.8938
-673.4967,194.6808,3002.3025
-652.48254,215.67966,3004.0752
-634.3828,238.20453,3018.1785
-610.8269,251.91096,3024.502
-588.8948,266.79425,3040.1592
-561.5448,279.5368,3034.1355
-539.35406,294.64496,3044.7563
-514.44147,301.92664,3050.0837
-489.4081,313.65796,3052.8337
-467.08563,324.7155,3054.7847
-440.3022,334.08875,3056.2334
-416.98062,345.77982,3069.8
-394.77,353.4426,3076.1033
-372.45172,358.80188,3079.2551
-351.9187,368.7602,3081.1707
-331.52432,373.3711,3081.2034
-313.8659,379.0211,3081.273
-294.6863,384.97388,3082.7542
-277.35077,389.97702,3094.9517
-264.87433,391.99524,3101.6309
-251.47278,394.89865,3104.9314
-239.48006,399.1646,3092.601
-226.46103,403.78564,3088.3997
-215.69386,405.88403,3089.3076
-207.0216,408.0719,3090.2102
-199.06142,410.51868,3091.2063
-193.6426,411.08774,3089.3652
-189.70569,411.88303,3086.8628
-186.80363,410.8302,3085.6047
-183.41287,410.164,3086.4531
-183.38116,409.61325,3084.9248
-186.70644,409.2547,3083.1565
-188.40257,405.71863,3083.7866
-191.78806,404.4119,3096.5938
-196.64798,402.25772,3089.5242
-205.58713,405.14166,3087.9778
-208.77963,400.35565,3085.1982
-215.90952,393.1114,3083.304
-221.40901,390.54932,3082.3655
-228.3308,384.8384,3082.908
-235.55,380.687,3082.1208
-242.14383,375.19757,3068.7783
-249.72707,374.47357,3075.122
-260.0992,365.88504,3078.2764
-265.6007,361.83716,3067.365
-272.6713,358.69458,3061.9146
-278.32938,352.8886,3047.18
-282.66452,347.6339,3040.3506
-286.62943,344.88245,3023.4402
-288.33484,342.75385,3015.0046
-294.58716,336.6465,3011.737
-299.3622,331.38782,3010.1096
-301.78183,324.53903,3001.1213
-311.227,313.63202,2990.8057
-317.34845,308.10254,2985.6104
-345.96783,302.44608,2980.1846
-369.40292,295.24362,2966.6282
-375.22708,287.8125,2948.6858
-366.97952,288.39926,2953.0767
-358.01645,278.59497,2932.1726
-357.83978,269.63513,2921.7703
-360.14664,257.26904,2906.1108
-364.6657,245.63539,2887.7852
-372.91284,232.42517,2877.1382
-380.05847,219.3675,2859.818
-385.80164,206.51132,2841.1533
-394.53873,195.78392,2831.8623
-400.71536,181.56064,2816.2078
-406.94522,166.49196,2808.4346
-412.91132,153.10004,2804.4758
-417.09787,139.89449,2792.003
-422.27597,127.906265,2785.7756
-425.31116,116.330414,2772.6292
-430.71228,106.0923,2765.5615
-436.0037,96.5636,2762.5112
-445.12936,86.66019,2760.0364
-448.94568,75.963196,2750.2666
-450.9389,63.066696,2744.3735
-455.83377,53.404312,2742.4478
-460.97946,42.02437,2740.4177
-464.47806,36.45169,2729.9033
-466.56097,33.705902,2724.1519
-470.43823,27.404846,2722.289
-471.5471,18.03836,2710.4065
-475.25385,13.556946,2705.015
-476.36002,9.831955,2701.7734
-476.6156,7.7200317,2699.7046
-477.34445,4.737549,2700.6538
-475.90607,6.2625427,2692.0845
-475.7322,7.8746033,2694.7822
-474.95435,9.741455,2696.6565
-475.0913,11.019821,2697.5872
-473.2898,12.856766,2698.5217
-472.0324,17.13739,2698.5
-472.68228,26.317657,2698.4827
-471.8858,33.442154,2700.4631
-468.7057,37.747345,2701.4648
-466.30228,41.750824,2701.4697
-465.75937,47.860336,2703.3975
-463.34262,52.884888,2704.9648
-460.36777,52.7265,2711.7188
-458.44022,56.17688,2718.0613
-456.12387,60.825974,2720.767
-454.55176,68.39293,2729.628
-455.7029,72.454834,2733.9812
-456.28375,77.85307,2738.6387
-453.78925,85.28659,2738.0532
-452.8642,95.36809,2747.7925
-452.52704,108.45412,2752.623
-454.84048,117.5746,2755.6025
-462.46985,127.9171,2757.4084
-470.35208,146.20508,2771.555
-479.77472,164.17882,2775.5679
-500.1759,167.77078,2790.0708
-523.4191,178.73636,2801.8167
-533.1406,195.20982,2809.3098
-544.234,216.80542,2815.4014
-552.713,247.02457,2829.6306
-560.9657,279.14032,2847.2131
-561.4057,312.71063,2845.3247
-560.86096,330.84845,2866.456
-549.81116,350.69458,2878.4978
-534.37054,373.8565,2894.4944
-574.0158,413.82474,2858.9836
-554.33496,454.74524,2872.814
-538.2182,473.22574,2880.1685
-525.94934,489.5705,2895.4224
-511.48953,505.61493,2902.2822
-494.67227,513.8135,2917.924
-476.68793,517.80566,2925.666
-457.26126,521.0351,2918.3752
-440.45636,524.3726,2926.2578
-419.67294,523.90076,2929.6619
-397.25714,518.5262,2920.8635
-368.41116,510.34033,2904.6511
-344.66354,506.99326,2896.467
-321.59183,504.40332,2891.8784
-299.21567,500.42883,2889.5898
-275.71222,495.4677,2877.374
-253.61876,493.78787,2871.4873
-231.32808,497.19037,2879.5059
-208.56723,496.12457,2872.6863
-183.40637,492.69464,2857.9863
-160.25677,486.43292,2850.3645
-138.48753,479.55963,2845.9644
-116.264496,468.739,2855.0806
-90.79908,462.08276,2859.8027
-66.758286,447.95517,2850.2869
-42.83542,434.33295,2857.6213
-17.822868,420.0641,2839.3171
9.028198,404.6148,2819.6372
34.700523,388.99426,2809.8713
62.749672,374.35175,2793.3162
92.264435,360.72632,2786.1409
120.5866,347.91473,2781.4878
148.77945,333.32623,2768.6765
177.6238,321.0017,2753.1323
207.03702,311.01953,2735.442
231.57553,300.89093,2707.0989
253.1681,294.04657,2673.7527
270.41467,290.5666,2647.555
293.41238,278.2428,2599.07
286.8802,282.6282,2557.5693
280.35254,285.1902,2514.6567
271.6669,288.2295,2488.0493
257.4095,288.7325,2458.3813
242.27954,291.03253,2435.9043
225.16254,291.58307,2417.3953
204.71407,290.11588,2400.8303
184.44171,286.53955,2385.259
164.5668,284.08667,2386.0593
146.58034,274.87592,2386.0247
130.50185,267.2978,2394.0933
116.25885,263.68915,2398.1875
103.1231,259.5022,2407.2515
93.01062,256.36758,2413.8413
84.591064,249.38432,2431.115
76.82124,243.93953,2440.2576
70.017456,238.40271,2452.3196
64.66884,231.97643,2459.367
57.590206,232.45499,2470.9019
54.270157,228.99675,2475.6682
52.01631,227.93071,2486.5547
45.68306,231.57852,2501.4993
41.219677,234.91223,2508.9734
38.69788,234.21391,2512.2156
35.738415,235.03297,2514.3325
32.748783,237.02252,2515.3757
27.933128,239.39807,2516.3984
25.196793,244.86476,2515.3137
23.44403,249.10179,2515.1294
20.0853,252.58669,2506.1697
16.617199,258.33978,2510.7917
15.759567,264.8551,2513.1333
14.132475,274.67303,2513.919
12.512281,282.03693,2523.9753
13.469631,287.0018,2527.9343
15.530523,291.95004,2538.026
14.958238,294.51028,2543.5774
17.371376,295.25977,2556.83
18.669521,297.70425,2570.5945
19.075605,301.55835,2587.3345
17.765495,304.8551,2605.3699
17.564579,305.91412,2613.347
15.359743,306.3168,2627.3372
12.909143,306.61838,2644.847
7.4999733,306.05008,2665.3333
0.7323036,303.49283,2681.7815
-6.5747757,303.98056,2709.608
-16.769875,302.9403,2733.5374
-26.74996,302.91238,2755.9946
-38.88065,306.60254,2777.6863
-54.59069,308.29834,2810.0796
-71.11961,311.2335,2837.7454
-87.46388,314.05365,2851.5583
-106.6868,318.4421,2869.9878
-125.75524,321.25934,2879.231
-148.96005,328.2604,2906.3445
-173.64017,335.13742,2931.8516
-201.99542,340.7354,2957.19
-227.89305,345.54532,2969.8545
-252.12296,349.55692,2976.1614
-278.3028,355.55902,2991.2976
-305.71182,361.68378,3023.3625
-331.4238,366.31232,3039.4175
-355.9432,369.4369,3060.359
-378.40842,370.97208,3072.2634
-404.95462,374.19952,3079.3118
-430.6583,376.86206,3107.3052
-455.08908,378.195,3134.8032
-476.94287,374.19345,3148.0125
-494.78223,369.42975,3141.644
-514.43365,365.91068,3152.6
-529.24493,361.16174,3157.5337
-545.92786,359.82855,3173.6077
-560.8004,358.3949,3183.1963
-573.2426,358.13556,3200.8838
-586.06085,353.21033,3210.8135
-595.5986,348.72247,3216.29
-603.67957,350.23035,3232.499
-609.89343,351.4898,3239.123
-613.0275,348.72742,3242.428
-613.3789,344.71307,3244.5847
-609.89594,347.24167,3245.6597
-609.02637,344.03842,3245.6812
-604.65466,339.693,3246.5796
-594.4015,339.36075,3233.1038
-585.77594,337.5946,3225.7598
-571.92426,338.0568,3208.7288
-556.5998,340.60345,3199.1396
-546.27985,343.6029,3194.275
-529.7056,348.17102,3178.4045
-510.61902,352.38562,3170.416
-492.0659,358.88818,3152.9028
-471.72086,367.01657,3143.5803
-449.27393,373.40613,3125.9783
-422.55695,386.46594,3105.7417
-398.00452,392.6703,3081.1445
-373.42236,402.82556,3068.6921
-347.68994,415.08246,3050.04
-320.82703,422.31277,3004.164
-297.96783,436.0458,2981.2012
-276.596,445.17792,2957.3145
-255.99759,456.71765,2933.756
-237.81311,466.8241,2911.0007
-222.6188,480.32913,2900.1182
-209.6489,490.58975,2882.7354
-200.03569,498.73785,2874.5625
-191.84738,502.07605,2848.481
-185.96748,504.4911,2835.4717
-182.30838,503.83527,2817.4492
-179.68001,504.50046,2808.4292
-181.64143,503.19202,2806.4377
-182.70625,499.56195,2803.4368
-184.95457,496.5982,2803.464
-188.19348,493.4438,2802.47
-191.19688,488.24683,2802.9634
-192.7045,482.38947,2802.7092
-193.87611,477.70233,2802.1096
-196.60097,469.69952,2801.292
-198.0638,465.9926,2800.3887
-198.6907,463.27707,2800.428
-198.29648,459.4004,2801.4426
-197.12128,453.48468,2802.9937
-193.83429,450.37024,2803.675
-189.35661,446.60242,2804.058
-183.8251,441.83453,2803.7468
-178.63718,439.31732,2802.5706
-171.2633,432.04147,2791.5173
-165.1735,425.67096,2786.0222
-157.91959,423.4392,2784.7441
-149.84053,418.61096,2781.1084
-142.28773,413.333,2781.2917
-132.04723,401.08423,2758.8857
-128.42282,390.2901,2769.2173
-124.09297,382.11377,2769.69
-120.63842,377.425,2769.045
-116.73897,374.9724,2777.8818
-121.19988,372.4787,2785.599
-126.44552,373.7292,2795.0452
-128.51237,372.59366,2800.7744
-127.36594,376.56085,2790.4753
-120.76022,373.6835,2781.7717
-124.17058,377.83917,2768.7395
-125.79473,379.5465,2757.8213
-132.3797,373.3531,2753.6497
-107.58426,384.4949,2745.5742
-90.904495,387.23245,2731.3232
-79.63124,389.09613,2714.3093
-73.684395,388.62012,2706.3547
-67.8479,389.23706,2701.8767
-60.909454,388.05676,2690.1643
-55.962242,386.0975,2675.342
-52.92103,385.93085,2666.8804
-46.667263,383.82486,2653.692
-43.80382,382.3246,2646.9893
-39.82837,379.95258,2644.765
-36.138176,378.7127,2642.6042
-35.02832,374.16818,2643.0176
-34.984394,368.97336,2642.7168
-34.736404,366.83002,2650.5652
-38.346912,366.4422,2665.4893
-41.55624,364.39746,2682.452
-44.26565,364.30765,2689.946
-51.598057,362.96152,2704.1963
-59.101696,362.01404,2723.7905
-68.19237,361.68115,2741.0723
-79.37931,363.97208,2760.7026
-92.515976,365.48572,2791.0254
-107.046616,369.56128,2817.1497
-122.8821,371.10675,2841.2786
-139.13004,372.42044,2864.8193
-157.51183,374.83984,2888.0996
-175.58304,374.30017,2910.7285
-195.45659,374.73016,2946.08
-211.92648,375.54266,2964.2559
-230.84152,378.68762,3007.374
-259.19254,392.3494,3020.598
-272.1278,391.07492,3038.58
-288.0679,385.54712,3060.1438
-299.40005,381.80252,3058.0332
-310.21582,376.80457,3070.5322
-320.45032,374.89902,3091.9626
-327.86337,371.86603,3099.6274
-334.906,372.07562,3117.5862
-338.89798,372.02765,3126.095
-338.62186,372.93243,3132.2476
-336.73523,370.14996,3133.8533
-332.35065,366.99246,3135.614
-325.90048,366.48123,3137.0159
-316.71756,366.59802,3123.1924
-306.26468,368.58258,3115.272
-292.89777,371.94113,3112.4106
-278.16992,372.5654,3096.951
-264.75748,377.6987,3089.7056
-246.49814,381.3078,3060.6013
-229.41988,386.89423,3033.5518
-211.09822,395.23724,3007.553
-192.51176,406.92578,2994.9045
-174.1892,417.16473,2976.1033
-157.24509,426.735,2944.0845
-140.68439,438.4675,2917.155
-127.0162,448.8991,2901.9084
-113.72637,461.19196,2871.8765
-101.77036,472.02417,2846.7603
-90.725624,480.6424,2812.331
-80.87631,488.92252,2793.8855
-70.473175,496.50424,2774.617
-63.600098,505.2655,2755.0615
-57.063698,515.35065,2756.3494
-49.76789,524.0601,2756.5466
-40.77191,529.5517,2746.938
-31.617435,535.1939,2733.4634
-19.60981,538.2762,2726.737
-9.24334,541.79987,2712.9387
2.6105156,544.8856,2706.9312
15.464212,550.23596,2703.4055
26.297913,551.8577,2701.8298
40.196453,555.35645,2690.5579
54.1756,557.7476,2685.3833
66.19008,559.2413,2672.178
79.174576,559.20544,2666.0781
91.60065,560.2245,2653.512
103.59574,560.61224,2637.6787
114.02278,557.73773,2620.704
123.350395,554.5049,2602.6702
131.04297,552.1826,2586.0884
137.76923,551.0921,2567.7942
146.49228,554.78577,2550.1428
153.2865,554.68884,2533.3022
162.63086,552.6084,2508.8713
172.51468,553.2726,2495.1245
182.33435,554.8272,2480.2449
193.76294,556.5272,2458.8044
206.67973,552.0634,2436.9944
221.31146,550.8584,2419.096
236.86746,548.0714,2409.2542
249.24536,542.842,2391.112
260.27216,541.99744,2372.7795
258.27533,524.81616,2357.2256
264.24554,502.7749,2340.2344
273.40134,486.44452,2318.0752
272.11908,476.96216,2302.097
263.00436,485.31448,2271.606
257.21637,483.203,2246.1038
248.90135,472.32562,2219.5295
239.43161,454.46423,2198.1865
227.75458,436.6018,2175.9858
216.19922,415.53702,2153.7388
205.44139,393.90906,2141.169
191.93954,371.7105,2122.3223
177.86351,348.72076,2101.415
163.04437,328.43173,2090.5168
147.93178,309.12085,2068.75
133.9676,292.83292,2053.3257
120.42915,276.54736,2039.641
104.53599,262.04504,2021.347
88.74988,247.59882,2013.1378
74.04874,234.24068,2002.658
58.22384,220.87186,1997.8807
42.503693,207.99745,1986.1285
27.546867,194.74437,1974.3412
11.798874,181.50702,1973.0112
-3.3093796,169.0701,1972.6606
-18.754608,156.96916,1967.579
-30.995544,143.72289,1964.5245
-44.582844,132.0855,1963.4054
-56.972137,120.06152,1963.2789
-69.27559,108.74686,1957.7089
-80.48167,100.292404,1954.4983
-89.46535,92.47322,1953.4188
-97.460526,83.37802,1947.4037
-104.085205,75.11162,1944.4282
-109.38219,69.42059,1938.4303
-113.59126,64.99364,1934.9484
-117.213486,60.24156,1933.1975
-121.51581,61.051712,1928.3193
-124.91951,62.128876,1924.8848
-125.86059,62.915375,1919.1661
-126.05955,65.48653,1912.2863
-126.16307,70.24344,1902.86
-123.62433,73.65227,1898.1241
-121.92258,78.01349,1891.7366
-120.5012,84.92473,1892.0712
-120.23679,93.17952,1892.2487
-119.13818,99.847565,1888.8599
-118.80573,110.05792,1886.6714
-119.68388,122.47354,1886.5538
-119.55007,136.36499,1886.483
-122.11618,150.33311,1884.9446
-123.15081,163.01581,1885.1796
-124.82354,175.07253,1884.3053
-126.1588,186.20996,1888.8665
-125.80385,193.8812,1890.6458
-123.57262,199.3991,1893.0403
-121.10614,201.91106,1894.2448
-113.714066,198.56151,1893.325
-105.35781,195.19084,1892.8574
-93.65327,184.56342,1893.145
-82.37967,172.94046,1893.2848
-68.164116,160.85728,1888.3491
-52.52187,147.9648,1886.361
-35.72149,132.50214,1889.3462
-17.71273,120.20854,1881.9796
0.6362419,107.26663,1878.7565
20.01574,97.242615,1881.5591
38.62953,85.13191,1883.4277
57.252716,76.16855,1892.8397
77.09001,68.26988,1897.5535
96.67026,64.489944,1909.361
116.770836,62.203705,1925.223
136.00978,61.298264,1938.7062
155.83348,62.796677,1950.4543
172.58914,64.95868,1966.8435
190.27301,73.12721,1985.078
206.63174,83.478424,2005.7677
220.38942,97.85582,2021.0905
232.44785,114.613235,2034.7388
242.92422,133.38593,2051.0815
252.5763,156.04485,2071.7798
258.661,179.1857,2087.608
261.81305,202.53963,2102.0144
264.08368,226.9162,2114.223
263.3391,250.5711,2126.8286
261.63892,274.94205,2139.1582
257.67294,296.51834,2138.7976
254.49101,318.28058,2145.1267
249.35738,333.89465,2154.8486
242.93715,347.91522,2152.1443
236.35832,359.81265,2151.8167
230.89508,372.64935,2152.1628
224.18802,379.2904,2146.3096
216.01105,381.14944,2137.3718
209.1824,383.38272,2132.3684
201.14803,379.9127,2123.8516
191.90532,374.6819,2114.0598
181.46802,369.19724,2097.6765
168.95006,363.5667,2088.9326
153.90048,356.20273,2073.5627
139.13972,347.2629,2054.3154
122.497345,340.13995,2045.3022
104.39253,328.50647,2024.2675
84.13598,320.7885,2014.232
63.866608,311.81967,2003.6827
42.188152,306.03604,1993.8452
19.690842,298.35968,1977.4846
-3.2027202,291.85147,1974.8086
-25.525467,287.01514,1968.506
-47.869892,280.71594,1965.8595
-71.63589,274.5534,1958.5939
-93.97944,270.09998,1950.9762
-114.74721,267.9781,1941.6798
-135.13475,261.7765,1932.0492
-155.28601,261.53674,1932.7365
-173.24806,258.3198,1927.5834
-187.78433,254.62274,1916.0112
-200.49872,253.08546,1904.7332
-210.5164,253.02304,1900.0768
-218.48363,251.42424,1891.7505
-224.17532,248.20734,1885.0891
-229.21124,245.50125,1877.2876
-229.85,242.475,1867.3993
-227.99799,241.02742,1861.9268
-225.08269,238.65312,1860.6566
-219.02045,235.7767,1859.5267
-210.35968,233.17923,1853.9225
-200.74017,229.11134,1855.6235
-188.59172,224.05066,1856.4475
-173.91858,220.27773,1856.8793
-159.56544,216.55261,1866.5724
-142.49326,211.42061,1871.3682
-126.90493,206.45988,1877.2922
-111.3607,200.45274,1885.762
-97.138306,197.41003,1894.0217
-84.86658,195.61777,1904.2019
-73.64425,191.33432,1904.3489
-66.21294,188.0115,1908.9124
-59.92335,184.73135,1915.1864
-57.714897,180.15097,1914.8192
-59.715355,179.00931,1913.6283
-66.082504,177.71835,1913.029
-75.9192,177.30411,1908.2115
-88.904335,174.61563,1900.8049
-104.19683,173.0376,1896.559
-121.47198,171.47855,1889.9504
-141.21051,174.25531,1882.1625
-163.35934,175.39644,1878.756
-184.32333,179.94026,1867.54
-205.70547,187.05711,1861.9744
-228.01103,196.45772,1855.1945
-250.27444,210.54233,1851.3157
-271.3986,229.16573,1849.9104
-289.42017,251.51318,1845.1721
-307.5706,275.41028,1842.3177
-324.03806,301.6784,1840.8887
-339.16443,328.08792,1836.1483
-354.42664,355.98462,1838.7856
-367.0803,388.16315,1843.056
-380.49542,416.13263,1845.7062
-390.59296,443.04813,1847.0228
-401.87842,470.9452,1852.1954
-410.32718,496.3236,1855.2822
-418.36923,519.53094,1860.8165
-425.29492,536.2678,1863.0947
-429.7842,554.8371,1869.7161
-437.06894,568.59595,1881.055
-441.47354,579.0578,1887.2327
-444.8349,586.04553,1890.8064
-447.28256,590.31934,1896.5829
-448.0364,593.0692,1899.9857
-448.60635,591.65063,1901.683
-448.2848,591.31757,1907.0005
-447.91763,587.37274,1910.1913
-445.89395,581.62915,1911.7715
-442.97372,574.5652,1912.5524
-440.84854,566.63983,1916.9564
-436.37973,557.2766,1915.1486
-431.97964,548.20776,1918.2625
-427.38577,539.4135,1920.8221
-423.22156,531.8978,1926.114
-418.70483,519.9408,1924.7323
-411.84262,507.16003,1922.5314
-404.93292,497.07593,1926.4546
-397.5594,484.35156,1924.4039
-388.33597,470.6325,1921.3674
-377.12415,461.16437,1917.8694
-365.12766,451.0445,1920.6234
-353.35455,440.21344,1920.008
-338.27692,431.9956,1916.2095
-321.71564,421.87482,1909.8286
-308.07315,409.94705,1902.6499
-292.8212,400.5362,1897.5782
-278.47302,388.99564,1894.5391
-264.58435,381.91577,1893.4939
-250.41318,373.17633,1888.4736
-236.9266,363.28784,1885.4724
-222.92975,356.82187,1888.947
-208.5148,352.71457,1890.7036
-192.89244,348.0014,1887.5665
-176.93,343.56226,1890.4829
-159.23534,341.3783,1887.4296
-142.62436,338.31827,1885.3713
-125.891235,336.29898,1884.3312
-344.99017,557.33276,2051.2163
-340.33255,555.74774,2055.357
-334.77142,554.9901,2056.9312
-330.2599,553.022,2063.221
-326.88858,554.3014,2077.8447
-322.27844,552.9338,2084.663
-317.39996,553.24774,2094.62
-310.5388,552.8972,2099.5842
-303.36606,552.38995,2102.2607
-297.89157,557.22784,2115.5166
-289.00385,557.3218,2128.1184
-279.54922,556.536,2134.6797
-270.18237,558.9215,2144.6558
-260.89386,558.2291,2148.584
-248.93208,555.94354,2156.522
-237.63052,555.7129,2167.6096
-226.70071,555.0786,2180.0305
-216.23131,553.662,2191.732
-205.68852,549.5929,2198.0774
-192.8226,545.3469,2200.2292
-179.29742,542.7478,2207.853
-166.37042,540.7278,2218.6326
-154.45471,540.2555,2224.031
-145.52428,538.93677,2228.7422
-137.31424,540.0952,2235.6003
-129.70554,540.74854,2246.041
-120.68199,540.0534,2243.7568
-113.911156,541.3814,2250.6199
-105.665054,541.1481,2253.542
-96.68084,540.452,2255.0137
-87.646484,538.7006,2248.745
-78.047455,536.2529,2246.1191
-68.27609,535.2543,2244.296
-58.26167,538.13727,2242.8757
-48.0414,541.7151,2236.186
-37.431557,543.3344,2232.3142
-27.056171,541.5899,2223.9421
-17.803225,544.1133,2213.717
-8.383726,544.84174,2195.6335
2.279911,544.62256,2181.0552
11.341156,541.2778,2160.7693
20.232506,539.46234,2145.118
28.831602,536.0593,2120.2822
38.21538,535.4556,2100.375
47.19975,536.73,2074.439
54.398617,538.50745,2049.9583
60.371246,543.49585,2028.2157
66.64126,547.50464,2001.3234
73.43503,550.8084,1977.3871
78.9342,553.59247,1949.428
83.88113,556.119,1926.9498
88.763336,557.93036,1901.2107
92.82201,556.4928,1875.339
96.26467,559.0204,1856.9021
100.564964,558.5065,1838.6859
106.5492,561.59424,1825.0795
112.049576,563.36584,1806.7706
117.2233,563.89343,1793.111
123.395065,563.26624,1778.2858
127.65627,563.8157,1765.8649
134.16406,562.8201,1756.1501
140.17677,562.50586,1743.3044
148.88974,559.8297,1732.8691
157.40157,558.23694,1724.1621
166.8165,555.82684,1716.7971
176.30098,555.5904,1708.1232
186.49873,558.026,1704.263
196.8108,555.4115,1694.8405
210.93832,554.2147,1689.6455
226.5018,551.32074,1687.0292
243.34375,551.5698,1682.7174
262.31387,549.24524,1676.0974
281.22726,545.3499,1665.7996
302.8661,543.7239,1658.6055
326.9864,545.666,1653.5353
353.07132,548.58826,1649.0029
381.93555,557.4259,1649.2219
409.1484,561.81067,1645.3328
436.31918,564.1963,1639.8904
462.14432,566.29645,1630.1812
489.1136,565.8499,1621.828
515.67883,565.71185,1617.6371
545.9595,562.933,1603.0618
574.29913,560.37915,1597.253
597.8731,551.5834,1579.8613
613.8079,558.5399,1567.1635
629.2491,553.98224,1555.8251
644.6299,546.4344,1545.147
655.87195,541.735,1529.3041
669.2088,536.83374,1514.8917
674.1029,529.25885,1502.6483
678.1259,520.3538,1495.5555
681.38354,509.4513,1481.4955
685.17926,552.54456,1437.3434
679.172,580.454,1408.6194
669.789,598.9527,1386.2493
660.4708,604.5352,1378.0143
639.77734,605.77216,1371.8159
621.16504,604.96594,1358.1908
621.6811,558.3868,1360.9521
607.5056,510.1778,1339.6724
592.6181,478.58466,1315.5382
573.79474,447.7577,1295.5381
585.66516,426.31052,1278.1814
602.944,428.22247,1238.6641
611.50604,425.5915,1207.8274
615.7824,424.27295,1192.427
617.9204,423.6121,1184.736
618.9892,423.28033,1180.8978
619.5223,423.11426,1178.9799
619.7878,423.03137,1178.02
619.92004,422.98758,1177.5525
619.98553,422.9662,1177.316
620.0178,422.95587,1177.1959
620.0335,422.9516,1177.1315
620.0417,422.95007,1177.0961
620.04443,422.94635,1177.0936
620.0468,422.94672,1177.081
620.049,422.949,1177.0636
620.04803,422.9458,1177.0773
620.049,422.9471,1177.0692
620.04913,422.94705,1177.0688
620.0484,422.94556,1177.0763
620.0484,422.94556,1177.0762
620.04846,422.94562,1177.076
620.04846,422.94562,1177.076
620.0484,422.94562,1177.076
620.0484,422.94562,1177.076
620.0484,422.9456,1177.076
620.0484,422.9456,1177.076
620.04834,422.9456,1177.076
620.04834,422.9456,1177.076
620.0483,422.9456,1177.076
620.0483,422.94556,1177.0762
620.0482,422.9456,1177.076
620.0482,422.9456,1177.076
620.0482,422.9456,1177.076
620.0482,422.94556,1177.076
620.0489,422.94702,1177.0685
620.04816,422.94556,1177.076
620.04816,422.9456,1177.076
620.0489,422.94705,1177.0685
620.04816,422.94556,1177.076
620.0481,422.94556,1177.076
620.0481,422.94556,1177.076
620.0481,422.9456,1177.076
620.0481,422.94556,1177.076
620.04803,422.94556,1177.076
620.04803,422.94556,1177.076
620.04803,422.94556,1177.076
620.04803,422.94556,1177.076
620.048,422.94556,1177.076
620.048,422.94556,1177.076
620.04803,422.94556,1177.076
620.048,422.94556,1177.076
620.0479,422.94556,1177.076
620.048,422.94556,1177.076
620.048,422.94556,1177.076
620.0479,422.94556,1177.076
620.04785,422.94553,1177.076
620.04785,422.94556,1177.076
620.0479,422.94556,1177.076
620.0471,422.9441,1177.0837
620.0478,422.9456,1177.076
620.04785,422.94556,1177.076
620.0471,422.9441,1177.0837
620.0478,422.94556,1177.076
620.0478,422.94556,1177.076
620.0478,422.94556,1177.076
620.0478,422.94556,1177.076
620.0477,422.94556,1177.0759
620.047,422.9441,1177.0837
620.0477,422.94556,1177.076
620.0477,422.94556,1177.076
620.04767,422.94556,1177.076
620.04694,422.9441,1177.0836
620.04767,422.94556,1177.076
620.04767,422.94556,1177.076
620.04694,422.9441,1177.0836
620.0476,422.94556,1177.076
620.0476,422.94556,1177.0759
620.0476,422.94553,1177.076
620.04755,422.94556,1177.076
620.04755,422.94556,1177.076
620.0468,422.9441,1177.0837
620.04755,422.94556,1177.076
620.0468,422.9441,1177.0837
620.0475,422.94556,1177.076
620.04675,422.94406,1177.0836
620.0475,422.94556,1177.076
620.0475,422.94556,1177.076
620.0474,422.94553,1177.076
620.0467,422.94406,1177.0837
620.0474,422.94556,1177.076
620.0474,422.94553,1177.076
663.8538,449.765,1065.9937
297.00128,456.3167,1131.4263
68.10877,421.32336,1133.5184
-28.526382,416.0619,1120.0277
-76.83976,413.437,1113.2855
-100.99486,412.12717,1109.9154
-113.071014,411.47406,1108.2313
-119.10576,411.15057,1107.3914
-122.11824,410.9898,1106.9758
-57.63891,346.3908,1101.9125
60.814102,163.42876,1161.055
120.067924,71.91544,1190.6414
149.70108,26.150017,1205.436
164.51988,3.2662773,1212.8336
171.93112,-8.17458,1216.5326
175.64027,-13.894408,1218.3828
64.50265,-15.176682,1115.3757
8.936783,-15.81197,1063.876
-18.845215,-16.132284,1038.1277
-32.733994,-16.297539,1025.255
-39.67952,-16.383957,1018.8174
-43.150803,-16.436436,1015.5984
-44.888702,-16.460619,1013.9871
-45.758682,-16.467463,1013.1813
-46.19162,-16.471447,1012.7803
-46.406677,-16.461184,1012.5829
183.76831,-20.48487,1017.07556
298.90195,-22.544098,1019.3133
356.4784,-23.58049,1020.4259
385.26935,-24.097717,1020.9831
430.12717,348.30258,1036.3379
452.50162,535.1551,1043.6051
475.4569,640.8581,1003.1759
486.95465,693.73785,983.0095
492.70636,720.18164,972.9406
495.5826,733.40424,967.90955
497.0207,740.0156,965.394
497.73993,743.3215,964.1355
498.09967,744.9747,963.5034
498.28085,745.80237,963.1786
498.39066,746.2226,962.9777
498.53323,746.42377,963.06915
498.57004,746.52045,963.10895
498.51105,746.57184,963.00525
498.4927,746.59814,962.96124
498.49936,746.6106,962.9651
498.5025,746.6168,962.967
498.48123,746.62115,962.92773
498.50488,746.62146,962.9686
498.50522,746.6222,962.9689
498.49335,746.6232,962.9479
498.49338,746.6234,962.94794
498.50525,746.6228,962.9692
498.50528,746.62286,962.9692
498.5052,746.6229,962.96924
498.50507,746.62286,962.9693
498.48215,746.62415,962.929
498.50497,746.62286,962.96936
498.50485,746.62286,962.9694
498.5048,746.62286,962.9695
498.50473,746.6228,962.9695
498.5046,746.6228,962.96954
498.4925,746.6234,962.9484
498.5182,746.6221,962.99365
498.50443,746.62274,962.96967
498.49222,746.6234,962.9486
498.50427,746.62274,962.9698
498.50418,746.6227,962.96985
498.5041,746.6227,962.96985
498.49188,746.6233,962.9488
498.50397,746.6227,962.97
498.50385,746.6226,962.97003
498.50378,746.6227,962.97003
498.50372,746.6226,962.97003
498.5036,746.6226,962.97015
498.50354,746.62256,962.9702
498.49127,746.6232,962.94916
498.50336,746.62256,962.9702
498.5033,746.62256,962.97034
498.50323,746.62256,962.97034
498.5031,746.6225,962.9704
498.50305,746.6225,962.97046
498.503,746.62244,962.9705
498.50287,746.62244,962.9706
498.5028,746.62244,962.9706
498.50278,746.62244,962.97064
498.47922,746.62354,962.9307
498.50256,746.6224,962.9707
498.5025,746.6224,962.97076
498.5024,746.6223,962.9708
498.50232,746.6223,962.9709
498.50226,746.6223,962.97095
498.50214,746.6223,962.97095
498.5021,746.6223,962.971
498.502,746.6223,962.97107
498.5019,746.6223,962.9711
498.50183,746.62225,962.9712
498.5018,746.6222,962.9712
498.50165,746.6222,962.97125
498.48917,746.6228,962.9504
498.50153,746.6222,962.9714
498.48898,746.6228,962.9505
498.50134,746.6222,962.97144
498.50128,746.62213,962.9715
498.50116,746.6221,962.97156
498.5011,746.6221,962.9716
498.50104,746.62213,962.9716
498.50098,746.6221,962.97174
498.50085,746.6221,962.97174
498.5008,746.622,962.9718
498.50073,746.6221,962.9718
498.5006,746.622,962.9719
498.50055,746.622,962.9719
498.5005,746.62195,962.972
498.50037,746.62195,962.97205
498.50027,746.6219,962.9721
498.50024,746.6219,962.97217
498.50012,746.62195,962.97217
498.50006,746.6219,962.9722
498.49997,746.6218,962.9723
498.49985,746.6218,962.97235
498.49982,746.6218,962.97235
498.47565,746.6228,962.93286
498.4996,746.6218,962.97253
498.49954,746.6218,962.97253
498.49948,746.62177,962.97253
498.49936,746.6217,962.97266
498.49927,746.6217,962.9727
498.49924,746.6217,962.9727
498.4991,746.6217,962.9728
498.49902,746.6217,962.97284
498.51343,746.62103,962.99646
498.49884,746.62164,962.97296
498.49878,746.62164,962.973
498.49872,746.6216,962.9731
498.49857,746.6216,962.9731
498.49854,746.6216,962.97314
498.49847,746.6216,962.9732
498.48553,746.6221,962.9526
498.49826,746.6215,962.9733
498.4982,746.62146,962.9733
498.49808,746.62146,962.97345
498.49802,746.6215,962.97345
498.49792,746.62146,962.9735
498.4979,746.6214,962.9736
498.4849,746.62195,962.953
498.49768,746.6214,962.9737
498.49762,746.6214,962.97375
498.4975,746.62134,962.9738
498.49744,746.62134,962.9739
498.49738,746.62134,962.9739
498.4726,746.62225,962.9347
498.4972,746.62134,962.974
498.49713,746.62134,962.97406
498.49698,746.6213,962.9741
498.49692,746.6212,962.9741
498.48386,746.6217,962.9537
498.49673,746.6212,962.97424
498.49664,746.6212,962.9743
498.49658,746.6212,962.97437
498.48343,746.6217,962.9539
498.48337,746.6216,962.9539
498.49634,746.62115,962.97455
498.4962,746.6211,962.9746
498.49612,746.6211,962.9747
498.49606,746.6211,962.9747
498.49594,746.6211,962.97473
498.49585,746.62103,962.97485
498.4958,746.62103,962.9749
498.4957,746.62103,962.9749
498.4956,746.621,962.975
498.4955,746.621,962.9751
498.49542,746.621,962.9751
498.49536,746.62085,962.97516
498.49527,746.6209,962.97516
498.5101,746.6204,962.99854
498.4951,746.62085,962.97534
498.49503,746.6208,962.97534
498.49487,746.62085,962.97546
498.4948,746.62085,962.9755
498.49475,746.6208,962.9755
498.49463,746.6208,962.9756
498.49454,746.6208,962.9757
498.50952,746.62024,962.9989
498.49435,746.6207,962.97577
498.4943,746.6207,962.9758
498.4942,746.6207,962.9759
498.49414,746.62067,962.97595
498.49402,746.62067,962.976
498.49396,746.62067,962.976
498.49387,746.6206,962.97614
498.49374,746.62054,962.9762
498.49368,746.6206,962.9762
498.49362,746.6206,962.9763
498.49347,746.62054,962.9764
498.49338,746.6205,962.97644
498.49335,746.62054,962.97644
498.49323,746.6205,962.97656
498.49313,746.6205,962.9766
498.49304,746.6205,962.9767
498.49292,746.6205,962.9767
498.49286,746.6204,962.9768
498.4928,746.62036,962.9768
498.5261,746.6194,963.02716
498.49258,746.62036,962.977
498.49252,746.62036,962.97705
498.49237,746.62036,962.97705
498.4923,746.6203,962.9771
498.5076,746.6199,963.0002
498.5075,746.6198,963.00024
498.52567,746.6193,963.02747
498.50735,746.6199,963.0003
498.49185,746.62024,962.9775
498.52548,746.61926,963.0276
498.4917,746.6202,962.97754
498.507,746.61975,963.0005
498.4915,746.6201,962.9777
498.52524,746.61926,963.0278
498.49127,746.6201,962.9778
498.5067,746.6197,963.0008
498.49115,746.62006,962.97797
498.49103,746.62006,962.97797
498.49094,746.62006,962.978
498.49084,746.62,962.97815
498.49078,746.62,962.9782
498.49066,746.62,962.9782
498.50616,746.61957,963.0011
498.4905,746.6199,962.9784
498.50598,746.6195,963.0012
498.49033,746.61993,962.97845
498.49023,746.6199,962.9785
498.50574,746.61945,963.0014
498.49002,746.6198,962.9787
498.48996,746.6198,962.9787
498.5055,746.61945,963.0016
498.50543,746.6194,963.00165
498.4897,746.61975,962.97894
498.48956,746.61975,962.979
498.52386,746.6189,963.02875
498.5238,746.6189,963.0288
498.505,746.6194,963.0019
498.52368,746.6189,963.0288
498.50488,746.6193,963.002
498.5235,746.61884,963.029
498.52347,746.61884,963.029
498.50467,746.6192,963.0022
498.52332,746.61884,963.0291
498.50446,746.61926,963.0023
498.5044,746.6192,963.0023
498.5231,746.6188,963.02924
498.48834,746.6195,962.97986
498.50415,746.61914,963.0025
498.48813,746.61945,962.98
498.52286,746.6187,963.0294
498.5228,746.61865,963.0295
498.50378,746.6191,963.00275
498.50372,746.619,963.0028
498.50366,746.619,963.00287
498.48755,746.6194,962.9804
498.52243,746.61865,963.0297
498.50342,746.619,963.00305
498.48727,746.61926,962.9806
498.50323,746.61896,963.0032
498.50314,746.6189,963.00323
498.50305,746.6189,963.0033
498.4869,746.61914,962.9809
498.522,746.6185,963.03
498.50284,746.61884,963.0034
498.50272,746.61884,963.00354
498.5218,746.6185,963.0302
498.5026,746.6188,963.0036
498.50247,746.6188,963.00366
498.52158,746.6184,963.03033
498.52155,746.61847,963.0304
498.52142,746.6184,963.0304
498.52136,746.6184,963.0305
498.5021,746.6187,963.004
498.52124,746.61835,963.0306
498.52118,746.6183,963.03064
498.52112,746.61835,963.0307
498.5017,746.61865,963.0043
498.50165,746.6186,963.0043
498.5209,746.6183,963.0308
498.5208,746.6183,963.0309
498.52075,746.6183,963.03094
498.52072,746.6183,963.03094
498.5206,746.6182,963.031
498.52054,746.6183,963.0311
498.5205,746.6182,963.0311
498.50095,746.6185,963.00476
498.52036,746.61816,963.03125
498.50082,746.6184,963.00494
498.5007,746.6184,963.005
498.52014,746.61816,963.0314
498.52008,746.61816,963.03143
498.51996,746.6181,963.0315
498.50037,746.6183,963.00525
498.51987,746.61804,963.03156
498.51978,746.61804,963.0317
498.5197,746.61804,963.0317
498.51965,746.618,963.03174
498.49994,746.6182,963.0055
498.5195,746.61804,963.03186
498.51944,746.618,963.0319
498.49973,746.6182,963.00574
498.5193,746.618,963.03204
498.51923,746.6179,963.0321
498.4994,746.6181,963.0059
498.51907,746.6179,963.03217
498.51904,746.6179,963.0322
498.51898,746.61786,963.0323
498.51886,746.61786,963.03235
498.5188,746.61786,963.03235
498.51877,746.61786,963.0325
498.51865,746.61786,963.0325
498.5186,746.6178,963.03253
498.51855,746.6178,963.03265
498.51843,746.6178,963.03265
498.51837,746.6178,963.0327
498.5183,746.6177,963.0328
498.51822,746.61774,963.03284
498.5182,746.6177,963.0329
498.51813,746.6177,963.0329
498.518,746.6177,963.03296
498.51794,746.6177,963.0331
498.5179,746.6176,963.0331
498.5178,746.6176,963.03314
498.51773,746.6176,963.0332
498.5177,746.61755,963.03326
498.4975,746.61774,963.0074
498.51752,746.61755,963.0333
498.51746,746.61755,963.03345
498.49722,746.6176,963.0076
