499.4066,560.60846,2603.7856
497.13754,573.32874,2602.2139
500.7171,573.39026,2598.7112
493.86224,568.83545,2593.8213
490.87973,562.3392,2583.7214
485.54733,557.3263,2577.9702
476.4715,560.7883,2574.4634
481.22372,568.0921,2580.0376
459.90588,562.52966,2557.3567
459.86288,563.94666,2558.6404
443.20404,565.61053,2549.6462
435.8865,571.7634,2548.256
430.89728,566.3284,2546.104
415.22842,566.3486,2536.586
403.833,565.32446,2527.0095
396.84143,567.135,2534.8855
384.90717,561.38635,2535.8154
382.34146,564.5504,2537.713
367.82568,564.9609,2533.6887
353.00455,571.6714,2533.3508
355.0784,574.67615,2522.8103
347.82208,579.2641,2517.6545
343.13492,566.1527,2521.4429
331.4159,566.88763,2509.4592
323.9202,565.72864,2509.8706
328.6139,568.183,2507.1914
324.33157,571.7388,2502.3997
315.07532,574.0642,2504.3633
321.7902,575.2327,2490.3171
312.9409,567.3628,2475.4294
319.75012,573.5953,2479.5735
320.20877,572.9647,2472.696
319.17285,572.36914,2451.716
323.3526,576.5946,2455.2043
325.70316,577.28876,2452.1304
327.04892,593.2977,2450.8826
336.876,589.6985,2447.6973
347.28812,587.6359,2440.5112
353.82785,595.2541,2431.5898
360.65427,592.7294,2430.602
367.06738,591.69775,2422.3079
370.3858,593.93384,2415.7888
368.92566,588.3153,2396.4592
378.25345,595.2267,2406.5144
384.32394,597.46136,2410.1206
391.5612,598.4558,2402.7937
401.68335,602.04333,2402.9807
400.86658,593.3253,2396.23
401.94757,595.4729,2402.0178
403.17416,593.7661,2398.7537
402.84637,590.1226,2396.1902
407.7431,590.7468,2400.0352
407.78043,587.88916,2401.3755
402.8251,584.77905,2405.307
399.3376,581.9031,2402.528
402.57645,584.9572,2414.2815
400.56656,583.5088,2417.9136
393.85974,583.0242,2425.7185
382.9314,574.70715,2434.8867
382.1764,570.60876,2442.9155
376.2315,573.6985,2454.0022
368.52866,574.27747,2460.633
367.0523,569.5554,2479.2505
363.60178,584.8628,2505.417
350.10254,580.31824,2511.7783
352.5224,584.819,2510.8313
349.29263,584.8342,2520.8047
347.14658,578.23193,2535.6113
335.11258,581.32495,2537.069
334.9777,581.305,2546.9336
333.2259,587.1611,2560.0613
331.6499,588.20715,2564.8638
336.19443,588.5764,2580.5056
343.90662,578.0883,2596.5579
351.58698,577.37335,2605.9883
357.7202,574.3804,2610.6074
358.50073,575.5655,2615.6338
372.88797,575.204,2633.1543
383.0891,584.77386,2638.4624
390.11566,591.3812,2648.959
393.0065,582.5307,2654.2249
403.37265,587.2706,2667.9644
407.0101,586.603,2676.744
411.28836,588.368,2681.1948
415.68472,586.39166,2686.071
418.0485,577.2269,2678.3708
422.79764,577.3034,2683.1921
429.76364,574.56525,2680.5815
430.84195,577.0486,2685.6313
430.29965,581.1453,2694.7302
433.2908,575.14124,2700.0454
432.9202,572.08057,2708.8735
430.13257,572.7328,2706.6533
426.74356,573.7717,2732.6165
429.20557,576.30566,2740.761
430.68805,576.496,2756.3901
430.9141,582.3004,2776.0178
425.4929,575.1874,2791.8127
423.92712,582.6555,2814.6885
420.11664,577.4385,2811.4797
406.42523,574.4171,2827.0981
406.22763,573.0353,2840.672
405.9168,553.6162,2847.5728
399.15454,542.85205,2842.7373
404.0087,539.6386,2857.7783
404.36093,529.55707,2852.9565
404.86044,518.69525,2848.7476
408.32315,510.93286,2853.4941
419.80408,492.09647,2846.9885
423.34818,468.3987,2850.2878
437.68106,445.5163,2845.664
455.6838,395.84583,2828.528
448.9809,373.99396,2824.7537
458.1385,342.23578,2839.2944
459.036,314.76373,2827.5142
470.03833,289.17642,2823.643
479.43274,267.52356,2840.0325
474.51837,222.15158,2823.4385
484.11578,187.26797,2819.0933
479.44202,153.41423,2829.9412
471.83685,124.77021,2826.5962
484.51245,97.47536,2825.5957
488.74634,69.11463,2821.6702
485.58588,47.376366,2828.8337
491.0628,29.206593,2832.6245
493.62323,12.324516,2838.9958
484.37097,-15.763435,2841.7502
480.1897,-34.555435,2844.1143
479.7508,-47.26741,2851.7874
480.334,-65.82466,2847.2312
470.5583,-78.4153,2840.7112
476.01855,-98.53,2846.1917
466.29202,-109.67786,2855.033
467.0595,-128.49031,2868.562
448.78183,-136.51137,2875.8535
454.51764,-153.02509,2881.3396
443.7301,-156.54787,2878.6943
437.43417,-151.8066,2888.0435
431.70282,-170.44223,2878.6514
416.17746,-175.93874,2871.9111
400.954,-191.48358,2879.8572
389.91266,-192.77979,2881.2178
383.90918,-206.15184,2889.455
372.39877,-216.69824,2863.536
359.7476,-216.35133,2857.892
352.57782,-221.01553,2870.7603
336.63812,-221.83972,2866.1086
315.52612,-221.97157,2846.6223
299.71246,-230.83629,2831.9194
273.19812,-227.30246,2844.1138
259.11914,-227.62874,2837.2815
247.84427,-236.9841,2824.4243
236.58344,-255.65094,2813.4316
211.60503,-233.04095,2812.4749
186.04715,-230.6266,2792.3474
174.34279,-205.92935,2786.0854
156.07239,-236.35002,2778.6648
150.65967,-233.79335,2769.147
122.52025,-217.30121,2775.6592
103.329636,-241.41512,2757.0588
85.803314,-238.86702,2760.8716
92.49995,-231.46594,2757.8208
69.948654,-234.76033,2752.8552
62.0243,-246.58641,2754.7573
47.411316,-247.78821,2760.5042
33.970444,-263.62665,2765.5803
28.069096,-254.2327,2765.7095
22.10242,-250.44792,2756.8064
21.630196,-238.31299,2764.27
17.382238,-250.31125,2763.0918
16.705772,-249.72023,2772.2969
15.107684,-262.33365,2777.8723
13.893203,-256.8339,2796.1697
13.815228,-273.49167,2785.5151
-6.323929,-252.58833,2745.564
15.103209,-251.16057,2784.8071
42.160545,-232.48804,2786.6973
-8.689129,-249.7268,2760.6946
24.520172,-232.68277,2797.4585
48.105812,-244.68216,2844.7163
28.678808,-218.64615,2808.349
44.540512,-246.31905,2828.8977
53.584843,-223.33543,2816.1343
37.1383,-220.75346,2808.313
48.09826,-254.72548,2799.9766
48.85727,-249.75323,2796.4563
51.823414,-253.53505,2799.8765
60.880135,-267.2688,2786.1665
75.69303,-259.66272,2802.1233
89.35434,-247.28502,2798.1418
89.69772,-249.87099,2792.162
86.95928,-250.544,2775.4033
90.44416,-258.07092,2776.2852
84.87515,-250.07953,2771.764
94.25476,-254.76144,2765.4937
95.12294,-256.18445,2776.8286
87.789604,-251.91129,2754.3228
86.53623,-249.4876,2780.7576
82.37654,-235.75056,2760.119
61.999985,-236.43253,2760.3833
52.865326,-213.84973,2781.8657
49.534878,-215.17906,2770.8708
32.94439,-207.9294,2776.696
32.887264,-178.46715,2776.4736
14.062592,-180.965,2802.705
23.86813,-167.75177,2783.4128
8.1117325,-71.62201,2831.5327
-0.20618439,-33.459244,2804.8115
9.025948,-31.45697,2815.674
2.1730347,-51.098892,2835.8086
17.499329,-8.5711975,2845.2239
19.441757,-13.181152,2848.529
54.58716,33.67502,2881.1924
55.96393,36.79135,2892.1829
66.945114,59.495667,2867.1257
114.55197,75.65248,2859.45
122.674255,84.703125,2875.9695
157.57008,100.4306,2861.5566
44.53807,370.46924,2948.8713
179.67397,297.46515,2826.0632
186.3248,282.1731,2826.4246
187.92078,271.01364,2825.4917
193.76715,271.04236,2828.9731
199.6642,275.08163,2825.9624
227.11806,299.96838,2823.9922
224.02985,329.9205,2826.8572
234.33638,330.44754,2823.48
410.52142,314.96777,2798.8657
422.73187,329.0727,2812.6328
436.6798,350.5111,2813.592
447.8166,360.30582,2811.0627
457.13443,377.792,2807.4402
456.1532,408.45444,2830.6416
478.39542,414.223,2811.3306
497.2398,417.40518,2802.7937
488.71286,440.25946,2826.679
512.2022,456.95822,2827.7617
508.68005,462.71878,2828.154
511.67697,467.06924,2844.2976
515.6856,474.31372,2845.3083
470.0376,485.37598,2881.0881
462.89026,499.12476,2906.4426
475.15668,506.82855,2911.7395
508.4526,511.02277,2894.123
541.2218,524.32666,2880.355
560.9124,531.89435,2871.8455
581.72485,529.18945,2860.3857
597.24,530.6393,2869.4753
609.2814,535.5509,2873.7314
613.7395,536.0752,2886.8188
632.1103,528.2383,2886.2
644.4433,523.4432,2885.6912
651.11273,519.30035,2891.7532
653.9192,517.1636,2894.2493
662.32526,511.9433,2899.0564
671.22473,508.73627,2905.7214
686.3173,495.53296,2899.365
693.74567,488.2142,2895.44
699.51514,477.3993,2895.3682
700.97974,466.8529,2900.8672
701.20374,453.4038,2893.6428
717.4463,443.31104,2898.8271
729.3771,437.9657,2895.3645
734.2056,427.0034,2894.6572
740.61597,414.5901,2899.4475
741.5528,403.8814,2891.3691
745.31445,394.07867,2892.805
749.4953,378.15768,2898.1602
765.96643,369.84222,2908.044
775.9294,362.25287,2900.6746
788.42065,352.49268,2904.953
789.2942,337.0183,2898.9697
783.2677,324.89166,2890.713
782.9225,312.73135,2881.1145
786.48206,297.32675,2894.9707
805.0178,289.57397,2899.1003
814.5725,285.1427,2892.7734
820.6941,279.82355,2892.9243
828.1376,269.67688,2891.0422
831.35944,255.54729,2897.3313
827.87964,246.99176,2883.1887
819.6281,233.81369,2860.6987
819.47485,226.80818,2859.616
837.7986,213.37762,2873.1685
851.2168,206.8093,2877.826
857.70996,202.8304,2870.156
860.6472,195.7362,2866.17
862.6554,186.05899,2858.8232
857.78015,171.57822,2848.3125
866.64233,162.49382,2846.32
866.86633,153.5064,2851.693
866.13873,145.46619,2852.4192
878.7387,132.27638,2854.6223
900.68726,125.35835,2848.1128
911.945,121.4892,2835.0571
917.087,118.91397,2832.3572
919.14636,105.52427,2837.2197
935.3186,95.23369,2838.7903
957.1637,87.56071,2856.816
968.7239,83.54889,2859.3308
978.72437,80.38197,2834.808
987.41205,79.28113,2826.7483
992.20154,78.721664,2821.4385
994.98,78.47507,2818.3826
1018.15295,78.7922,2832.7683
1026.1667,78.4478,2821.7712
1030.416,78.18528,2813.1306
1038.1923,88.243904,2819.7925
1034.8516,98.88439,2815.695
1047.8468,107.27101,2813.3157
1060.1392,112.26947,2813.5571
1066.9395,116.39853,2816.0242
1053.8848,126.710335,2806.497
1047.8422,134.12646,2785.1895
1051.7368,139.07361,2787.0916
1057.4503,145.66608,2794.7717
1066.1572,151.00623,2804.1426
1075.2327,154.07597,2816.6848
1076.9117,164.28108,2811.5007
1073.899,178.39209,2808.3965
1068.6462,184.97931,2800.388
1068.9777,189.54341,2798.8154
1068.1305,195.91862,2797.4236
1064.7288,203.26817,2783.9087
1065.7852,207.56233,2784.053
1059.3506,217.26868,2774.7646
1063.0315,224.80301,2781.7913
1056.0234,226.25806,2757.3071
1034.7429,235.94232,2740.8003
1021.4148,241.08415,2736.1394
1023.2883,246.91277,2731.6394
1031.0591,255.88617,2727.844
1019.3082,259.72852,2719.4543
1009.3682,261.48273,2713.3362
1014.5924,261.4977,2701.3525
1015.2459,260.44437,2684.3103
1001.4341,251.71004,2669.1936
986.3604,241.36124,2661.399
983.53143,231.93967,2665.3184
976.5231,211.95908,2655.8076
968.4579,191.89441,2647.2046
955.1148,173.35017,2652.6458
942.8876,146.9652,2652.3438
935.7037,115.556435,2654.2466
923.1721,84.839485,2659.6238
899.777,50.64341,2660.0342
886.5326,15.5896225,2663.749
867.8156,-19.758064,2671.3853
850.6998,-60.802216,2675.8118
831.28326,-101.95845,2699.0503
806.7835,-125.237305,2722.7734
775.84265,-154.51962,2735.4766
742.64636,-183.19489,2743.5725
710.48126,-200.32433,2756.1038
676.239,-227.32983,2777.4138
659.10815,-244.75974,2801.3052
634.9808,-266.2845,2812.7805
603.73944,-265.9206,2813.344
594.6496,-262.34875,2832.2263
589.461,-259.12387,2838.8286
584.2075,-243.55003,2843.841
585.4203,-230.86647,2847.6042
600.109,-211.54631,2856.25
613.4715,-195.76872,2872.1902
634.0678,-173.43298,2867.8418
651.52704,-140.82567,2876.8723
661.2478,-102.516624,2878.48
676.4306,-57.832764,2873.7551
689.52606,-5.898445,2880.7573
703.51587,40.83757,2899.8413
703.4928,79.68434,2872.4822
701.90173,138.64503,2858.7817
683.5121,187.8974,2851.9087
668.3826,238.23326,2854.8208
642.73486,285.97043,2836.5364
620.96265,336.31937,2818.485
607.0056,394.8703,2804.3845
580.17175,441.37296,2770.4282
546.2206,482.81158,2750.1094
509.89124,527.2303,2716.9944
466.57245,554.3644,2677.898
426.3023,585.61523,2645.1448
383.08026,604.5853,2599.7224
333.9722,623.6697,2557.693
280.30203,635.1487,2499.8257
228.5469,638.2898,2447.5703
170.04698,633.7781,2388.6692
107.68672,610.5697,2338.495
48.98747,583.14526,2294.1018
-11.018146,549.67865,2250.296
-72.60242,506.74933,2212.4258
-132.72728,451.326,2178.843
-191.2537,399.29053,2146.6836
-248.7233,337.58466,2132.636
-302.96802,276.05316,2124.906
-361.67743,220.63239,2120.6145
-410.92993,168.76257,2123.516
-456.51544,119.29814,2122.6897
-486.0103,65.898285,2144.6404
-508.635,11.91264,2168.1711
-532.42316,-30.818802,2182.6636
-549.0731,-68.408646,2198.3345
-575.6911,-98.65513,2203.2917
-586.7732,-129.96931,2213.595
-603.059,-156.94922,2224.02
-604.3791,-184.14082,2241.0806
-606.01086,-201.2634,2263.702
-596.2794,-211.10721,2277.2546
-579.9199,-217.52963,2295.9163
-556.13916,-218.92453,2313.2502
-535.33167,-219.93436,2334.0747
-509.4911,-208.27272,2346.4148
-481.56537,-200.74268,2364.4158
-437.45554,-182.2294,2361.5276
-396.23828,-171.33617,2364.966
-360.23627,-151.98587,2377.939
-312.41287,-125.41488,2376.4072
-266.95694,-110.06528,2382.424
-229.41644,-100.940895,2388.9197
-181.41309,-83.937805,2390.2756
-148.72755,-74.525406,2390.8333
-104.80252,-69.681755,2388.8835
-60.402374,-71.95216,2359.946
-11.628723,-79.619736,2326.9626
57.410416,-86.3134,2291.1907
146.99635,-89.49273,2258.4895
221.14893,-90.53465,2255.7107
315.4969,-89.27192,2259.4104
404.11176,-85.278404,2271.2974
483.33618,-83.38874,2298.0203
559.23846,-82.34287,2343.4238
612.74133,-74.64485,2389.8015
661.09937,-71.012665,2451.583
697.6909,-71.25259,2524.078
726.0936,-71.397194,2594.5356
753.20807,-85.735504,2663.6401
767.805,-92.35218,2745.8662
778.6869,-105.64272,2823.253
778.8888,-115.131836,2905.053
762.5952,-120.58368,2961.908
720.02747,-123.837654,3003.8403
664.40173,-127.15902,3066.3762
617.19916,-139.25903,3154.6958
580.8273,-157.77066,3229.3528
536.7175,-171.37067,3291.225
480.83966,-175.40457,3345.4856
431.8803,-179.05908,3403.3835
366.0462,-172.7926,3438.2063
371.65863,-212.48347,3363.9866
351.0125,-255.3601,3313.4028
327.38776,-288.708,3266.1262
292.69995,-310.78894,3224.9155
253.41887,-324.53906,3188.1604
208.0543,-334.76282,3154.261
164.40201,-340.2373,3117.5044
125.90198,-344.2315,3090.0542
93.30031,-350.84082,3067.545
60.754433,-348.77972,3043.119
38.089203,-346.44,3020.755
22.42041,-349.51508,3017.9849
16.743378,-350.6957,3011.2153
29.86997,-350.41705,3001.6821
36.28823,-351.80444,2986.5828
36.006016,-354.6635,2972.439
213.73306,-189.00945,3100.087
328.82782,-58.44406,3248.3489
379.4193,106.6205,3371.466
347.3379,268.2721,3396.876
309.68604,386.69217,3381.9675
283.0376,447.67355,3341.5283
260.67606,578.14734,3220.9207
317.12115,548.388,3173.991
328.25024,518.7029,3136.8733
329.05762,492.52008,3114.1333
321.3836,450.76526,3085.4795
308.83588,377.1378,3045.2224
292.19702,298.93408,3004.0522
270.10864,203.09155,2956.0798
238.3949,114.410995,2913.976
98.88546,-56.77661,2817.189
-38.252716,-241.44923,2734.0212
-128.49701,-468.01245,2656.1614
-176.74658,-470.8425,2618.8774
-208.4753,-466.6611,2600.8008
-222.88908,-457.38254,2590.613
-230.94984,-440.9223,2588.8442
-296.66254,-425.55844,2596.364
-363.44916,-401.49615,2634.306
-407.77017,-369.2525,2680.0325
-515.833,-106.125435,2648.0298
-648.323,-15.43325,2617.0864
-760.3201,87.355515,2607.9248
-869.62885,195.2848,2597.8013
-934.6245,330.98337,2611.2344
-957.3606,462.65402,2631.2917
-805.5314,802.4861,2725.7886
-744.936,886.69073,2750.3032
-669.7302,954.72205,2777.0244
-558.77844,959.9756,2793.5862
-457.59702,980.228,2805.0205
-347.32117,981.90106,2824.1843
-253.54277,952.9602,2859.0688
-169.24454,818.9802,2960.0542
-117.83176,660.58606,2992.6814
-51.93269,735.1622,2987.9841
41.596252,749.9858,2932.8818
162.94469,704.3852,2898.8262
290.2718,616.88934,2882.2039
395.963,535.88367,2865.8975
483.35013,439.83643,2855.914
617.2176,239.42287,2837.7375
660.4987,122.74055,2819.4714
683.2849,5.006365,2805.403
701.52026,-106.1192,2786.9563
701.1216,-214.31378,2777.906
692.9237,-318.03583,2763.7393
672.866,-415.26093,2753.099
649.76624,-511.23502,2729.9363
625.9752,-620.0514,2682.75
596.3365,-719.51776,2634.0469
547.8078,-792.4981,2594.6855
490.87402,-840.56976,2564.0513
427.44614,-869.3822,2550.484
353.72308,-877.9335,2525.3113
284.66333,-885.77,2502.5486
230.91052,-894.6638,2495.686
179.36067,-894.5359,2479.8018
126.44658,-886.78766,2462.506
86.309784,-882.2077,2456.0225
44.75861,-881.39294,2441.4812
1.9755135,-880.1934,2433.6692
-36.874855,-875.5581,2431.5525
-72.864815,-875.5881,2432.3457
-104.790306,-876.6717,2431.4646
-136.05652,-862.0818,2429.9336
-164.18607,-854.51794,2430.1653
-194.06277,-840.84796,2433.0178
-216.45981,-820.83734,2443.8984
-239.32286,-784.9879,2457.1128
-258.0291,-759.46985,2468.235
-268.9124,-724.8084,2491.2349
-275.78607,-691.79486,2514.8845
-280.48535,-647.7266,2542.878
-284.52466,-603.7737,2560.3901
-288.2447,-570.0926,2595.122
-313.3011,-543.6356,2652.4473
-330.6715,-523.1384,2693.6963
-338.7927,-503.3988,2713.332
-290.3332,-379.02225,2691.6624
-269.11133,-310.99274,2676.4978
-247.1684,-245.7057,2691.7761
-238.51805,-180.05661,2733.372
-235.36026,-129.81274,2749.456
-214.82687,-64.86097,2774.2388
-184.43887,6.233322,2775.5881
-148.69302,64.68199,2776.9475
-128.52759,103.54321,2786.3628
-83.8882,136.03522,2818.8364
-22.27546,185.67488,2820.399
21.329403,226.36475,2814.313
60.17665,279.46417,2813.606
99.98917,339.61563,2809.8367
135.4605,402.54675,2796.3237
158.51096,461.3282,2789.9104
179.72507,517.6042,2795.6555
193.73523,572.33307,2794.3647
201.7339,616.2835,2805.2053
220.54123,653.26917,2818.3015
229.5976,689.0353,2827.699
238.474,721.59155,2848.4294
258.41632,744.15436,2855.389
277.64252,760.1375,2862.8467
301.70135,764.0437,2873.0378
323.4154,756.5848,2885.141
352.26672,749.23145,2892.2832
382.50122,731.2544,2893.5493
425.7517,712.3842,2891.3386
467.83487,679.0356,2876.8074
518.9296,644.0414,2859.076
576.82544,600.12445,2843.7307
632.1749,544.9247,2830.862
675.9358,476.56396,2800.4373
711.4695,401.20972,2772.2075
741.6665,326.99118,2751.7693
768.885,241.84854,2732.0112
784.7457,168.3583,2711.521
789.1368,93.4003,2686.7654
792.4198,18.73389,2672.1147
776.81506,-49.901184,2659.182
742.128,-100.41717,2640.6206
710.61,-146.18065,2617.3894
683.68823,-189.10417,2596.5361
650.776,-222.95314,2588.0889
616.1549,-247.01761,2576.9158
582.16425,-266.1992,2564.8289
548.2354,-281.38123,2556.1238
517.15924,-304.15927,2554.0176
501.7753,-318.89386,2556.0593
492.00848,-342.45123,2557.5571
399.27054,-291.4494,2500.0813
404.40796,-334.5943,2466.0947
381.54745,-335.87018,2416.2969
346.6765,-357.4523,2371.7925
281.73306,-349.27637,2329.6025
209.017,-353.48404,2294.972
124.51116,-369.78253,2260.869
-142.4729,-340.18066,2238.2085
-245.26822,-296.64362,2232.291
-337.11597,-247.88533,2239.9048
-409.41376,-183.50565,2259.3464
-465.62384,-116.457825,2276.3857
-507.50122,-47.897217,2297.051
-544.36816,23.886879,2311.5288
-576.77783,102.70121,2329.0762
-601.364,181.35896,2346.1072
-614.208,264.49698,2358.597
-619.00653,340.75317,2356.6338
-608.3755,399.08487,2349.942
-594.0419,442.0446,2332.6516
-581.0559,468.83517,2303.372
-568.485,478.3244,2274.6213
-549.2095,479.38663,2260.3755
-539.7382,463.91476,2230.6428
-531.8272,437.29132,2200.019
-84.1039,364.27927,2100.2844
100.321655,319.68512,2092.1782
189.45198,273.74344,2033.77
208.6716,231.42831,1981.5503
193.66574,194.7558,1949.4456
160.65012,154.59473,1927.1077
126.04856,119.06949,1912.5859
88.93901,85.33598,1901.8936
41.32927,53.34572,1897.6453
-12.772385,24.02658,1905.3601
-71.513756,-2.8160553,1917.4133
-124.273605,-16.873306,1932.9392
-177.37073,-25.226547,1961.418
-221.7836,-21.508438,1989.7324
-258.87698,-1.5218201,2019.017
-293.56427,24.936966,2050.631
-324.80576,57.572372,2083.4912
-351.48193,88.63678,2110.5
-380.9075,116.58452,2138.5615
-398.63004,155.07483,2152.2842
-417.75864,194.73628,2161.9238
-450.5458,232.16415,2171.496
-459.02008,264.59558,2156.0735
-442.36218,272.24002,2130.585
-461.37082,275.4449,2108.9275
-497.38574,273.62167,2085.5532
-520.02734,262.57977,2053.2153
-526.79,235.70389,2012.3289
-527.7427,196.23465,1974.1632
-509.67346,151.9421,1932.007
-479.36444,100.20278,1893.0562
-351.67902,122.64119,1868.9667
-313.68536,51.64335,1868.6102
-279.71063,-5.857418,1880.6287
-250.32262,-56.86322,1896.517
-249.34714,-111.84742,1895.9175
-220.18414,-126.917755,1871.8927
-178.63608,-170.36906,1847.437
-116.70513,-205.18863,1830.5255
-44.47194,-227.12987,1824.6635
34.370167,-237.9842,1823.6029
288.4859,-181.3025,1835.5879
340.58356,-155.61893,1842.2246
388.69684,-122.39618,1850.735
425.09113,-90.141556,1864.7023
453.2234,-58.8929,1879.0698
479.65997,-26.940567,1898.6964
505.659,2.5605545,1918.4012
531.8673,27.730415,1938.5867
550.76794,56.530624,1961.0825
571.0704,85.01594,1982.6456
588.87,114.900696,2006.9985
602.97504,143.49313,2027.23
616.20337,171.2889,2048.3835
625.8439,199.60818,2068.4941
642.2218,227.6355,2087.667
659.5301,255.33925,2105.3723
670.0774,283.03336,2120.522
676.25867,312.32437,2134.9749
683.1022,345.48468,2155.493
690.9137,380.52322,2174.1555
695.12103,426.6302,2191.3245
687.8655,471.88443,2214.6475
678.87427,517.578,2230.18
669.7427,572.59375,2254.855
657.9497,621.1885,2276.0261
631.29315,666.7147,2296.6265
595.8287,708.31775,2315.2175
558.51355,746.6934,2336.833
511.5953,779.0612,2349.5764
455.7787,802.4749,2367.7146
406.17267,805.8622,2378.2476
364.46783,795.88983,2393.481
313.312,762.9873,2405.6555
267.15533,714.13574,2416.139
240.5723,670.0542,2427.1929
250.29993,616.1853,2456.389
248.19907,604.077,2477.9868
256.43842,624.73505,2506.4148
278.12225,658.4938,2531.4302
316.44965,704.2823,2568.55
369.58588,735.0667,2617.819
426.87006,761.8976,2660.2632
485.26535,772.87756,2704.1216
546.23615,783.76196,2751.603
605.0395,777.8128,2796.2166
666.81976,762.47766,2840.2473
728.73474,739.6801,2882.7197
789.1334,706.5763,2915.5427
859.5272,656.64746,2941.0908
928.4412,612.33875,2973.1992
974.8217,555.9555,2999.9976
1048.8284,485.95505,2996.5295
1096.6849,406.51544,2969.2822
1130.4625,341.00003,2929.5176
1154.1533,268.04425,2886.6025
1191.7544,192.52731,2847.7307
1227.5608,115.53692,2810.094
1272.1327,48.635483,2764.877
1290.7151,-19.070309,2699.1091
1309.4559,-84.589874,2657.0273
1290.5881,-154.25887,2581.7026
1278.3455,-206.84196,2519.7737
1241.2942,-261.72577,2450.1626
1208.6754,-307.43213,2384.4753
1166.352,-348.7989,2316.589
1143.9434,-390.58337,2246.0972
1089.6702,-416.29602,2191.5786
1042.615,-443.24548,2135.941
993.7323,-471.3141,2078.1958
938.1724,-494.0859,2024.392
874.676,-506.82635,1980.1675
811.0808,-513.9508,1951.77
753.3432,-518.8272,1936.8811
702.24347,-520.6495,1932.0637
648.07983,-529.417,1922.3934
608.7124,-536.6289,1920.8103
573.51416,-547.8584,1923.4209
548.6227,-561.9092,1932.9518
540.0579,-588.2948,1944.9636
544.5337,-621.01294,1956.13
559.35834,-651.4624,1965.8734
592.52826,-682.4641,1982.088
634.2798,-708.5815,2002.7131
683.77057,-726.74677,2026.1761
740.8906,-739.3045,2051.891
798.4321,-745.5018,2074.3486
854.903,-743.4315,2106.3518
906.761,-725.3273,2137.4417
957.8552,-701.69293,2167.005
1008.3398,-671.36145,2199.359
1052.4182,-630.55994,2223.551
1090.311,-576.8149,2253.5598
1121.2733,-518.3069,2263.4387
1142.5132,-456.303,2267.42
1146.3542,-383.6565,2260.0986
1142.3331,-322.42065,2257.3909
1135.3811,-252.2445,2242.3208
1121.875,-185.94545,2221.0044
1099.4866,-125.89888,2194.7178
1071.6445,-70.90967,2162.9944
1041.1582,-21.405064,2124.7349
1003.1623,22.04939,2082.4326
988.0218,58.661892,2029.0787
967.36865,90.58907,1968.8318
933.3764,119.87086,1909.3574
880.84766,144.78418,1852.9233
812.7741,170.61754,1797.2842
734.12823,198.56552,1744.835
651.22296,222.66087,1706.074
558.01605,250.5075,1670.9346
456.62906,282.55948,1646.458
353.12375,314.41318,1638.4244
259.8414,341.01968,1642.4095
163.97159,375.56308,1670.9712
68.68665,425.36255,1709.6383
-19.094498,473.55692,1739.137
-96.191696,522.8911,1771.9219
-168.86725,579.6656,1811.113
-228.20813,632.2581,1859.7146
-217.2236,662.12225,1932.6108
-222.8172,698.0256,1986.0911
-209.2229,730.728,2045.9324
-188.92438,765.8124,2100.9646
-164.39874,799.037,2147.3186
-136.86844,833.9661,2188.8892
-101.66997,863.95984,2225.5923
-58.87146,892.8009,2258.693
-9.788162,912.39685,2284.8088
44.33354,932.6689,2306.3113
101.9725,946.57684,2326.5461
160.48166,956.41785,2344.8513
232.62172,951.0235,2351.4712
300.46375,936.063,2349.4944
369.5833,917.4208,2338.6455
440.45557,891.3812,2323.1084
502.6232,852.5692,2297.273
558.5697,806.9803,2265.3196
607.661,745.8521,2225.1016
652.74677,688.8045,2180.2222
688.8522,633.63135,2131.119
711.35706,573.2808,2069.2947
720.2694,517.4329,2009.1084
706.6941,467.0616,1943.6329
684.8601,421.13977,1878.8079
647.25635,376.1819,1817.1334
587.91254,342.4099,1755.4475
512.58154,313.88986,1704.2825
421.01166,294.73373,1661.4902
311.93286,281.27295,1643.6005
206.5172,269.54956,1640.6182
106.48498,255.21954,1661.2043
15.243443,236.8396,1701.6687
-65.550735,221.98648,1755.2667
-143.98885,211.28369,1812.5896
-224.3708,197.65509,1882.4204
-283.9961,177.68466,1959.6235
-331.4737,161.07341,2046.6902
-371.98898,149.70439,2130.1724
-399.78568,131.18324,2213.697
-404.92615,111.363205,2295.5012
-394.93848,93.95126,2365.1821
-382.56116,82.39664,2441.351
-363.18134,74.08327,2519.1018
-326.75024,66.22752,2564.5674
-287.43246,64.09839,2606.0134
-256.87915,64.400764,2644.547
-219.12766,68.597084,2664.8572
-178.52261,70.292984,2674.8823
-138.15141,69.89957,2688.9958
-111.356255,53.895622,2681.7852
-86.89022,41.216705,2684.713
-65.45506,29.548218,2690.3618
-58.711235,10.708626,2693.9485
-48.068535,-6.6108856,2693.0664
-45.57097,-13.140259,2697.5447
-52.916687,-33.572205,2703.1614
23.59024,-86.142136,2632.305
54.55509,-121.55617,2608.3984
71.8079,-144.4833,2606.6353
101.18871,-182.13333,2599.2764
129.70299,-205.70537,2591.5483
169.89218,-213.44623,2583.019
195.63919,-222.54996,2590.9192
193.36761,-226.8754,2593.1555
210.32169,-250.60536,2616.2625
212.19392,-264.05045,2642.3674
206.12497,-289.5229,2667.7166
185.07195,-306.6147,2692.8489
178.16315,-359.6819,2697.2383
145.35992,-422.44012,2693.2852
87.80353,-403.4282,2718.265
-24.561897,-394.6441,2763.9875
-139.54034,-384.91705,2801.545
-255.63002,-407.19623,2813.6858
-376.0939,-423.0997,2805.1816
-493.02475,-407.75922,2820.2173
-573.99854,-359.6529,2832.3323
-645.18335,-294.21167,2827.3794
-640.38586,-204.18332,2859.911
-661.2649,-136.67322,2873.3813
-708.18243,-70.56244,2885.8052
-767.5536,11.936026,2877.729
-809.8799,96.50677,2889.906
-809.1994,172.81058,2903.3765
-788.4849,233.99954,2906.6262
-756.5232,285.9941,2922.9382
-718.70886,318.4986,2946.308
-676.9033,335.08258,2968.8638
-655.7845,344.99957,2983.1885
-658.9065,331.1433,2998.0479
-657.75305,321.61874,3011.4353
-682.32336,348.37604,3001.728
-731.9887,376.20984,2955.0813
-792.8552,382.5431,2914.6345
-857.6978,374.8035,2884.8484
-910.38464,372.15933,2850.0735
-969.77356,367.67822,2832.722
-1028.6973,360.14685,2827.5444
-1084.0345,350.0417,2820.2605
-1123.6055,339.47522,2810.7415
-1155.1831,316.24042,2794.897
-1186.8341,286.0374,2776.5886
-1215.874,254.91957,2767.4883
-1223.6056,220.03577,2739.156
-1223.0441,188.85524,2726.9336
-1216.0334,151.10739,2701.9675
-1207.4393,118.37823,2685.651
-1191.978,87.48087,2677.2563
-1172.8942,56.996536,2663.6257
-1163.7039,30.013252,2659.5344
-1140.0382,-0.110328674,2647.1228
-1115.4482,-18.426262,2645.7908
-1095.2883,-41.49436,2643.266
-1072.3644,-67.09493,2643.1753
-1042.1289,-86.13124,2643.5693
-1012.0315,-101.101814,2641.1558
-985.8252,-112.86372,2625.8562
-957.2611,-125.76639,2620.4448
-937.9143,-134.39938,2618.4321
-901.637,-134.26413,2618.2808
-882.24304,-145.03639,2628.852
-868.2461,-156.32883,2635.9011
-846.28595,-164.70604,2639.7996
-816.73285,-170.00067,2637.606
-786.0853,-170.10033,2637.1758
-762.7275,-172.82146,2635.5251
-741.8338,-170.66422,2642.194
-722.63495,-186.19672,2646.1558
-699.5301,-185.16653,2658.4714
-687.2294,-194.56415,2661.7922
-669.37427,-201.35794,2667.5903
-658.38684,-206.09288,2677.654
-651.09033,-207.73312,2675.8633
-635.8472,-206.40134,2679.4531
-622.0265,-208.15764,2678.1035
-611.1365,-209.46469,2675.3628
-596.8641,-209.70467,2678.702
-588.53455,-208.35019,2685.591
-552.6305,-213.53677,2726.1145
-493.608,-237.88718,2760.29
-454.5338,-233.43481,2771.9504
-423.84662,-246.25668,2781.7832
-393.5019,-253.85284,2797.2253
-369.2654,-260.24377,2811.784
-353.08722,-267.84802,2824.6958
-339.2509,-268.6669,2836.7532
-324.9098,-277.0419,2844.6978
-307.79117,-275.2131,2859.0425
-293.94968,-279.0486,2869.1387
-289.77588,-289.6544,2867.1208
-273.36304,-292.4998,2875.608
-260.85815,-287.2921,2894.0637
-251.87613,-294.1964,2893.402
-246.12827,-297.7242,2895.3003
-235.42108,-302.61667,2896.151
-228.81729,-305.52286,2897.219
-221.27252,-306.8637,2906.0815
-214.60938,-305.2406,2910.861
-207.2697,-315.81073,2903.4287
-192.20023,-328.7226,2897.228
-182.14772,-337.5915,2895.1345
-175.76778,-342.56778,2895.3452
-160.65671,-346.60577,2903.966
-131.29446,-360.98456,2910.9497
-124.431244,-372.61218,2908.0095
-129.87874,-381.74872,2905.284
-135.95059,-390.43396,2903.677
-141.43762,-394.04004,2902.7246
-154.25731,-402.23224,2893.174
-172.96115,-394.57034,2893.8716
-185.90623,-394.3668,2892.3242
-210.29831,-411.2553,2888.9375
-222.65463,-433.9198,2889.7642
-234.76451,-446.24417,2889.109
-287.46997,-390.664,2836.4634
-366.39557,-371.26968,2777.9844
-449.8794,-351.53656,2742.286
-526.9981,-325.94897,2733.914
-596.68097,-302.44147,2737.1614
-649.3588,-270.0352,2748.8003
-694.46484,-136.44894,2800.5515
-687.85266,-111.69679,2808.6448
-675.2489,-102.85832,2810.1033
-648.97046,-96.933044,2809.2156
-634.2977,-84.732544,2806.8433
-622.8141,-87.90293,2813.1768
-605.0646,-90.66345,2817.9333
-591.92865,-97.12598,2815.3853
-585.0965,-102.681816,2813.7307
-579.0491,-115.22625,2808.058
-570.3186,-137.21596,2802.2563
-565.74225,-159.9644,2804.1318
-545.8146,-179.5913,2795.4927
-530.6537,-202.97476,2786.4517
-529.70074,-226.34033,2783.5222
-530.4286,-224.60825,2784.5315
-532.3998,-224.98022,2795.505
-538.6972,-228.00421,2816.6199
-538.84753,-232.29445,2832.7544
-542.9925,-233.28554,2841.1543
-543.06104,-228.01808,2842.091
-539.4169,-221.4539,2832.0098
-537.57654,-214.46356,2824.9768
-529.6117,-207.17397,2814.885
-512.43787,-193.54797,2802.8533
-509.13583,-153.57826,2791.6755
-519.0632,-129.24228,2793.6108
-538.44763,-119.01587,2798.2786
-506.62222,-104.73917,2787.079
-505.8406,-104.71387,2789.0212
-474.11273,-101.199936,2779.4634
-475.28354,-99.13905,2779.889
-503.00793,-98.75661,2788.0293
-476.2134,-96.35574,2782.3926
-486.20563,-95.58424,2787.2024
-515.6374,-104.82542,2793.1233
-554.52515,-102.494736,2800.1829
-591.4339,-246.49542,2851.4075
-585.93494,-348.73465,2857.191
-330.27368,-206.2104,2842.6553
-355.60657,-242.38496,2813.5994
-286.71136,-265.52466,2782.0981
-214.626,-223.20157,2761.6973
-161.21597,-163.88297,2749.0684
-128.31766,-116.2719,2734.6875
-116.854675,29.674608,2693.903
-121.46042,42.036674,2680.4478
-127.37195,49.283108,2677.889
-120.81314,64.75233,2674.4333
-113.848724,83.453156,2663.1394
-110.67203,91.21495,2655.31
-118.4603,91.95967,2643.1785
-116.16455,104.533615,2635.6638
-100.51904,118.454346,2626.7585
-87.116,138.36377,2618.4548
-76.70038,150.3021,2605.1345
-73.27869,152.18044,2586.5593
-71.34534,155.63,2566.1096
-61.96144,170.00699,2554.2224
-48.480484,180.08029,2543.595
-38.587067,186.82755,2531.6099
-32.062485,185.13136,2520.7678
-17.480911,188.27048,2503.555
-4.17157,189.10771,2494.4849
13.51564,187.47357,2475.7373
24.135864,186.40477,2464.502
31.258774,186.0135,2457.3782
34.855972,175.62679,2452.0593
47.527206,173.0681,2438.243
47.646362,161.3247,2428.4197
46.85508,155.12448,2422.7788
51.57038,148.86038,2413.5718
53.959625,143.49693,2399.887
48.144806,126.92679,2415.6375
47.186142,121.19122,2420.706
48.58072,115.75619,2429.8953
36.27478,99.851875,2441.289
27.383713,88.94358,2449.3154
17.74501,72.01067,2456.5771
11.169258,50.27362,2489.2185
-2.3484116,39.331448,2518.052
-8.315979,23.914715,2545.0447
-13.700516,11.893303,2578.542
-19.505814,5.3785706,2607.7185
-23.081116,2.715496,2630.953
-26.359222,1.3805618,2662.5298
-28.605606,0.69742966,2699.674
-30.105682,0.12160492,2740.5469
-28.218857,-2.6263924,2775.4866
-35.00383,-1.2796478,2820.0378
-43.875595,-1.2905159,2852.119
-52.00447,-6.4616394,2887.4058
-61.49968,-20.385658,2911.5044
-72.55899,-30.14486,2898.1968
-66.11002,-52.24433,2870.9172
-62.7527,-65.76787,2862.4468
-44.728577,-91.84498,2845.8691
-30.594757,-123.07623,2830.5134
-8.096001,-153.4877,2813.764
10.377399,-188.11911,2798.7793
33.14346,-221.66302,2782.1685
67.814606,-254.15417,2777.1606
94.25846,-274.6939,2778.2659
111.231575,-287.58316,2777.1238
126.23245,-306.68787,2782.627
144.97717,-323.16464,2783.7732
160.24692,-334.7807,2793.8137
168.60329,-342.0995,2809.7686
173.07811,-355.50922,2824.0105
177.54591,-363.1949,2832.435
177.67064,-369.16125,2838.7727
180.70985,-376.27576,2836.4976
180.20497,-382.85504,2849.6562
178.61288,-400.7577,2849.2366
166.5144,-409.46185,2848.3008
155.53082,-417.95908,2857.6553
134.83865,-418.35806,2854.7864
120.10141,-432.3921,2854.559
108.16818,-443.72202,2849.6611
86.62523,-453.1103,2849.7292
86.72853,-472.2174,2854.7917
79.1597,-480.22955,2836.9084
73.08389,-501.7335,2827.1511
48.002228,-505.41208,2831.2966
33.77768,-519.65515,2834.5735
29.852646,-541.5229,2838.3362
24.42514,-557.4878,2841.9282
4.774002,-568.42346,2847.658
6.4140472,-586.09985,2850.9658
-0.3300476,-595.302,2844.2095
2.9819794,-617.67737,2844.3164
-2.427414,-632.49524,2851.5781
-8.725784,-644.57214,2865.6624
-14.261505,-652.21704,2868.0957
-14.623474,-671.6064,2877.1353
-14.550629,-687.8701,2882.3599
-11.687973,-695.6206,2890.1492
-9.084137,-689.3473,2903.401
-7.5168304,-680.47504,2912.482
10.92308,-664.63696,2936.793
19.00299,-639.49225,2948.3604
28.474335,-607.0091,2959.7568
34.482803,-571.8889,3002.8699
57.23703,-536.4894,3067.9846
69.12541,-487.20105,3110.4226
73.81221,-436.9594,3140.0483
76.901,-392.47083,3177.9958
96.10216,-352.84387,3211.3813
93.453445,-313.03,3244.2686
86.39072,-264.60376,3264.8088
82.59946,-223.78375,3283.0044
96.83766,-180.8312,3295.9102
112.37201,-160.37567,3326.429
101.721985,-148.48415,3301.701
86.79407,-139.66861,3300.3103
99.51445,-139.17221,3313.7485
112.88774,-154.31238,3327.5479
123.95064,-182.72012,3341.1687
145.53836,-217.93634,3330.8833
155.60927,-264.4691,3317.242
159.08313,-318.60486,3290.9243
155.77849,-375.67426,3231.009
137.49954,-442.80954,3194.0195
110.34613,-503.99994,3148.6301
73.61426,-559.6025,3097.7036
30.719696,-614.9921,3035.438
-31.520935,-664.30164,2985.192
-97.294846,-696.06793,2921.286
-136.66779,-584.82355,2899.9214
-153.80081,-590.5884,2879.908
-169.8836,-600.0672,2849.6023
-190.98288,-584.3248,2859.343
-207.95572,-576.9325,2853.9282
-232.09431,-577.45764,2855.3008
-290.30365,-552.0243,2929.3992
-341.81537,-534.17725,2971.2095
-383.68005,-488.451,3008.3662
-396.70493,-455.90692,3027.1655
-405.85974,-424.72894,3042.5554
-403.58057,-391.357,3039.3333
-403.031,-380.5919,3051.8882
-394.8767,-372.19955,3055.1265
-383.04605,-364.7791,3056.6858
-326.71286,55.336433,2989.637
-172.64938,136.25024,2851.503
-69.4067,313.50247,2728.3005
-89.10247,502.91434,2675.1719
-146.48198,640.9037,2682.0195
-188.72603,723.31366,2708.5398
-267.29196,808.4001,2880.4956
-192.34114,799.68274,2886.9856
-115.08432,773.9855,2878.2349
-35.084377,731.4752,2844.5635
33.311966,676.57544,2831.9458
95.25962,628.3369,2788.4663
159.00656,574.5816,2771.457
211.23198,506.8617,2749.1243
253.567,432.30548,2715.9368
290.32642,354.52365,2696.0806
318.05496,283.1712,2672.2622
332.93887,211.67645,2654.0332
337.91367,141.75656,2625.5444
344.05432,84.98889,2578.3643
338.7116,32.82447,2546.6428
331.89777,-18.400703,2517.2297
308.6065,-59.400604,2485.7957
278.31702,-93.988655,2463.1008
255.88211,-127.02077,2445.5967
196.81563,-115.78453,2447.6677
162.38719,-149.31973,2430.9814
144.58008,-180.05807,2415.5886
120.46072,-198.91673,2414.5244
94.812454,-217.70142,2419.7996
82.15557,-236.35208,2435.2507
73.918015,-251.54884,2452.8025
69.03888,-273.2149,2468.0674
69.335495,-291.3883,2478.2878
-3.915699,-214.48007,2401.9531
-102.17346,-202.70341,2412.422
-184.91867,-177.98851,2399.0461
-245.96832,-131.97339,2374.6943
-61.981014,-194.21603,2359.5022
11.1628685,-223.32712,2290.6572
132.43056,-122.19879,2174.1824
138.89331,-123.8612,2165.2168
115.122345,-111.95195,2169.475
101.455185,-106.25147,2190.347
91.93419,-105.94255,2227.8352
89.65619,-109.22717,2280.271
90.242615,-122.14014,2325.5417
131.50717,-148.0797,2345.7688
155.95813,-165.83498,2368.5884
183.21582,-184.10684,2397.684
226.50954,-209.99179,2411.8416
306.8695,-219.3794,2352.873
363.0053,-222.4058,2310.2183
407.15335,-213.18202,2265.5022
450.4829,-198.11649,2213.0295
487.42078,-167.32883,2166.207
510.00818,-126.330574,2116.1538
515.4225,-77.96731,2066.193
506.41193,-24.421883,2021.4778
488.4409,34.20613,1982.7727
462.12015,91.07839,1949.9004
436.73538,148.33603,1929.2439
410.48984,201.0043,1919.0911
377.8797,252.47894,1919.8729
347.746,298.315,1934.5168
322.05847,349.47455,1968.3551
307.43573,396.8254,2013.8093
316.0215,440.0056,2069.4097
343.8873,461.29282,2138.9624
397.0935,470.30005,2192.3506
454.64,461.43536,2244.93
523.2218,421.56635,2288.7593
569.5223,355.38358,2322.11
583.13477,281.47043,2320.1616
580.838,210.17926,2300.706
569.7832,145.5906,2276.5994
549.6891,99.46263,2264.3564
518.2888,57.004143,2233.5085
475.70526,31.67126,2213.5085
426.24402,21.798977,2201.4219
367.56165,21.539806,2199.8486
311.51816,23.864725,2203.327
264.64423,46.386158,2223.4636
222.27895,73.74822,2306.2314
197.2344,97.49638,2391.9348
168.57181,115.14569,2450.932
165.08063,129.70331,2552.3098
140.20973,132.5108,2617.276
128.04102,135.28934,2697.0955
108.395325,132.00833,2783.1003
93.31621,122.92781,2863.63
169.16048,6.1694603,2872.8237
167.6556,-98.92544,2866.0928
148.08975,-182.22269,2864.4436
111.20678,-243.25085,2882.9568
172.72507,-171.2518,3022.607
171.91399,-81.011185,3154.0698
125.96521,7.531395,3252.7722
63.669514,81.75984,3352.3926
-31.137817,-25.77903,3082.642
47.424984,23.645247,3436.2896
-75.87361,-56.72991,3109.7021
14.653374,43.329357,3431.3381
-55.725235,231.126,3668.4888
-37.38269,207.73721,3696.3372
-18.878525,200.53383,3692.6934
11.429749,179.80342,3688.3193
31.020432,166.05652,3673.5398
65.58101,158.4751,3646.6125
96.48894,152.7272,3585.511
116.37602,148.05128,3512.7627
125.67905,157.39554,3453.4878
130.92105,171.5153,3395.3792
110.17642,197.51343,3305.7617
6.6967773,121.40151,3179.479
-55.804565,35.55216,3097.416
-116.52225,-44.69109,3063.448
-173.78647,-114.879395,3053.1667
-221.84427,-176.94757,3056.8706
-262.07123,-229.79846,3068.8132
-292.2734,-267.61688,3084.4307
-317.21988,-303.26193,3100.5698
-238.67886,-159.10544,2981.8286
-168.93193,-21.342913,2947.8904
-111.85217,62.674347,2942.5493
-57.86966,124.90117,2974.361
-8.363525,157.01085,3018.438
31.28772,168.84647,3068.7148
98.48718,140.70325,3269.8696
110.68988,78.10213,3336.1704
102.23465,28.555775,3379.5842
74.7986,-22.25623,3392.7002
55.74785,-82.0716,3409.5698
25.660675,-148.87479,3423.2002
-14.97197,-193.73785,3444.4202
-57.309265,-235.02101,3470.7446
-101.01132,-256.19583,3472.8591
-153.72641,-255.67041,3468.537
-76.62506,-251.1478,3398.1794
-28.954826,-261.04993,3328.117
12.359909,-265.45605,3254.5505
39.62619,-267.89258,3186.6448
56.880783,-267.34717,3133.0613
66.88098,-266.92944,3081.7295
70.572556,-267.0061,3041.3774
73.657814,-267.15237,2997.0398
71.71307,-269.3735,2963.4124
67.80483,-272.6077,2932.3467
62.81198,-274.79492,2910.335
54.469887,-276.79578,2898.3855
47.17185,-280.4879,2887.4902
37.006817,-284.41693,2884.941
164.6825,-219.77272,2949.737
261.96838,-160.2588,3033.577
338.21637,-111.08186,3106.9731
382.51935,-51.121277,3140.615
408.5506,-6.2477417,3136.3306
429.12506,22.019028,3109.8438
493.59296,77.12421,2953.2815
498.90372,59.167397,2856.2239
495.39093,45.25106,2751.442
477.16116,37.48369,2654.4497
445.7566,33.28331,2566.6594
397.39682,40.971382,2487.0376
339.18927,57.402122,2433.1504
284.17828,86.78856,2380.5083
224.1781,123.01956,2335.094
171.08879,159.87018,2300.5542
138.7102,213.02364,2275.4607
113.82899,270.30823,2255.8347
99.68398,330.1834,2252.025
91.10166,391.39148,2255.483
99.415184,447.81357,2267.32
120.58305,498.28073,2279.1956
143.79492,534.1183,2311.754
179.00212,557.88116,2348.7026
233.43306,579.04083,2376.8103
288.41342,570.9201,2399.02
353.06934,539.5931,2431.5793
412.8986,483.1637,2444.5784
455.23273,420.4367,2451.6838
484.2765,340.90778,2458.9226
423.42313,225.17566,2532.1348
385.91064,139.0861,2571.9775
362.2279,56.3322,2596.8823
352.26816,-21.612152,2614.3943
362.51236,-105.63587,2633.664
365.60712,-194.66676,2653.3652
345.22668,-265.42728,2691.4092
308.27948,-333.2248,2752.2385
271.41373,-377.7019,2819.3296
235.13254,-399.88947,2887.3643
200.15704,-398.68042,2957.4558
177.0346,-359.24023,3030.975
154.68579,-323.55988,3103.1938
143.8678,-282.84406,3150.8362
140.58087,-250.48544,3222.466
139.12659,-212.7141,3262.694
150.3717,-161.5207,3307.0718
163.81998,-121.66553,3348.2615
178.34302,-96.5998,3409.7117
185.65918,-71.4588,3440.9495
188.3152,-56.185013,3437.9954
189.53671,-23.267654,3435.4583
209.69879,-5.1859665,3455.8352
224.16812,5.306717,3474.072
233.95085,5.824665,3501.0618
240.18451,2.9052467,3523.5046
244.07611,-18.08085,3545.3223
243.34743,-33.675873,3544.2822
219.06879,-45.217026,3524.1912
196.93643,-71.07377,3506.7766
167.04092,-104.69792,3490.3381
131.75208,-142.73273,3461.606
89.89241,-165.60905,3434.5903
42.000443,-201.11542,3420.392
-4.9364014,-241.1731,3396.8804
-73.03685,-282.81558,3367.9187
-132.01405,-235.49107,3303.971
-169.0545,-261.15918,3274.1624
-206.65932,-281.267,3246.951
-246.88246,-299.6403,3226.4192
-284.26685,-313.71698,3203.3196
-315.54315,-322.23734,3186.9211
-343.01215,-334.26907,3169.2832
-392.02493,-304.23358,3269.1946
-471.67706,-307.91217,3335.9539
-574.11816,-311.30518,3357.6157
-670.8979,-291.9029,3363.7622
-759.4397,-267.0879,3374.4126
-811.3994,-205.80554,3358.7307
-945.82837,-5.919403,3294.6943
-921.50635,65.832184,3300.6526
-893.1684,146.64001,3288.941
-863.56726,212.26729,3314.5515
-825.1565,269.97766,3343.6636
-760.6085,320.46902,3342.2522
-708.6279,372.3556,3371.085
-656.2529,424.8686,3405.465
-584.5564,475.0701,3422.2893
-487.88696,396.2626,3557.0315
-365.9182,276.06558,3582.6318
-260.9422,174.05717,3554.3477
-158.20547,84.58139,3507.2104
-66.452896,20.623238,3440.7703
1.3661251,-27.51448,3368.4473
115.369736,211.9755,3327.2473
176.6713,343.6832,3289.054
229.75008,433.7601,3247.9617
306.81363,507.86905,3223.9668
396.5316,575.59015,3187.7205
462.04385,613.4005,3109.4424
588.68054,669.2626,2867.6353
656.32605,643.7396,2776.736
712.4524,611.8202,2679.9678
741.9851,560.95483,2581.4316
754.08746,506.84137,2480.7798
747.3466,451.4626,2378.9138
727.0102,389.47913,2290.6292
690.1986,323.42648,2209.4993
636.2148,258.3798,2147.6934
577.03906,193.24017,2093.9683
514.7757,125.258316,2065.641
450.34805,58.406624,2053.6926
394.03583,5.3335037,2064.121
349.80743,-50.546616,2088.8215
315.12738,-113.83069,2122.6067
299.3072,-177.07022,2164.5461
287.338,-234.21771,2209.556
295.51215,-283.122,2279.6555
282.02066,-304.85492,2357.2585
277.5545,-310.20947,2426.086
300.59616,-312.75266,2516.6497
306.93546,-280.11258,2624.2534
313.50604,-235.10287,2720.436
312.2872,-191.01164,2803.6692
300.90366,-110.34718,2885.4338
288.296,-165.87411,2820.4954
280.5224,-210.29898,2770.9165
250.41464,-230.92894,2738.6157
259.84384,-265.33554,2692.0303
230.50798,-233.76016,2658.8018
198.95723,-221.93967,2619.8594
184.99513,-229.28345,2584.1594
173.26697,-240.53897,2547.377
172.01537,-261.8567,2512.7039
148.08333,-24.600006,2667.089
166.5072,109.21608,2822.4207
244.37956,281.56927,2884.9663
326.25064,453.95657,2867.1206
383.7975,588.615,2765.8357
412.50183,656.53,2624.852
414.58923,763.8063,2226.425
408.39233,735.12115,2129.8523
403.90485,707.2173,2034.3875
402.26868,674.5846,1938.9958
400.39383,640.6156,1847.8804
396.24524,592.3707,1756.8627
386.93387,525.147,1674.4431
379.90875,452.8288,1602.7778
373.6612,375.68393,1542.1853
371.3426,294.9975,1492.9568
371.83664,212.56589,1454.1438
374.97003,130.09918,1425.9003
378.81323,48.182808,1412.4333
386.55573,-29.312115,1408.7969
396.95334,-99.926895,1412.56
410.70374,-161.44868,1425.7103
423.73376,-215.51,1445.3271
440.23004,-263.88385,1470.291
457.84555,-306.0157,1500.4545
474.38556,-335.97632,1531.3397
494.95288,-361.19574,1564.9849
512.59186,-376.84686,1600.504
532.5377,-390.33075,1640.473
550.0952,-395.64746,1677.7308
563.6454,-400.0123,1718.9786
566.84094,-399.42603,1754.2611
573.66925,-397.2746,1789.0659
580.7106,-394.6259,1819.5743
576.35815,-389.878,1847.6735
574.7195,-386.46686,1877.374
570.58246,-380.2616,1905.0349
562.1902,-375.6909,1931.0537
561.9171,-367.21265,1959.0564
547.7585,-356.90173,1978.5468
542.8645,-345.59302,1996.7487
530.3227,-337.03113,2012.4491
522.9499,-323.36163,2023.746
520.36084,-315.74957,2039.0294
518.7436,-312.75427,2050.5405
511.3662,-309.5963,2056.1035
512.0932,-317.39,2059.9749
517.1183,-324.37347,2054.4956
518.75586,-340.47998,2044.4225
527.2765,-360.1362,2033.0413
534.3577,-389.1889,2022.6687
541.7346,-416.35052,2009.878
543.4505,-445.4386,1994.4861
541.60474,-476.52066,1970.8191
536.5141,-496.8229,1956.3152
539.6421,-516.8937,1941.4034
542.4108,-531.76514,1928.8741
560.90045,-545.3321,1923.6317
586.07263,-556.869,1922.2977
614.3075,-570.5062,1926.798
639.5876,-573.1872,1926.2888
654.3467,-566.33234,1922.1301
669.17224,-554.7928,1917.3839
683.62744,-539.0119,1913.4128
705.172,-515.26056,1910.7378
723.2028,-486.81424,1913.6317
738.69617,-451.81607,1912.1144
755.72437,-419.03253,1929.5221
756.9437,-379.27972,1941.1594
757.67883,-338.9416,1963.681
770.4025,-303.52252,1975.3413
781.47864,-270.30222,1983.8168
794.1278,-231.67763,1998.794
802.77576,-197.16954,2013.5049
809.7753,-167.85796,2023.0608
815.58215,-139.5645,2032.0939
824.78186,-112.64316,2044.1768
828.82446,-87.21908,2052.2676
819.6672,-63.79564,2048.958
825.26355,-46.192913,2052.8464
816.02295,-23.094368,2044.4182
805.7487,-9.586735,2041.4714
797.48926,1.7220573,2028.752
787.3152,5.262417,2016.1206
778.70825,5.1617546,2004.7468
774.1539,-2.6795578,1995.4165
768.1843,-20.257519,1981.9005
760.4556,-40.04467,1966.7336
750.986,-66.631905,1957.1731
734.8923,-95.87485,1943.107
719.2347,-125.51506,1931.8867
700.8734,-154.89232,1915.4058
683.09656,-182.63272,1912.0815
659.9283,-208.69504,1903.9319
641.30774,-233.10626,1899.8691
615.093,-252.74196,1898.3489
588.4282,-262.6814,1895.752
553.65924,-265.62286,1898.3945
519.31494,-269.7402,1907.1785
501.1974,-282.70035,1921.2961
484.40857,-288.68518,1932.8087
473.4553,-296.46738,1944.339
457.13324,-302.6715,1954.293
443.60443,-308.68207,1960.0729
433.03986,-318.62018,1967.7786
415.87436,-323.0913,1966.3168
404.9004,-323.78406,1970.2826
393.11096,-320.37506,1973.6058
390.18164,-327.15485,1979.194
381.5017,-328.96375,1981.9303
374.2406,-333.4184,1982.4683
370.17307,-338.73596,1991.2683
359.9196,-344.2143,1987.1903
345.92114,-352.9632,1979.4098
334.70544,-362.81775,1972.3534
329.35345,-376.2648,1970.0034
318.39273,-391.92084,1959.6367
311.2058,-407.6628,1949.5322
303.5083,-430.1168,1936.8094
297.0348,-446.03668,1924.4988
295.1377,-459.82263,1915.1901
297.50412,-485.60352,1921.2076
302.36127,-500.83435,1917.2344
305.2115,-503.52646,1919.2352
305.49097,-504.8114,1915.3134
305.40448,-505.2475,1914.2793
302.98914,-505.29803,1913.6833
304.02048,-504.57,1919.7301
301.5473,-506.25623,1919.7825
303.4058,-517.13806,1921.5045
300.01508,-513.8793,1921.4137
293.45197,-509.49255,1926.432
292.77667,-511.65692,1933.5366
288.18225,-522.3362,1946.3427
296.45566,-525.6609,1954.3618
295.2642,-522.9015,1958.1462
292.98526,-510.80695,1968.6641
296.99823,-494.78058,1990.949
293.84503,-479.272,1995.3147
291.35052,-466.9886,2001.663
281.73846,-445.51636,1998.9122
272.60992,-423.44,1995.0072
263.5524,-400.8642,1993.1677
253.14273,-371.52716,1984.6239
244.0449,-343.90485,1984.7413
237.44327,-307.5698,1985.7258
224.78694,-271.34058,1984.1276
212.67563,-239.39899,1980.7131
207.85416,-200.12364,1990.0677
192.89139,-164.40099,1990.0599
182.58974,-134.57936,2001.8392
169.66093,-103.06685,2004.739
157.55016,-76.17969,2011.5321
150.6214,-50.854202,2022.0815
135.34727,-24.938828,2034.0754
130.33995,-5.342224,2052.049
129.03938,5.85495,2062.0435
125.762375,18.395645,2065.8457
122.42729,25.218628,2067.2825
117.55704,26.26088,2068.2915
120.11032,21.799118,2086.6338
124.69765,19.033356,2086.2297
123.04956,13.994064,2087.4016
121.35275,8.14608,2084.9243
121.250046,-3.5418625,2081.895
120.889114,-9.953476,2072.9185
120.17656,-12.673958,2063.733
119.150406,-11.083817,2055.2441
117.73802,-7.360512,2048.0117
124.5054,-1.474266,2041.292
132.65475,9.549675,2037.7723
138.35564,27.738926,2032.6941
142.07147,49.575623,2028.1053
138.55264,70.57997,2028.1001
128.5104,98.26937,2024.2832
110.73657,124.901855,2024.8691
77.5918,150.00302,2024.8401
43.233994,166.22885,2023.0886
2.8698425,183.73993,2031.683
-37.22612,190.7674,2037.4355
-79.89667,186.93468,2033.2029
-117.55841,182.69981,2032.2166
-138.22058,175.53343,2034.491
-138.75813,161.44148,2037.7014
-127.14778,152.18535,2042.6414
-101.84007,148.30763,2047.43
-57.4917,144.22437,2046.4073
-5.2676544,140.0759,2043.0492
54.313965,140.53539,2042.8217
118.22651,138.67726,2038.8076
184.3771,139.68979,2033.6306
248.84772,140.22903,2024.9882
312.55273,145.87228,2013.9066
370.46307,152.89285,2002.302
-272.6261,-204.55203,1741.5614
-262.12378,-208.69934,1753.1023
-251.32124,-208.1647,1759.3242
-236.17984,-203.90656,1767.3439
-216.33482,-201.33775,1776.9094
-196.87234,-200.67511,1790.5774
-174.8081,-192.05392,1803.2018
-152.01746,-187.20102,1819.4296
-125.77473,-184.05391,1842.6743
-101.33147,-175.74886,1865.5587
-72.320465,-170.36224,1894.8566
-44.121647,-166.89513,1923.4641
-6.907547,-164.79103,1958.6252
31.183361,-159.83994,2000.775
64.93987,-157.61719,2046.3398
98.30825,-157.86554,2094.0232
124.76377,-154.8044,2144.0278
148.7549,-146.0112,2194.5195
170.73334,-127.972626,2247.3787
188.24161,-112.042786,2295.1614
198.34042,-90.42775,2342.4487
205.88564,-61.402,2382.2422
207.88849,-49.796257,2418.4119
213.02261,-70.703445,2378.3457
206.36961,-103.4604,2364.9194
223.49414,-116.6508,2432.2527
236.33064,-96.121544,2467.8264
240.73022,-58.341087,2492.6191
244.66292,-39.608727,2511.8618
250.30681,-26.568039,2521.061
258.67032,-24.466782,2522.4507
255.50961,-20.562988,2513.746
266.0815,-25.048668,2486.9495
273.31528,-30.236664,2455.7551
274.64957,-33.26384,2414.3054
312.36575,-57.020195,2336.1775
297.62872,-63.337585,2299.4197
279.498,-60.482803,2255.7996
267.0348,-57.439575,2213.72
250.54062,-55.388153,2175.1646
231.39594,-57.251503,2134.1323
211.73178,-65.57763,2091.8918
197.27327,-71.88724,2071.5754
181.66869,-89.58853,2031.3248
170.97665,-105.83652,1993.6758
166.17165,-115.27194,1970.134
169.25539,-122.505066,1945.1855
179.3702,-130.04799,1922.5096
192.20822,-127.79898,1908.4785
214.08337,-110.12694,1907.1499
240.53638,-116.3472,1898.1997
267.53714,-128.19553,1884.9792
293.9278,-139.83781,1869.9036
317.39545,-135.94208,1863.0867
336.92404,-135.00992,1852.1056
351.62274,-132.62192,1841.892
366.9925,-127.44624,1835.9078
378.50427,-127.65282,1831.9819
385.14606,-127.66058,1830.4219
391.84305,-128.51457,1829.2607
397.3252,-138.39381,1829.5701
392.6965,-132.53964,1835.171
397.38315,-145.38437,1834.26
399.91537,-149.33337,1827.815
409.58047,-161.8941,1819.2872
421.72766,-160.90103,1806.7236
438.42868,-166.22375,1796.1122
459.9672,-168.15698,1784.4312
481.9949,-169.73724,1775.4219
510.34756,-171.65157,1766.5686
541.4996,-176.92044,1753.4799
568.526,-175.9556,1731.5437
593.1789,-175.96935,1704.2283
615.9613,-178.92416,1671.8494
636.9904,-182.46315,1638.228
654.39435,-181.07495,1606.3948
673.6902,-177.2911,1574.9414
693.9987,-167.49232,1544.7083
717.4211,-152.57248,1506.944
743.0307,-118.95085,1448.0315
753.58356,-97.73122,1412.3274
765.5368,-103.272,1393.0281
704.6379,-46.962387,1452.6182
674.0709,-53.081802,1471.5383
658.93976,-24.383255,1468.8529
649.1874,-18.903687,1464.3556
618.2994,-35.571976,1447.8729
579.2742,-83.34073,1433.2197
569.20776,-117.75612,1414.8273
577.93604,-139.69292,1391.7075
594.67,-156.44966,1366.2184
613.4555,-169.72165,1339.2083
626.3506,-176.26143,1316.565
632.0008,-184.99582,1295.5778
630.5494,-169.5221,1291.2609
671.24365,-137.70053,1243.0763
693.1914,-141.57037,1219.6089
704.248,-141.40027,1205.2509
707.7808,-143.70258,1185.1512
718.84033,-190.00482,1174.9558
726.27893,-240.56406,1173.239
732.10535,-276.5619,1185.5686
730.89905,-301.01697,1176.8158
721.50494,-303.2243,1091.9539
694.9712,-302.42322,1012.24194
668.0028,-310.04544,968.1682
653.4738,-314.68292,951.24615
646.79297,-317.29266,945.5141
644.20715,-318.74167,944.5381
643.5881,-319.55963,945.576
643.84125,-320.038,947.4011
644.432,-320.33118,949.4546
645.11395,-320.52002,951.4865
645.78644,-320.64655,953.39404
646.4332,-320.732,955.1509
646.96405,-320.79712,956.7177
647.4003,-320.84772,958.11096
647.75934,-320.88748,959.34827
648.0554,-320.91913,960.4472
648.30005,-320.94434,961.4235
648.5027,-320.96454,962.29175
648.6708,-320.98083,963.0644
648.81085,-320.99384,963.7526
648.9276,-321.00424,964.36633
649.0254,-321.0125,964.91394
649.1076,-321.01917,965.4031
649.1767,-321.0245,965.8403
649.23505,-321.0288,966.23126
649.2845,-321.03214,966.5812
649.3265,-321.0348,966.89453
649.36237,-321.0368,967.1753
649.393,-321.03845,967.427
649.4192,-321.03967,967.6527
649.44183,-321.04053,967.8551
649.4614,-321.0412,968.0368
649.4783,-321.0417,968.1999
649.4929,-321.04196,968.3464
649.5055,-321.04214,968.4779
649.5166,-321.0422,968.59607
649.52637,-321.0422,968.7022
649.5349,-321.042,968.7976
649.5425,-321.04187,968.88336
649.5491,-321.04172,968.96045
649.5549,-321.04153,969.0298
649.55994,-321.0412,969.09204
649.56445,-321.0409,969.148
649.56854,-321.0406,969.1985
649.57227,-321.04028,969.24384
649.57544,-321.03986,969.28455
649.5784,-321.0395,969.3212
649.58105,-321.03912,969.3541
649.5834,-321.03876,969.3837
649.58545,-321.0384,969.41046
649.58734,-321.03806,969.4345
649.5889,-321.03772,969.45605
649.5903,-321.03732,969.4754
649.5915,-321.03696,969.49286
649.5925,-321.0366,969.50854
649.59357,-321.03613,969.52277
649.5946,-321.0357,969.53546
649.59564,-321.03522,969.5469
649.5967,-321.0348,969.5571
649.59766,-321.0344,969.56635
649.5986,-321.034,969.57477
649.5994,-321.03357,969.5822
649.60016,-321.03314,969.5889
649.6008,-321.03278,969.595
649.6015,-321.03235,969.60034
649.6021,-321.03192,969.60535
649.6028,-321.03156,969.6097
649.6033,-321.0312,969.6136
649.60376,-321.03076,969.6171
649.60425,-321.0304,969.6203
649.6047,-321.02997,969.6232
649.60504,-321.02954,969.6258
649.60547,-321.02914,969.6281
649.6058,-321.02872,969.6302
649.606,-321.02835,969.632
649.6063,-321.02795,969.63367
649.60657,-321.0276,969.6352
649.60675,-321.02716,969.63654
649.60706,-321.0268,969.63776
649.60724,-321.02637,969.6388
649.60736,-321.026,969.6398
649.60754,-321.02557,969.6407
649.6077,-321.02518,969.6415
649.60785,-321.02478,969.64215
649.608,-321.02438,969.64276
649.6081,-321.024,969.64325
649.60815,-321.0236,969.6438
649.6083,-321.0232,969.6442
649.60834,-321.02283,969.6446
649.6084,-321.0224,969.6449
649.6085,-321.02197,969.64526
649.6086,-321.02164,969.6455
514.1528,-140.13788,933.3936
161.57022,-114.71164,946.5613
-27.415985,-177.22601,917.60614
-64.98418,-184.11603,880.0015
-81.90438,-187.1322,859.08777
-89.862144,-188.47302,848.153
-93.71158,-189.09387,842.57355
-95.60309,-189.3899,839.7581
-96.53981,-189.53229,838.34607
-8.119811,-186.0126,829.1501
94.825874,-281.2823,924.24896
151.44472,-346.56995,967.64954
180.25645,-383.50928,987.39557
194.68442,-403.00882,996.67615
201.88971,-413.00793,1001.1554
205.48709,-418.0677,1003.3522
142.50565,-404.6622,946.6598
112.21436,-397.4718,912.28217
97.60442,-393.67746,893.656
90.46227,-391.7209,883.99713
86.936424,-390.72614,879.0839
85.186424,-390.224,876.6076
84.32191,-389.96924,875.36926
83.899254,-389.83856,874.7545
83.70463,-389.76758,874.45764
83.687325,-389.70615,874.36005
235.19803,-351.9102,982.58295
324.3928,-337.48123,1012.6447
371.14444,-329.76636,1020.98444
394.88385,-325.58105,1023.4575
284.92303,-444.4179,681.33325
299.55075,-186.62671,634.9942
414.45135,-92.66376,675.8776
468.66257,-49.99536,716.65485
494.11942,-30.907043,741.562
506.34247,-22.05426,755.0333
512.3167,-17.815979,762.00653
515.2679,-15.746155,765.5495
516.73395,-14.724182,767.33417
517.463,-14.218567,768.22675
517.8216,-13.973816,768.66345
517.998,-13.85553,768.8767
518.04663,-13.851746,768.9068
518.0709,-13.8497925,768.9219
518.08307,-13.848694,768.9294
518.0892,-13.8480835,768.93317
518.09216,-13.847717,768.93506
518.0937,-13.847473,768.93604
518.0945,-13.84729,768.9366
518.0948,-13.847107,768.9368
518.095,-13.846985,768.93695
518.09503,-13.846802,768.937
518.09503,-13.846619,768.9371
518.0951,-13.846497,768.9371
518.0951,-13.846313,768.9371
518.09503,-13.846191,768.93713
518.09503,-13.846008,768.9372
518.09503,-13.845886,768.9372
518.095,-13.845703,768.9372
518.095,-13.84552,768.93726
518.095,-13.845398,768.93726
518.0949,-13.845215,768.93726
518.0949,-13.845093,768.9373
518.0949,-13.84491,768.9374
518.0949,-13.844788,768.9374
518.09485,-13.8446045,768.93744
518.09485,-13.844421,768.9375
518.09485,-13.844299,768.9375
518.0948,-13.844177,768.9375
518.0948,-13.843994,768.9375
518.0948,-13.843811,768.93756
518.0947,-13.843689,768.93756
518.0947,-13.843506,768.93756
518.0947,-13.843384,768.9376
518.09467,-13.843201,768.9377
518.09467,-13.843079,768.9377
518.09467,-13.842957,768.93774
518.0946,-13.842773,768.93774
518.0946,-13.84259,768.9378
518.0946,-13.842468,768.9378
518.09454,-13.842285,768.9378
518.09454,-13.842163,768.93787
518.09454,-13.84198,768.9379
518.0945,-13.841858,768.9379
518.0945,-13.841675,768.9379
518.0945,-13.841492,768.938
518.0944,-13.84137,768.93805
518.0944,-13.841248,768.93805
518.0944,-13.841064,768.93805
518.09436,-13.840881,768.9381
518.09436,-13.840759,768.9381
518.09436,-13.840637,768.9381
518.0943,-13.840454,768.93823
518.0943,-13.840271,768.93823
518.0943,-13.840149,768.93823
518.09424,-13.839966,768.93823
518.09424,-13.839844,768.93835
518.09424,-13.839661,768.93835
518.0942,-13.839539,768.93835
518.0942,-13.8394165,768.93835
518.0942,-13.839233,768.9384
518.0942,-13.83905,768.9385
518.0942,-13.838928,768.9385
518.0942,-13.838745,768.9385
518.0942,-13.838562,768.93854
518.0941,-13.83844,768.9386
518.0941,-13.838318,768.9386
518.0941,-13.838135,768.93866
518.09406,-13.837952,768.93866
518.09406,-13.83783,768.93866
518.09406,-13.8376465,768.93866
518.094,-13.837463,768.9388
518.094,-13.837341,768.9388
518.094,-13.837219,768.9388
518.09393,-13.837036,768.93884
518.09393,-13.836853,768.9389
518.09393,-13.836731,768.9389
518.0939,-13.836548,768.9389
518.0939,-13.836426,768.9389
518.0939,-13.836243,768.93896
518.0938,-13.836121,768.93896
518.0938,-13.8359375,768.939
518.0938,-13.835815,768.9391
518.09375,-13.835693,768.9391
518.09375,-13.83551,768.93915
518.09375,-13.835327,768.93915
518.0937,-13.835205,768.9392
518.0937,-13.835022,768.9392
518.0937,-13.8349,768.9392
518.0936,-13.834717,768.9392
518.0936,-13.834595,768.93933
518.0936,-13.834412,768.93933
518.09357,-13.83429,768.93933
518.09357,-13.834106,768.93933
518.09357,-13.833923,768.93945
518.0935,-13.833801,768.93945
518.0935,-13.833618,768.93945
518.0935,-13.833496,768.9395
518.09344,-13.833313,768.9395
518.09344,-13.833191,768.9395
518.09344,-13.833008,768.9396
518.0934,-13.832886,768.93964
518.0934,-13.832703,768.93964
518.0934,-13.832581,768.93964
518.0933,-13.832397,768.9397
518.0933,-13.832275,768.93976
518.0933,-13.832092,768.93976
518.0933,-13.83197,768.93976
518.09326,-13.831848,768.9398
518.09326,-13.831665,768.9398
518.09326,-13.831482,768.9399
518.0932,-13.83136,768.9399
518.0932,-13.831177,768.93994
518.0932,-13.830994,768.94
518.09314,-13.830872,768.94
518.09314,-13.8307495,768.94
518.09314,-13.830566,768.94006
518.0931,-13.830383,768.94006
518.0931,-13.830261,768.94006
518.0931,-13.830078,768.9401
518.093,-13.829895,768.9402
518.093,-13.829773,768.9402
518.093,-13.82959,768.9402
518.09296,-13.829468,768.9403
518.09296,-13.829285,768.9403
518.09296,-13.829163,768.9403
518.0929,-13.8289795,768.9403
518.0929,-13.828857,768.94037
518.0929,-13.828674,768.94037
518.09283,-13.828491,768.9404
518.09283,-13.82843,768.9404
518.09283,-13.828247,768.9405
518.0928,-13.828064,768.9405
518.0928,-13.827942,768.94055
518.0928,-13.827759,768.94055
518.0927,-13.827637,768.9406
518.0927,-13.827454,768.9406
518.0927,-13.827332,768.9406
518.09265,-13.827148,768.9407
518.09265,-13.826965,768.94073
518.09265,-13.826843,768.94073
518.0926,-13.826721,768.94073
518.0926,-13.826538,768.94086
518.0926,-13.826355,768.94086
518.0926,-13.826233,768.94086
518.0925,-13.826111,768.94086
518.0925,-13.825928,768.9409
518.0925,-13.825745,768.9409
518.09247,-13.825623,768.941
518.09247,-13.825439,768.94104
518.09247,-13.825256,768.94104
518.0924,-13.825134,768.94104
518.0924,-13.825012,768.9411
518.0924,-13.82489,768.94116
518.09235,-13.824707,768.94116
518.09235,-13.824524,768.94116
518.09235,-13.824402,768.94116
518.0923,-13.824219,768.9412
518.0923,-13.824036,768.9413
518.0923,-13.823914,768.9413
518.0922,-13.8237915,768.9413
518.0922,-13.823608,768.94135
518.0922,-13.823425,768.9414
518.09216,-13.823303,768.9414
518.09216,-13.82312,768.94147
518.09216,-13.822937,768.94147
518.0921,-13.822815,768.94147
518.0921,-13.822693,768.94147
518.0921,-13.82251,768.9416
518.09204,-13.822327,768.9416
518.09204,-13.822205,768.9416
518.09204,-13.8220825,768.94165
518.092,-13.821899,768.9417
518.092,-13.821716,768.9417
518.092,-13.821594,768.9417
518.0919,-13.821411,768.9417
518.0919,-13.821289,768.9418
518.0919,-13.821106,768.94183
518.0919,-13.820984,768.94183
518.0919,-13.820862,768.9419
518.0919,-13.820679,768.9419
518.09186,-13.820496,768.94196
518.09186,-13.820374,768.94196
518.09186,-13.820251,768.942
518.09186,-13.820068,768.942
518.0918,-13.819885,768.942
518.0918,-13.819763,768.942
518.0918,-13.81958,768.94214
518.09174,-13.819458,768.94214
518.09174,-13.819275,768.94214
518.09174,-13.819153,768.9422
518.0917,-13.81897,768.94226
518.0917,-13.818787,768.94226
518.0917,-13.818665,768.94226
518.0916,-13.818481,768.9423
518.0916,-13.818359,768.9423
518.0916,-13.818176,768.9423
518.09155,-13.818054,768.9424
518.09155,-13.817871,768.94244
518.09155,-13.817688,768.94244
518.0915,-13.817566,768.94244
518.0915,-13.817383,768.9425
518.0915,-13.817261,768.94257
518.09143,-13.817139,768.94257
518.09143,-13.816956,768.94257
518.09143,-13.8168335,768.9426
518.0914,-13.81665,768.9427
518.0914,-13.816467,768.9427
518.0914,-13.816345,768.9427
518.0913,-13.816162,768.94275
518.0913,-13.81604,768.9428
518.0913,-13.815857,768.9428
518.09125,-13.815735,768.9428
518.09125,-13.815552,768.9429
518.09125,-13.81543,768.9429
518.0912,-13.815247,768.9429
518.0912,-13.8151245,768.94293
518.0912,-13.814941,768.943
518.0911,-13.814758,768.943
518.0911,-13.814636,768.94305
518.0911,-13.814453,768.9431
518.09106,-13.814331,768.9431
518.09106,-13.814148,768.9431
518.09106,-13.814026,768.9431
518.091,-13.813843,768.9432
518.091,-13.813721,768.9432
518.091,-13.813538,768.94324
518.091,-13.813416,768.94324
518.09094,-13.813232,768.9433
518.09094,-13.81311,768.94336
518.09094,-13.812927,768.94336
518.0909,-13.812805,768.94336
518.0909,-13.812622,768.9434
518.0909,-13.8125,768.9434
518.0908,-13.812317,768.9434
518.0908,-13.812195,768.94354
518.0908,-13.812012,768.94354
518.09076,-13.811829,768.94354
518.09076,-13.811707,768.94354
518.09076,-13.811584,768.94366
518.0907,-13.811401,768.94366
518.0907,-13.811218,768.94366
518.0907,-13.811096,768.94366
518.09064,-13.810913,768.9437
518.09064,-13.810791,768.9437
518.09064,-13.810608,768.9437
518.0906,-13.810486,768.94385
518.0906,-13.810303,768.94385
518.0906,-13.81012,768.94385
518.0905,-13.809998,768.94385
518.0905,-13.809814,768.944
518.0905,-13.809692,768.944
518.09045,-13.80957,768.944
518.09045,-13.809387,768.944
518.09045,-13.809265,768.94403
518.0904,-13.809082,768.94403
518.0904,-13.808899,768.9441
518.0904,-13.808777,768.9441
518.09033,-13.808594,768.94415
518.09033,-13.808472,768.94415
518.09033,-13.808289,768.9442
518.0903,-13.8081665,768.9442
518.0903,-13.807983,768.9443
518.0903,-13.8078,768.9443
518.0903,-13.807678,768.9443
518.0902,-13.807495,768.94434
518.0902,-13.807373,768.9444
518.09015,-13.80719,768.9444
518.09015,-13.807068,768.9444
518.09015,-13.806885,768.9445
518.09015,-13.806763,768.9445
518.0901,-13.80658,768.9445
518.0901,-13.8064575,768.9445
518.0901,-13.806274,768.9446
518.09,-13.806091,768.9446
518.09,-13.805969,768.9446
518.09,-13.805847,768.9447
518.08997,-13.805725,768.9447
518.08997,-13.805542,768.9447
518.08997,-13.805359,768.94476
518.0899,-13.805237,768.9448
518.0899,-13.805054,768.9448
518.0899,-13.804932,768.9448
518.08984,-13.804749,768.9448
518.08984,-13.804626,768.9449
518.08984,-13.804443,768.94495
518.0898,-13.80426,768.94495
518.0898,-13.804138,768.94495
518.0898,-13.803955,768.945
518.0897,-13.803833,768.94507
518.0897,-13.80365,768.94507
518.0897,-13.803528,768.9451
518.08966,-13.803345,768.9451
