156.84431,-135.11292,2685.3716
156.05705,-136.73837,2685.922
158.25006,-135.66296,2682.9062
159.14279,-136.05025,2681.0183
143.23553,-146.45349,2673.6155
133.26825,-150.65927,2663.1792
127.41678,-151.03471,2657.5547
122.28293,-152.5213,2648.0393
117.30552,-151.93481,2642.653
112.61481,-150.43489,2635.7368
107.76271,-143.34792,2629.666
93.22624,-137.6593,2614.668
77.80413,-147.40808,2601.477
68.13715,-151.89436,2597.2678
56.645725,-158.68704,2591.194
47.33739,-154.48935,2576.8645
27.177715,-144.85904,2555.769
15.706943,-138.4588,2551.4888
9.659609,-146.19737,2546.0085
-0.8844652,-149.75673,2534.6318
-5.333423,-150.51436,2533.7278
-18.315557,-149.03798,2530.519
-35.041718,-149.51443,2528.2827
-46.055725,-146.79388,2526.421
-43.377487,-143.9283,2522.8052
-40.62974,-141.31679,2507.7725
-45.336136,-140.44034,2500.039
-48.18593,-132.91728,2488.3057
-58.760456,-127.0092,2482.2307
-61.71956,-126.615135,2480.1084
-58.899548,-128.92145,2481.502
-55.385254,-131.27649,2480.7483
-42.932625,-133.33907,2468.7415
-45.823315,-136.64151,2470.1028
-37.61764,-138.33255,2462.4287
-19.887682,-129.74666,2437.4448
-20.79257,-132.00081,2437.8984
-10.391075,-127.58494,2434.4907
-6.7117424,-129.19745,2435.7568
-1.3191588,-130.69183,2432.158
4.0372458,-133.27147,2430.8196
6.073469,-133.47755,2426.017
12.152648,-135.89336,2419.9626
20.447174,-138.4294,2412.5125
25.553137,-138.30914,2406.63
30.077251,-132.45512,2401.3787
30.928253,-132.17563,2399.809
32.518417,-131.70946,2399.4868
38.790123,-130.75859,2398.9128
41.654976,-133.20728,2399.655
42.841915,-134.09465,2401.7058
42.15104,-134.45996,2404.1296
41.715843,-133.7696,2404.8384
41.967335,-134.62595,2407.0369
43.49077,-134.73589,2408.9426
42.39422,-135.56631,2411.3384
41.37515,-136.55487,2413.969
40.404976,-136.89194,2417.7698
16.841152,-132.89386,2429.708
3.4919415,-126.524284,2435.5933
3.352254,-126.0054,2436.525
-0.09785843,-130.54446,2451.1482
-3.2999864,-128.6308,2461.8313
-9.143575,-118.18373,2472.3855
-7.5804353,-124.04248,2481.1108
-6.9407983,-122.24898,2484.0024
-11.215137,-123.83466,2489.4888
-24.956062,-129.25275,2514.7056
-26.958649,-129.01173,2521.7986
-28.228214,-122.406456,2523.829
-28.497057,-122.74869,2523.277
-26.192907,-123.141945,2527.4487
-23.31094,-126.605225,2533.2751
-11.742511,-140.1301,2550.235
-6.284382,-150.30939,2560.3782
-1.1001167,-156.99901,2568.5115
5.1584435,-154.99438,2570.307
19.134592,-160.0364,2578.9866
27.926573,-162.06349,2597.2886
32.920864,-164.15176,2605.0012
42.326862,-168.88084,2619.1985
52.944416,-165.70886,2635.2139
62.219246,-159.48561,2646.9175
70.61445,-157.12341,2652.883
91.20355,-169.45306,2666.7844
104.16162,-171.24155,2685.3464
107.75996,-170.62564,2695.435
112.25384,-161.81021,2706.6335
116.4865,-146.99756,2713.7231
113.04996,-139.40088,2726.4758
115.09721,-135.6084,2729.5334
112.97873,-142.00053,2738.448
112.23514,-146.21573,2749.54
110.93085,-154.35681,2763.018
109.023834,-158.10672,2773.7417
104.52105,-160.14798,2781.4143
97.50998,-164.317,2788.9763
88.388504,-170.81166,2799.9036
83.189026,-171.47528,2802.8276
74.804016,-178.077,2822.0437
62.377457,-184.0384,2834.958
54.12616,-183.35974,2839.295
42.086445,-173.96455,2841.8474
37.48947,-173.1159,2845.6104
25.54352,-170.85709,2849.574
2.2822456,-180.70416,2856.446
-5.328284,-177.6637,2859.175
-20.472694,-171.21748,2865.7517
-29.629887,-168.39043,2871.8787
-31.6882,-165.46298,2871.34
-35.45193,-175.4459,2881.4924
-39.92219,-176.66637,2886.171
-44.747864,-179.30884,2898.7834
-48.861256,-177.46164,2901.9714
-50.32573,-178.56042,2906.0625
-53.672005,-179.43376,2912.9514
-53.678074,-176.87135,2910.1265
-68.494804,-158.71541,2897.739
-65.36653,-165.42493,2905.265
-61.050125,-169.42047,2909.8042
-57.942497,-171.52922,2912.9292
-55.03699,-171.23293,2919.5151
-52.98117,-171.93077,2925.0864
-51.07599,-172.44371,2926.0208
-38.56274,-170.8819,2930.9812
-19.613098,-174.80539,2935.6235
-21.61849,-177.77469,2935.888
-12.16375,-180.77055,2932.0232
9.078264,-188.87685,2940.7256
20.482533,-192.53484,2942.206
27.038155,-194.81873,2941.651
29.77926,-195.83778,2941.3472
32.201626,-192.10367,2941.7532
34.04649,-184.11334,2940.4604
36.384293,-180.968,2940.03
38.58978,-182.439,2939.166
43.311466,-179.68633,2940.2305
47.51417,-176.80585,2942.4993
51.174423,-175.59207,2950.144
55.98929,-172.31372,2946.1938
60.023838,-167.46362,2937.0283
59.571144,-167.5093,2938.3481
64.65483,-165.65302,2937.8933
63.48949,-165.41475,2937.5747
64.454475,-164.50415,2935.5703
61.317562,-167.63306,2929.5042
59.75115,-164.63463,2927.2046
46.903973,-169.4008,2924.2266
42.17143,-175.7528,2922.2874
46.19282,-172.50839,2924.5034
46.450466,-170.35031,2925.7312
35.197113,-169.68953,2924.922
27.419895,-172.7613,2923.0164
21.98447,-174.44164,2922.4568
11.065353,-179.82043,2917.792
12.147822,-178.83755,2918.0205
5.6170635,-171.36581,2908.2595
0.81182396,-169.5701,2905.62
-5.4150453,-169.7001,2901.2812
-10.681321,-174.3479,2899.3523
-14.932947,-185.73547,2898.8752
-16.467827,-180.77887,2898.5813
-23.090256,-180.70624,2899.0237
-22.398392,-177.2021,2899.036
-44.7153,-181.15819,2886.455
-59.34286,-191.00174,2874.7258
-63.44307,-186.25449,2872.9417
-60.690742,-182.8225,2876.1414
-62.73691,-181.18512,2874.997
-63.724277,-176.87866,2875.3552
-65.045006,-175.85818,2873.8801
-65.227875,-176.37556,2871.7314
-65.59568,-176.47327,2870.1692
-65.770615,-175.22119,2870.3523
-66.640656,-172.68213,2870.4673
-65.94622,-169.96338,2870.5327
-66.9146,-169.84682,2870.4385
-67.164116,-166.72993,2871.9548
-67.42238,-161.49353,2875.46
-67.24704,-160.93149,2874.9512
-67.236786,-155.99515,2873.152
-66.46098,-156.63693,2875.1636
-65.90237,-154.93652,2876.383
-65.14725,-156.72047,2876.37
-64.9329,-155.36804,2878.9153
-61.758484,-152.37204,2883.137
-59.7343,-152.6575,2884.7085
-58.28677,-153.33238,2884.244
-44.06022,-155.78897,2885.9866
-31.595222,-156.89484,2881.7776
-25.458681,-162.8754,2878.8457
-23.671463,-167.82156,2877.6326
-26.307056,-167.51978,2879.4756
-26.710958,-166.31721,2881.1235
-26.567968,-165.17789,2877.6345
-26.739477,-164.73956,2880.1182
-25.998854,-164.31325,2879.7983
-26.764412,-164.29837,2880.31
-27.53431,-163.2021,2881.3818
-29.39466,-162.62604,2883.281
-27.753613,-161.46756,2884.8508
-26.559296,-158.37857,2889.4556
-27.107605,-158.51917,2888.709
-28.063255,-158.45518,2888.302
-30.118057,-158.08711,2883.0676
-30.175377,-157.30269,2884.9043
-40.403847,-155.16608,2882.148
-40.173035,-154.04324,2885.2263
-43.477757,-152.34708,2888.7224
-50.874306,-150.09253,2888.9316
-50.221806,-142.67644,2887.307
-49.438354,-137.34604,2885.8767
-51.7716,-132.90543,2882.5667
-53.160915,-135.51556,2886.7903
-53.304306,-138.34708,2899.9644
-52.755207,-135.97705,2896.9683
-54.058502,-135.4,2895.959
-51.4673,-137.37611,2894.75
-52.247425,-133.95636,2894.8262
-53.70038,-123.705505,2894.72
-53.87676,-113.765495,2887.639
-53.496346,-112.45192,2883.9028
-53.346138,-113.27432,2881.2869
-46.431725,-111.86782,2873.17
-48.149345,-113.635254,2872.762
-42.75266,-114.47489,2871.1257
-34.052517,-115.478134,2873.2085
-25.653582,-117.91005,2879.3984
-27.486704,-125.65543,2879.9631
-24.588165,-126.13394,2883.3813
-21.809978,-128.08711,2885.196
-20.547783,-132.45538,2889.393
-17.411402,-126.11722,2882.2961
-18.457863,-123.006645,2880.71
-19.792618,-125.59108,2882.333
-17.84064,-127.35238,2885.873
-16.515362,-133.34698,2887.1252
-14.744602,-134.48322,2889.3108
-14.242424,-129.62631,2889.8936
-16.919098,-129.7898,2891.093
-12.955947,-129.77802,2891.7388
-22.955938,-139.38617,2890.8584
-37.81582,-130.58325,2890.093
-41.69483,-123.987175,2880.4531
-42.262222,-121.69978,2876.7715
-42.71549,-121.3845,2872.7097
-40.03181,-120.88907,2868.0708
-39.17751,-123.97418,2872.2988
-34.70403,-127.43922,2867.8882
-30.401752,-127.845,2867.3462
-24.792099,-130.62892,2871.922
-22.679909,-136.10977,2883.0125
-21.661583,-140.2576,2888.5134
-22.878174,-142.69775,2892.7483
-26.062176,-144.34378,2894.3599
-23.970371,-143.24991,2889.6133
-20.905537,-145.56393,2884.9468
-21.80838,-146.08334,2884.6619
-23.145763,-151.52084,2891.846
-22.43341,-156.85056,2898.2239
-21.942352,-160.49348,2897.7026
-23.285393,-163.43672,2903.4492
-23.772049,-165.39499,2907.6313
-23.35086,-169.47798,2909.289
-21.706604,-173.94511,2905.9756
-22.815716,-176.12514,2908.3984
-23.807343,-178.49638,2912.3022
-24.86995,-183.73587,2917.64
-20.889824,-187.98413,2915.5818
-16.228195,-190.41188,2916.5764
-15.743774,-193.38922,2918.6145
-14.003281,-195.56677,2919.7122
-12.061218,-198.19742,2926.2664
-9.653275,-199.92503,2929.8054
-8.228012,-202.78477,2934.584
-6.602951,-206.95819,2937.433
-7.0523834,-209.96289,2939.9658
-7.5598984,-211.8968,2939.5432
-13.353607,-215.88776,2943.7502
-14.22403,-217.54189,2935.515
-19.367096,-217.68204,2937.3416
-20.620499,-221.75748,2940.0352
-21.189384,-224.36284,2938.9617
-24.718712,-225.69073,2941.6272
-26.11451,-225.3286,2940.974
-26.478745,-227.81169,2935.8235
-29.002655,-228.49228,2936.7092
-27.746712,-228.13321,2935.7996
-32.733276,-226.56773,2938.9314
-33.680916,-229.64835,2935.111
-32.73407,-230.0631,2932.5945
-29.732895,-232.02794,2929.8955
-28.341492,-230.42535,2930.9307
-21.88678,-231.14456,2931.1794
-14.972031,-233.20912,2927.746
-7.552948,-236.02623,2926.7556
3.6953888,-237.84766,2926.6384
15.974014,-240.17499,2925.377
26.885635,-239.63606,2925.2131
36.492645,-237.27457,2923.5867
48.544647,-240.07483,2911.2803
57.772522,-242.53183,2909.8022
68.14395,-241.41385,2909.2627
78.32518,-241.73251,2906.204
88.14276,-242.62462,2901.3223
97.21364,-244.13884,2906.1511
103.25136,-244.66797,2906.2407
117.20863,-243.7789,2904.9934
125.436035,-242.6168,2906.1245
131.3421,-240.74022,2905.146
136.8868,-239.49403,2903.0173
142.17488,-238.5679,2898.9812
156.54327,-237.55246,2899.106
179.60338,-235.88306,2917.2175
190.67834,-230.82977,2930.6086
200.78752,-226.15906,2932.8975
218.27737,-219.16138,2944.2378
230.20273,-211.99026,2947.686
241.66855,-203.27077,2948.7883
254.05681,-197.55937,2944.3777
261.98557,-191.01143,2939.1628
272.59833,-181.65509,2927.2676
282.94678,-174.38966,2915.733
290.61136,-167.6026,2909.6326
299.82883,-159.39886,2902.3357
310.14697,-156.38185,2890.6768
317.1786,-152.61662,2880.0703
320.87424,-147.56824,2869.9944
324.51025,-144.43857,2859.1074
329.23972,-140.51418,2842.9004
332.67935,-138.7639,2831.99
341.00653,-131.22983,2821.0027
350.96255,-126.17032,2808.0093
356.05493,-126.55655,2797.4163
360.27045,-125.950836,2787.0056
366.8902,-127.42544,2780.2207
372.1494,-131.24971,2773.5593
374.71613,-135.28467,2768.9597
378.89743,-138.95935,2768.1748
382.5342,-140.67828,2765.469
379.83884,-148.87225,2764.3572
372.2507,-155.26668,2766.807
366.4869,-157.28766,2761.3992
361.26532,-164.63159,2758.232
358.97516,-170.47873,2758.0833
356.8401,-175.3844,2757.7305
353.7535,-184.83546,2765.9436
346.68225,-195.68823,2771.1465
338.1626,-203.85335,2769.7703
335.08575,-211.71027,2773.3232
330.5551,-218.24992,2776.1233
325.31857,-223.32578,2768.1316
322.01233,-229.50928,2771.142
321.43298,-235.37709,2773.5737
319.67865,-238.6356,2774.7715
320.6319,-239.02997,2775.298
321.3104,-241.43327,2773.2312
316.56857,-243.21942,2771.4749
312.1507,-247.65945,2774.2764
306.1623,-252.09036,2775.138
301.31412,-251.00797,2766.2693
298.20862,-253.60458,2765.244
296.39642,-255.43536,2764.3188
293.14255,-257.45966,2758.3667
288.90817,-264.65933,2760.1152
287.5755,-268.63928,2759.7126
285.2392,-269.03033,2749.1797
286.19882,-268.4652,2741.9507
294.08557,-269.90796,2744.077
295.18317,-270.51672,2733.2332
299.32175,-272.70538,2732.3604
302.29266,-277.4405,2731.5476
302.19653,-284.1075,2730.1157
298.90366,-288.50388,2729.594
302.9449,-290.67615,2737.8616
307.1347,-293.19678,2739.1765
308.38974,-295.53903,2737.2803
308.6647,-296.41785,2732.5425
308.5555,-297.6987,2726.57
308.25726,-298.12888,2717.1482
307.0965,-299.90485,2707.6165
306.39938,-302.09842,2693.5708
303.67468,-306.67453,2683.241
297.78116,-309.63043,2677.2524
291.67926,-314.2187,2662.7507
282.3683,-320.60687,2653.341
270.5401,-326.85455,2645.1309
260.22302,-334.38196,2635.9995
246.04848,-342.36746,2633.0835
239.03214,-348.60678,2638.382
234.50763,-352.42444,2638.7358
214.91997,-362.6588,2662.554
205.91948,-369.11288,2669.649
201.03696,-374.65985,2672.5647
194.81589,-380.7119,2683.6558
188.74942,-387.15485,2680.822
186.8641,-393.5655,2687.0881
187.701,-393.22055,2689.6492
188.29868,-395.3666,2711.5586
189.32584,-393.4594,2709.945
189.43677,-393.98596,2719.1284
187.24864,-393.41388,2726.9612
186.03975,-389.8721,2733.2563
181.62083,-385.64584,2735.1248
180.00755,-381.48135,2741.827
182.29576,-378.48315,2751.8647
181.62592,-374.9301,2767.9856
178.65111,-376.87128,2763.2847
175.73172,-375.22015,2759.063
173.21962,-375.31702,2753.6511
172.38623,-376.18243,2764.6511
169.08417,-376.63336,2770.2085
169.302,-377.34,2769.152
163.03218,-379.31995,2750.469
161.8518,-378.37085,2744.3572
165.93742,-377.50488,2742.6248
172.66615,-371.79138,2739.7334
174.81856,-374.3029,2737.7483
185.10321,-369.17984,2738.6948
198.61975,-363.07715,2747.593
213.8418,-362.1336,2755.31
221.01514,-362.69196,2761.0405
245.39838,-364.3448,2777.3088
243.45068,-345.71402,2839.4219
219.56555,-352.52478,2872.3806
213.23428,-345.8139,2905.4397
189.42792,-351.02893,2927.2197
175.25185,-339.30713,2947.1887
168.62965,-326.68585,2965.5283
163.61958,-325.06946,2971.575
119.26381,-330.6714,2975.9268
99.7649,-326.69003,2978.555
80.63699,-320.6714,2977.117
72.51179,-312.04718,2982.1768
63.215096,-307.63184,2984.4927
59.891136,-309.242,2985.1191
57.700363,-310.4717,2987.0845
55.623047,-311.89133,2988.9397
53.141014,-303.89575,3001.8918
42.15988,-293.79022,3010.1382
36.062004,-280.97183,3017.971
30.22393,-273.9684,3028.425
23.888802,-269.17786,3038.1113
18.701302,-266.6359,3043.9104
12.3860855,-268.1708,3048.4966
11.995766,-254.20135,3063.1567
2.9594727,-250.1374,3069.3164
-0.714241,-246.76154,3073.3047
-5.8414764,-243.05048,3073.4436
-25.068367,-243.6287,3065.512
-38.64282,-243.06335,3063.14
-39.91666,-244.78648,3064.9355
-47.042416,-243.27577,3063.0952
-56.271065,-243.9734,3052.0154
-67.26698,-240.75323,3046.048
-71.652054,-238.708,3042.5325
-68.18462,-241.14496,3036.743
-68.895,-233.76938,3036.0798
-62.15017,-225.3294,3038.9778
-51.985516,-226.80107,3036.8918
-39.79851,-225.839,3035.025
-11.52481,-223.2096,3030.3164
-2.4457617,-223.85464,3020.312
6.48617,-225.585,3010.7397
5.0006733,-228.1543,3005.6787
-3.2842045,-232.80501,2993.4424
-19.568027,-238.75151,2987.6577
-28.986628,-241.14648,2983.232
-45.774014,-231.71857,2996.0686
-56.362854,-234.07053,3003.4768
-78.065445,-233.19113,3016.2034
-91.33484,-235.13382,3021.086
-102.84301,-237.26047,3022.7632
-115.422485,-245.82536,3016.2402
-128.84615,-247.45596,3013.395
-148.07074,-261.1159,2994.5562
-171.8352,-262.26294,2986.6023
-184.94598,-262.594,2976.676
-193.27878,-273.0144,2956.85
-200.17563,-282.6361,2932.306
-207.9545,-292.2854,2896.994
-227.11143,-302.29364,2859.4937
-257.67123,-307.95532,2813.9607
-286.19534,-305.53613,2788.884
-298.5789,-297.59583,2773.1184
-300.7332,-285.99277,2758.316
-336.39505,-264.28687,2795.0657
-371.97266,-237.82993,2843.6465
-357.6599,-218.9989,2856.509
-350.48544,-203.7145,2864.6213
-377.99838,-150.07465,2931.6812
-386.95526,-114.3784,2967.9832
-377.52454,-96.90799,2978.9753
-375.04208,-72.479614,2999.8958
-367.05316,-66.78998,2994.633
-352.65488,-54.559616,3010.43
-346.83478,-50.32721,3015.4473
-336.64838,-54.12166,3006.281
-329.76337,-58.236282,3003.822
-315.0608,-64.87445,3001.8142
-303.30566,-66.958115,3006.9683
-294.43393,-73.62976,3032.4824
-278.5306,-85.12337,3056.2644
-260.23755,-86.05365,3072.9321
-234.7667,-85.98111,3100.4812
-185.81381,-98.4216,3126.844
-113.64485,-122.135735,3153.0325
-12.160896,-168.82068,3157.171
40.15346,-220.98024,3133.6548
70.18742,-280.53067,3106.0642
86.02653,-337.87646,3060.4067
91.91228,-381.29108,3038.0654
93.18805,-405.63385,3041.1064
81.03014,-435.37775,3028.0652
67.761406,-462.36526,3015.5732
77.495605,-486.77838,3024.3975
49.083466,-495.28384,3022.6123
35.684982,-509.44788,3023.0845
25.937927,-518.21875,3027.115
12.763535,-532.24567,3023.5193
-8.554367,-539.2069,3013.2246
-25.3723,-541.78796,3006.919
-40.32731,-539.1463,3007.7612
-62.115906,-542.24115,2999.0952
-85.71065,-537.6285,2990.3237
-102.70463,-538.5735,2992.2686
-112.002075,-534.2179,3000.8142
-128.52654,-530.9486,2997.2773
-145.31921,-528.6702,2995.986
-162.75668,-527.30273,2990.9438
-185.01442,-525.6998,2985.8984
-208.21484,-528.76465,2974.9678
-227.60593,-520.3853,2968.042
-237.24985,-503.39282,2973.6372
-249.10641,-495.0815,2974.027
-261.4592,-492.20288,2963.292
-272.87305,-488.7399,2956.6768
-279.9014,-486.539,2947.1516
-275.02164,-481.78186,2942.8398
-271.7729,-477.5569,2934.8784
-273.4729,-473.4749,2920.1863
-267.1124,-467.17407,2908.8818
-247.67642,-458.35754,2903.3328
-228.25626,-439.91797,2910.91
-205.20737,-420.29428,2911.3027
-211.42242,-384.6679,2930.268
-225.10408,-355.7293,2938.0464
-243.96916,-324.61163,2951.227
-241.52603,-302.62524,2957.774
-227.01219,-286.87402,2962.9944
-215.27711,-270.1636,2967.7441
-206.91846,-258.45193,2967.131
-209.03807,-244.87384,2971.7104
-205.4163,-232.97107,2976.5293
-202.75764,-219.67238,2974.7664
-202.71144,-207.92583,2978.7974
-210.15808,-193.60194,2992.6638
-214.90247,-184.20248,3002.505
-218.72621,-169.70132,3016.03
-221.38286,-162.76225,3018.084
-222.80171,-159.08435,3013.2214
-224.4497,-155.07498,3014.759
-225.82126,-151.67368,3014.9727
-227.64294,-149.55061,3005.5288
-233.20152,-144.26877,3008.8833
-230.10448,-140.82591,3014.549
-230.05157,-141.4149,3000.7808
-228.75934,-143.88899,2993.817
-200.00868,-132.00604,2986.1619
-199.81125,-135.38412,2970.5784
-183.01935,-129.79211,2955.752
-172.27774,-127.76964,2951.7454
-161.4822,-134.78262,2947.3376
-150.6958,-141.5459,2940.755
-132.25505,-149.2026,2929.952
-112.49802,-153.4929,2930.964
-97.44666,-158.2538,2926.3225
-84.483246,-158.48354,2918.263
-61.64264,-155.45018,2911.3582
-35.25556,-154.57272,2910.971
-6.9838257,-159.30582,2898.0615
8.202209,-162.75269,2888.0688
31.823944,-170.57114,2883.7754
56.66773,-179.18706,2881.495
84.260796,-193.66689,2884.407
101.94858,-195.30371,2896.659
111.873566,-196.36197,2896.0469
156.97751,-204.3051,2885.7673
165.87483,-223.92383,2864.3447
163.74837,-241.6397,2854.705
144.8312,-233.99184,2820.4624
122.51532,-223.01964,2814.7832
109.808075,-217.05486,2814.644
107.58449,-215.09882,2814.4915
113.06041,-215.92593,2810.624
113.8398,-218.75107,2800.5898
111.87089,-220.92494,2790.8962
113.61992,-223.50381,2775.3008
120.27656,-224.6294,2769.386
150.4195,-227.34827,2747.2004
165.23479,-230.32175,2710.2651
165.16153,-226.13876,2695.6104
157.08849,-225.0899,2666.283
147.47856,-223.9147,2645.6726
138.57808,-220.67705,2627.214
127.86431,-217.49307,2609.62
120.77248,-211.42459,2587.791
105.06443,-208.16486,2571.4438
81.50951,-206.71042,2546.497
71.15421,-199.89897,2527.5806
53.766064,-199.83151,2496.2173
38.281395,-197.57722,2470.6484
21.577484,-195.11711,2449.5647
3.6649323,-190.5477,2423.7922
-8.337027,-184.44444,2403.85
-23.614655,-182.7674,2381.4863
-40.13115,-181.38461,2366.2466
-54.960854,-181.6409,2354.26
-70.013695,-180.97862,2345.035
-85.252304,-178.80681,2342.9282
-99.66846,-176.93532,2340.9607
-111.44544,-168.60077,2343.7405
-121.73354,-165.98581,2344.8354
-131.30206,-166.05951,2343.6997
-45.38236,-164.03687,2327.288
-16.811619,-160.79486,2323.4048
11.760627,-155.98122,2292.0042
33.73693,-151.99753,2273.1855
45.57713,-146.72865,2262.2292
51.656853,-141.27902,2257.1243
53.364994,-137.893,2252.0042
53.042976,-135.05963,2245.9866
48.014015,-134.39824,2237.6199
44.027534,-133.05148,2231.6465
44.474365,-132.55215,2227.1313
45.756348,-132.94342,2225.1187
48.6186,-132.08585,2212.3762
48.09442,-131.06021,2202.4124
49.288673,-131.73529,2197.2107
46.912003,-134.18948,2193.7996
45.97102,-138.07895,2189.7117
38.24392,-140.91908,2182.3113
37.514526,-147.61285,2177.8345
37.53852,-152.06961,2176.6152
28.652748,-154.38472,2169.6711
20.349173,-156.05324,2168.4485
9.1483135,-158.4287,2161.1616
5.546418,-157.50131,2136.9128
1.3675318,-155.60815,2125.4985
-9.968672,-151.4668,2105.2244
-15.494507,-150.29492,2095.899
-19.564266,-151.38126,2088.3965
-13.977533,-150.77951,2078.3044
-0.95922375,-142.84962,2056.2373
11.06031,-149.31464,2063.744
23.345575,-150.12308,2065.3682
35.449974,-149.37964,2071.054
55.500374,-147.16765,2087.8623
66.7625,-149.72406,2110.1814
73.74747,-140.65141,2090.6545
82.59015,-134.51862,2084.0974
87.543045,-127.35214,2089.1594
93.163666,-126.57776,2101.8877
90.95316,-131.36156,2117.178
90.79404,-134.05396,2126.3855
91.67384,-134.99493,2135.5325
94.507454,-132.32967,2137.1353
93.45093,-132.83032,2140.0771
81.66103,-136.75534,2151.3848
73.74137,-138.24316,2156.4568
67.20413,-142.86937,2159.8992
66.453125,-142.96379,2160.371
65.82408,-139.572,2157.1028
59.999268,-138.13177,2157.6501
56.71404,-141.18646,2157.8577
59.799206,-142.85098,2156.5198
61.767746,-144.03027,2151.5896
64.73542,-144.13428,2148.4744
65.8746,-143.35593,2144.4624
77.99584,-144.78531,2136.876
81.62636,-142.26129,2128.2732
89.519806,-142.27704,2123.9822
90.5779,-146.99663,2124.5806
91.682144,-148.02853,2120.8237
96.02133,-145.33673,2122.3508
105.83322,-151.02464,2128.093
121.565445,-153.18361,2135.9373
139.96297,-155.86726,2143.957
160.11368,-158.0558,2156.3674
174.79825,-159.45035,2165.1855
194.29428,-161.52129,2179.3574
219.26883,-159.31305,2193.6035
242.39792,-159.75043,2206.4714
268.18524,-159.70847,2225.4612
287.38742,-167.48975,2253.9114
306.76178,-170.74548,2276.7134
327.5323,-171.67102,2297.206
361.73572,-167.71207,2319.9492
386.41583,-164.85852,2338.8213
403.60788,-167.51001,2353.2546
421.4876,-170.20744,2369.2864
437.20062,-178.0463,2387.9473
456.28693,-182.98117,2405.45
467.76556,-194.3377,2425.4358
485.15002,-199.83276,2442.9285
502.76532,-206.33015,2456.7017
516.41077,-211.6485,2465.0781
539.57605,-214.88272,2479.6975
554.73474,-220.57442,2487.7053
564.8525,-227.0381,2494.306
572.2328,-235.20425,2500.8508
576.127,-244.27524,2502.5063
586.25275,-251.42766,2507.6782
593.43756,-257.96417,2507.9375
596.98517,-267.7629,2506.179
590.4813,-283.99908,2515.1106
583.51776,-292.93094,2523.8955
587.43475,-302.00842,2531.5386
589.29034,-310.00137,2532.9285
590.8656,-315.47922,2532.4944
577.0702,-326.85468,2535.72
574.44073,-334.6288,2538.7522
569.00073,-345.07358,2540.2256
567.46326,-352.3141,2540.4917
565.769,-362.36652,2539.524
563.8402,-369.86627,2538.4954
561.8434,-377.8813,2539.1743
555.9238,-387.43402,2543.459
550.1989,-394.86786,2554.582
547.0769,-400.8413,2555.5977
540.2746,-412.42154,2553.655
540.1243,-423.10657,2558.3486
540.9707,-430.82077,2556.395
539.1695,-438.2888,2552.935
539.243,-449.68134,2549.6963
533.9342,-460.2649,2549.7153
531.6317,-469.65765,2551.0146
529.4725,-480.2705,2548.3792
524.63403,-488.13663,2548.623
521.6196,-497.64294,2547.8525
518.9156,-505.24014,2547.1023
514.56305,-513.35187,2542.217
503.9495,-515.2068,2546.1545
498.20886,-519.9333,2547.5996
487.05988,-522.657,2548.2317
481.5048,-523.90686,2548.6843
480.29922,-523.37537,2553.9504
474.35156,-526.1183,2553.7205
469.23315,-527.1787,2551.657
481.94208,-524.2478,2560.6846
484.96716,-523.41144,2562.2747
484.80078,-524.63477,2554.3015
491.49298,-522.93744,2553.9482
493.89307,-520.0626,2551.2598
494.56512,-518.4009,2547.1238
494.2683,-514.5291,2543.1577
496.30316,-511.1515,2542.0432
495.67435,-505.88617,2538.176
498.64282,-504.7773,2532.2195
502.0152,-508.30634,2517.738
504.60776,-505.91336,2508.382
502.67877,-503.91922,2501.1467
497.14325,-500.34232,2499.7812
497.22934,-503.1371,2486.7297
499.92566,-500.66882,2465.9878
498.80725,-500.05945,2453.9956
499.8834,-501.33487,2425.3494
498.256,-496.09485,2402.3718
490.30627,-483.0114,2405.4265
487.51035,-464.816,2413.44
488.04095,-455.46588,2388.7922
500.04895,-435.82574,2368.2153
499.66403,-420.91345,2342.347
494.30566,-400.54126,2345.0696
484.96124,-382.801,2330.3223
471.77823,-363.37802,2322.2705
458.8286,-341.22955,2313.8862
444.48465,-319.49258,2305.3562
429.63663,-297.6697,2296.0786
415.73132,-273.65198,2292.8088
399.05255,-252.32112,2275.354
380.61792,-229.27852,2248.8584
364.81183,-207.05461,2241.2444
345.15372,-184.75037,2217.6882
326.67447,-165.82524,2196.1836
307.6128,-148.37462,2172.8596
292.93747,-134.04175,2163.6406
276.43936,-119.75882,2141.7952
259.3905,-104.23938,2125.3691
241.52083,-87.77176,2107.017
222.71014,-70.24238,2088.5222
209.50314,-58.001038,2077.4014
188.40585,-34.33319,2054.812
169.25931,-16.8965,2038.9332
149.62544,3.4009857,2021.2312
136.40506,10.169189,2015.8925
122.38426,18.746735,2008.182
109.365005,28.637589,2003.4799
98.74762,43.934937,2000.0464
92.51899,39.254837,2004.5077
78.281975,44.49916,2000.3142
51.20246,32.359177,2016.7511
25.51876,31.526825,2030.423
12.4098625,29.656464,2038.9456
5.87265,28.670822,2042.103
5.6220093,23.48262,2049.7244
10.802216,16.388397,2061.133
18.231152,7.017151,2071.74
22.524921,0.9309387,2075.7634
24.315796,-1.5933228,2085.979
19.304703,-4.405533,2100.2915
16.097755,-13.566269,2121.583
19.608253,-24.072693,2146.697
27.789696,-34.89763,2163.1562
25.619087,-48.78015,2195.7268
35.07869,-62.449722,2222.2776
43.51896,-82.28647,2241.1072
49.44156,-95.55151,2257.2634
49.738297,-117.93957,2310.3508
56.413475,-135.53506,2333.7827
75.20148,-153.8959,2349.674
64.52981,-168.88301,2358.8289
72.96131,-181.90945,2362.3044
80.940384,-191.58633,2363.3352
78.32871,-205.55737,2367.9324
85.11115,-220.35756,2369.284
95.50907,-231.569,2370.9905
101.26282,-245.9998,2370.0637
143.71254,-264.55005,2411.974
170.24225,-275.16254,2443.7058
202.28323,-279.6979,2496.1584
224.67523,-283.5903,2546.0083
231.81485,-293.84033,2560.652
239.97672,-295.1399,2572.7124
256.28464,-296.28113,2564.581
272.08005,-296.28592,2561.662
278.6963,-296.92767,2569.9822
282.67776,-286.9547,2569.7683
282.69135,-267.18695,2569.2927
276.69757,-250.04218,2572.372
272.39752,-240.82724,2587.1624
266.6626,-233.45665,2583.4187
268.01813,-216.57675,2586.2998
259.04163,-212.75658,2603.0442
247.1482,-199.6654,2604.59
226.72235,-186.39532,2614.3145
210.1496,-175.46817,2628.364
189.1434,-165.28502,2639.1365
187.18802,-188.03856,2697.9607
177.17285,-207.14633,2753.803
162.37674,-213.9279,2783.3713
142.78085,-220.54626,2792.468
122.85312,-236.60025,2805.9507
114.855316,-248.51624,2838.8892
113.46097,-262.64966,2876.591
106.52028,-266.2919,2905.758
108.139755,-263.53052,2931.7878
109.92934,-258.02368,2949.5322
107.86473,-258.7696,2961.6204
107.15701,-258.7638,2973.2793
98.014694,-255.38155,2975.5796
93.8136,-254.92206,2976.692
88.91322,-261.32132,2978.4133
80.96998,-263.18002,2975.2317
70.51715,-267.7635,2974.9866
60.40007,-272.36377,2975.4304
43.622604,-272.54962,2978.333
28.245499,-271.71362,2975.4705
18.720764,-274.29437,2971.165
-1.0247192,-280.53638,2965.388
-18.252151,-285.53842,2968.3845
-56.628998,-300.50818,2959.775
-85.266754,-300.52264,2967.8872
-120.50813,-331.6162,2949.7378
-154.2644,-355.8588,2932.3423
-184.06726,-351.556,2916.843
-209.5875,-364.65964,2885.751
-220.58572,-353.0232,2871.1953
-248.15997,-339.04932,2855.611
-265.01443,-332.25452,2851.8672
-269.42114,-333.12805,2836.5198
-294.1745,-331.5188,2831.8289
-301.15936,-327.35046,2822.2568
-309.49316,-326.07275,2823.2395
-319.80182,-308.97107,2837.1238
-318.00116,-300.75452,2842.162
-376.46304,-276.76328,2833.5537
-404.94727,-263.7038,2827.066
-436.29962,-252.93837,2820.7344
-454.55588,-245.2783,2817.5027
-468.21716,-237.48462,2817.1257
-504.24084,-227.93689,2802.354
-525.68604,-219.35779,2788.6206
-547.8297,-210.97548,2784.4307
-562.55786,-201.43004,2785.5142
-570.89197,-197.92677,2786.3044
-579.77246,-191.15997,2790.8206
-574.733,-189.74477,2795.4663
-579.8706,-184.4372,2798.9333
-590.8871,-174.05234,2790.5874
-618.55884,-173.3679,2797.5383
-624.0372,-173.44629,2810.9702
-594.5177,-165.0053,2787.7642
-596.2897,-160.14572,2794.7283
-600.89825,-145.82439,2773.3818
-614.4184,-143.01764,2788.7634
-632.49835,-136.22668,2793.1384
-650.5143,-122.147606,2801.611
-652.0285,-116.50519,2810.3599
-651.22766,-105.839005,2809.4224
-633.3384,-100.31746,2802.0317
-635.88165,-97.47986,2804.5212
-632.0494,-89.48451,2805.9277
-623.3552,-79.82218,2794.849
-609.62714,-77.30468,2795.4553
-606.86255,-78.3199,2796.9746
-606.51544,-67.18521,2791.422
-596.7464,-69.979744,2796.2773
-585.1914,-74.09024,2796.053
-575.182,-77.18545,2798.2407
-565.062,-76.52881,2809.474
-556.13513,-63.31308,2801.8276
-561.8312,-63.078148,2831.2131
-553.55145,-63.24314,2828.7534
-549.3164,-66.87622,2832.1418
-541.876,-71.83776,2833.76
-534.5891,-77.206024,2837.642
-526.6246,-76.09053,2834.8691
-519.8937,-77.127655,2843.1042
-516.44385,-81.59762,2850.4434
-515.52484,-78.40757,2856.4148
-510.0561,-84.727745,2858.7334
-494.6034,-83.25436,2852.8433
-482.49426,-87.95253,2853.3662
-478.06497,-101.93055,2855.6873
-466.93488,-102.9548,2855.547
-451.66687,-97.43232,2850.3552
-445.34244,-105.00247,2850.0923
-439.43768,-110.72284,2854.2327
-430.85736,-115.63016,2853.3752
-422.1493,-120.60608,2852.1335
-409.54822,-123.7027,2848.8967
-399.8086,-123.21284,2846.0854
-399.2789,-132.25082,2844.6526
-395.3617,-140.19308,2840.0657
-393.00702,-145.6751,2839.0479
-385.06485,-151.90707,2837.5654
-374.70883,-151.15543,2832.61
-361.80353,-151.98131,2821.5693
-361.78113,-160.0363,2819.5164
-363.16803,-174.14687,2824.795
-368.129,-183.9968,2823.9065
-365.99048,-192.20769,2820.5864
-373.2776,-207.27214,2826.3293
-355.5915,-220.40112,2830.971
-345.45392,-228.9296,2821.6829
-354.8761,-255.55261,2843.7083
-359.99533,-282.4476,2864.5369
-355.41806,-300.0976,2866.549
-336.58276,-314.48376,2864.3538
-326.5717,-325.65002,2866.3442
-310.24188,-343.01984,2862.4546
-300.92303,-354.82495,2859.6494
-300.31793,-366.10358,2857.5532
-295.0134,-374.71838,2857.06
-275.97852,-371.7326,2846.4497
-259.85928,-370.7113,2836.6765
-257.61304,-375.15338,2825.5608
-262.00073,-383.91235,2820.4775
-255.12874,-389.0652,2816.096
-249.65825,-390.426,2809.2974
-247.36218,-390.64362,2798.5183
-246.80008,-392.35712,2793.8208
-237.21503,-399.28033,2796.1655
-235.9979,-379.9318,2779.1592
-230.1258,-385.47247,2788.1824
-227.4844,-409.7082,2822.603
-224.59637,-423.68036,2839.1406
-226.79819,-424.72278,2836.569
-230.83253,-424.6344,2834.7517
-229.77037,-431.14996,2839.2576
-229.04176,-427.6563,2838.793
-228.57971,-423.91522,2831.7566
-231.45056,-420.62213,2822.3438
-232.94656,-414.95288,2815.8884
-227.85118,-428.32104,2809.1174
-235.33775,-425.2368,2806.342
-229.31339,-418.99292,2804.3342
-230.20604,-416.98297,2802.4912
-227.15202,-414.40704,2806.0552
-225.73618,-423.2235,2812.235
-234.62471,-440.1396,2823.5332
-237.00429,-451.43958,2836.6482
-240.42928,-448.79675,2843.367
-235.6541,-438.51907,2841.0107
-231.42505,-430.55872,2834.4758
-216.51028,-419.73004,2832.4624
-215.68619,-409.513,2825.0713
-235.95557,-421.8239,2825.1226
-233.36038,-427.25354,2839.0046
-230.7503,-424.07022,2848.769
-230.42287,-416.48676,2857.4358
-232.35303,-414.93347,2863.7583
-227.59355,-413.93515,2870.7004
-215.16231,-390.94373,2877.741
-212.02017,-358.39175,2881.0693
-203.27676,-342.76303,2882.931
-199.3514,-331.1828,2884.7349
-202.09125,-328.93243,2885.7483
-204.06418,-318.44595,2893.6216
-205.52748,-322.55652,2900.545
-208.0008,-311.6008,2908.2253
-212.1976,-306.58444,2913.228
-215.76295,-309.53943,2925.1353
-211.70349,-309.57642,2927.427
-216.3666,-305.21463,2927.0002
-226.80014,-304.24072,2922.5452
-229.75072,-306.06436,2922.5613
-237.82973,-309.31763,2927.1497
-241.1485,-307.86444,2933.6177
-242.43185,-306.3617,2941.102
-241.16032,-305.72772,2950.1233
-247.03793,-303.41968,2950.4712
-247.59032,-300.6714,2960.288
-248.75232,-302.91327,2965.6387
-252.53023,-300.7277,2968.6208
-253.8103,-296.4223,2975.0935
-266.552,-292.49234,2967.6323
-259.06177,-291.1102,2977.0393
-255.48996,-287.5605,2978.1802
-257.18918,-291.93442,2977.9187
-248.48012,-285.19467,2980.1323
-240.9732,-285.6491,2981.736
-235.11633,-283.67126,2991.1487
-227.85316,-279.6942,2999.1196
-222.6227,-278.12244,3006.2542
-223.16693,-270.88608,2997.0784
-208.4007,-264.1415,2992.1567
-186.02061,-259.08133,2987.5488
-167.60475,-250.1413,2985.3992
-155.97647,-249.44916,2993.1316
-139.40701,-244.93782,3000.3533
-124.431465,-241.47643,3007.4578
-119.71033,-238.94508,3007.9385
-112.084465,-237.11833,3011.3894
-109.16514,-236.57623,3014.3936
-114.97691,-240.95584,3045.0173
-121.94458,-241.6638,3061.7544
-124.7557,-242.2293,3073.4104
-127.32721,-241.90968,3082.5234
-130.41899,-241.00467,3089.8726
-130.94212,-241.64133,3094.4067
-130.86304,-241.29709,3099.505
-139.55154,-243.50038,3105.287
-152.8948,-245.66608,3102.349
-161.69736,-246.96309,3101.0374
-172.93341,-248.13286,3098.8477
-181.26077,-250.65245,3099.6658
-190.32527,-251.5227,3087.9023
-200.19577,-254.52608,3092.828
-220.34105,-251.97034,3090.351
-230.49344,-254.79149,3089.2844
-244.54468,-261.63766,3085.9236
-253.55261,-265.5203,3079.9053
-259.76706,-271.53305,3071.1711
-274.7024,-276.17523,3066.2656
-284.8802,-280.9756,3069.3062
-284.48618,-282.55493,3061.436
-296.61688,-290.2392,3053.5242
-304.46317,-294.54556,3055.633
-310.57047,-296.60043,3051.9438
-314.74237,-302.45224,3049.5552
-333.9867,-307.54132,3040.466
-345.71872,-311.02463,3037.6687
-356.94208,-312.19495,3032.4019
-372.71283,-315.97995,3019.9766
-381.03958,-321.15182,3010.0752
-368.37622,-344.06317,2993.2556
-366.01556,-352.48126,2990.2356
-360.16458,-355.43243,2993.5718
-358.48575,-355.4284,3004.0945
-372.62045,-359.40546,3004.4424
-380.3516,-363.175,3014.0078
-387.1155,-367.4391,3021.3777
-411.076,-369.49805,3017.7703
-416.30438,-373.5869,3018.6765
-417.91794,-379.888,3021.4832
-423.56055,-386.8092,3024.1934
-421.43066,-398.40448,3023.79
-420.37366,-407.31018,3029.9749
-417.4478,-411.73,3039.4197
-407.98328,-418.34985,3044.8684
-403.31683,-423.7396,3055.8716
-392.54465,-434.45163,3062.789
-386.72415,-441.9466,3068.9788
-378.73975,-442.13348,3082.842
-368.7254,-451.07486,3086.3206
-363.76154,-450.70886,3097.217
-364.44806,-455.55963,3099.226
-365.23694,-464.80365,3098.0266
-362.75305,-468.35382,3103.2668
-361.30624,-469.83667,3105.4832
-354.96146,-476.1847,3107.79
-349.3748,-481.95898,3107.5532
-368.39618,-493.45856,3106.1157
-383.40237,-501.06644,3101.4392
-392.58237,-508.7674,3093.2202
-397.80502,-515.5145,3090.3628
-395.10452,-514.90796,3093.3943
-383.55057,-513.39264,3093.6216
-378.27734,-512.9736,3093.496
-362.75635,-511.79755,3090.766
-352.82468,-506.2453,3096.0364
-348.11835,-491.4798,3106.252
-343.0259,-493.5102,3103.118
-334.3402,-487.68024,3106.6555
-328.70486,-481.09497,3111.199
-328.13742,-481.0134,3111.0393
-338.47394,-481.59277,3109.9866
-346.1728,-478.48877,3108.7402
-353.9459,-474.09103,3110.1802
-366.65387,-475.68152,3107.191
-374.02463,-473.4836,3106.418
-378.3508,-467.88202,3108.8027
-388.13046,-464.8711,3110.6555
-390.4253,-456.84387,3124.6616
-381.94418,-456.1606,3124.5605
-383.81284,-454.27145,3123.0603
-390.72867,-457.6807,3117.0708
-380.9711,-455.3402,3116.126
-370.20563,-454.94232,3109.0627
-363.85812,-451.00766,3103.8435
-361.26486,-456.45233,3088.4495
-357.55124,-454.2631,3074.393
-369.75098,-448.227,3068.0027
-363.5831,-458.3013,3026.603
-362.79556,-448.85553,3014.021
-369.30862,-440.74078,3000.6978
-375.7705,-446.97675,2972.7036
-405.22885,-431.11377,2999.4932
-421.68863,-414.63553,3014.9016
-406.87677,-358.24487,3087.9526
-399.03528,-324.95056,3102.995
-389.21637,-291.54578,3114.5952
-384.8583,-256.08566,3122.7422
-384.74448,-249.76315,3111.579
-391.7933,-245.39847,3094.5142
-404.08243,-240.13313,3075.3667
-387.24826,-178.46877,3058.4526
-371.67435,-140.14017,3041.9983
-386.88754,-135.93336,3028.4539
-398.01648,-135.64197,3004.4167
-405.34518,-129.08267,2990.4077
-414.02005,-128.057,2961.8792
-419.20453,-128.26175,2938.5525
-421.8119,-128.40498,2926.5195
-418.29858,-125.081985,2904.4375
-409.68765,-125.31162,2884.674
-399.62418,-130.12556,2869.7703
-397.45413,-137.0383,2855.932
-388.66653,-138.56415,2835.541
-376.5971,-139.14285,2813.9578
-358.50516,-138.19174,2788.1016
-333.25458,-139.11136,2756.2173
-322.31863,-135.35287,2734.3823
-297.64917,-123.5244,2703.679
-283.8675,-114.28841,2671.3816
-269.169,-116.22433,2650.7007
-265.21115,-116.311745,2629.5586
-256.09296,-118.069275,2613.2415
-239.61058,-114.398636,2594.3184
-228.85818,-109.44275,2571.97
-217.61143,-114.10145,2554.9011
-201.55957,-112.7789,2538.9922
-196.15054,-117.89276,2516.9963
-201.8254,-118.93986,2493.3735
-207.23041,-111.82171,2467.3616
-215.06912,-110.53116,2454.3274
-214.45049,-113.29819,2456.0027
-217.21042,-113.4525,2463.492
-214.31589,-129.35245,2489.92
-214.65697,-138.83318,2511.5864
-208.56227,-146.12071,2528.4321
-202.934,-157.8089,2551.092
-194.0515,-170.24387,2577.0393
-179.70508,-178.62312,2588.8176
-97.97363,-225.75993,2665.9265
-41.479027,-258.53003,2665.5496
35.680603,-290.64087,2659.8652
81.68309,-308.68408,2636.7866
115.4537,-320.29156,2618.6658
145.27287,-327.01855,2604.7148
175.73595,-331.30356,2592.5288
199.81711,-333.1116,2585.3962
218.22354,-333.38797,2585.33
227.38113,-336.84875,2577.4922
245.72534,-344.62384,2569.123
262.96417,-350.9031,2558.667
282.11847,-347.96075,2556.4165
290.98923,-347.70374,2557.677
294.77454,-347.36035,2562.882
298.40207,-354.10553,2561.9807
298.4827,-358.60046,2561.7847
302.97778,-362.8735,2558.501
312.6435,-364.52585,2562.295
314.74908,-363.67633,2562.607
315.24426,-364.81384,2561.6902
314.47272,-366.02997,2554.768
314.05478,-361.04102,2537.506
313.48044,-356.92453,2531.0273
314.0055,-356.16028,2528.6165
313.84937,-353.41275,2529.88
311.80905,-351.11404,2529.5476
309.2249,-346.42728,2531.1929
303.7086,-343.32755,2533.936
293.88275,-343.1194,2529.624
262.4781,-350.46185,2560.823
228.1839,-355.71954,2568.5728
197.2213,-360.51862,2571.5662
173.46883,-355.69116,2594.39
159.08598,-350.1102,2617.9902
143.19281,-343.91486,2647.466
132.9523,-338.29727,2667.3293
118.419846,-336.92593,2680.2488
98.68484,-340.94492,2680.299
90.18422,-339.8346,2688.8374
59.39182,-345.87988,2679.5525
43.34851,-344.80078,2687.1372
26.661053,-339.06995,2708.8198
11.341621,-335.7603,2732.054
-0.7070923,-331.0881,2760.4417
-29.423683,-323.2229,2814.0256
-51.641754,-320.53024,2841.6194
-63.527092,-320.12418,2870.493
-75.715256,-321.17413,2896.477
-86.56163,-321.77155,2913.1396
-113.93879,-321.9663,2920.015
-127.533264,-326.6964,2921.0205
-154.66664,-325.814,2917.5698
-186.2676,-322.9691,2918.5288
-212.42719,-318.80273,2922.7356
-237.47708,-316.2185,2936.0684
-258.51428,-311.2141,2951.2341
-269.52322,-308.70547,2974.623
-286.20544,-304.6497,2993.06
-312.8008,-298.81024,3018.6611
-333.12897,-293.3178,3038.7004
-346.52194,-288.4664,3058.9648
-361.0115,-287.43085,3075.072
-373.9583,-284.3242,3090.3252
-383.75504,-283.5704,3100.429
-399.07434,-282.63345,3109.3752
-404.16647,-280.08636,3120.2646
-409.14078,-279.12286,3117.7432
-413.6885,-276.39023,3118.3179
-416.2242,-278.35007,3120.125
-418.75177,-280.4271,3136.686
-423.14227,-280.5415,3141.5022
-431.07684,-286.13565,3150.7205
-447.8891,-287.21683,3163.622
-457.85944,-286.4479,3180.0442
-457.12134,-285.74902,3188.5188
-460.05856,-289.82062,3196.571
-459.71753,-290.81903,3199.2698
-456.54193,-286.5323,3200.7334
-455.95093,-283.9961,3203.0764
-455.2538,-285.69852,3204.9023
-457.08835,-288.93176,3204.9583
-458.14227,-286.69055,3204.0984
-455.11694,-289.16574,3201.1626
-453.4734,-293.00638,3197.905
-454.2509,-295.76303,3189.5085
-461.65036,-299.45935,3184.5693
-458.52267,-301.46326,3179.2463
-456.18948,-302.11383,3174.086
-455.97357,-300.6083,3170.4307
-454.60934,-300.25104,3167.158
-452.88763,-299.02664,3158.9302
-450.33264,-294.60925,3143.5603
-444.99014,-288.71155,3137.1025
-438.66537,-282.29904,3125.0508
-433.4808,-268.84964,3112.5798
-417.39746,-261.3108,3103.5476
-407.89,-253.59595,3104.2305
-375.27563,-242.06712,3092.1724
-336.61908,-230.96553,3075.8855
-297.3065,-220.86835,3053.3894
-272.10907,-213.19215,3029.3247
-235.89598,-202.65305,3000.926
-205.19746,-191.97101,2969.5112
-175.18324,-179.53929,2936.6013
-153.01765,-168.96811,2902.669
-135.6161,-158.74721,2867.6667
-119.18884,-153.95323,2844.55
-111.766594,-149.72658,2818.3813
-104.16714,-149.40903,2799.8044
-96.03145,-147.78069,2782.239
-85.29653,-146.51135,2770.7395
-79.91166,-147.65967,2761.3599
-77.635284,-148.83661,2757.2886
-77.63179,-151.17929,2757.143
-74.10693,-154.90445,2757.3225
-74.53331,-160.10188,2756.2537
-74.439835,-166.672,2757.3289
-73.28613,-174.08437,2757.4087
-73.27651,-178.27374,2759.2588
-70.19127,-180.97243,2763.648
-65.76686,-184.16061,2763.9834
-58.178524,-187.3523,2764.2332
-56.34391,-188.98965,2764.6177
-49.146915,-191.3865,2757.78
-48.22969,-197.14964,2758.996
-49.225014,-201.6315,2765.1145
-43.539627,-209.71342,2783.7307
-32.301353,-214.81299,2796.9648
-25.00622,-217.05794,2806.883
-19.004135,-220.31305,2812.7458
-11.469944,-225.91243,2810.4255
-0.9792633,-237.15393,2810.6577
19.381739,-245.0609,2778.6375
30.410475,-252.30356,2761.808
44.60369,-254.19133,2744.9382
49.46501,-255.99307,2739.8425
48.47036,-256.30014,2730.357
49.83277,-251.64871,2723.966
41.848923,-254.95493,2732.635
30.399199,-256.20108,2747.942
12.456541,-265.29498,2758.8042
-8.90828,-264.91498,2767.5505
-23.517132,-265.62674,2770.682
-34.378387,-272.81787,2767.657
-51.742046,-284.66656,2769.2402
-61.35296,-273.0773,2779.9854
-66.85967,-266.101,2786.1118
-70.531715,-264.9274,2786.1348
-68.73844,-264.4474,2779.4075
-71.18091,-266.2623,2769.3918
-72.42272,-265.91666,2764.788
-69.64082,-264.79865,2763.8108
-66.41019,-263.4947,2763.5334
-55.809654,-264.7762,2763.9302
-41.666145,-264.9101,2776.1372
-35.06521,-264.1492,2782.5535
-35.585236,-269.1997,2780.4004
-39.171127,-273.73447,2780.0315
-43.936317,-276.91058,2786.035
-49.835167,-279.84216,2786.6816
-57.409557,-282.59604,2793.252
-68.03482,-281.1057,2807.196
-77.99066,-281.4211,2819.329
-94.120865,-282.95438,2833.2395
-113.40674,-282.09705,2854.525
-134.44426,-278.06937,2878.216
-157.0193,-277.96637,2893.5405
-183.80157,-272.48636,2913.9167
-205.54362,-269.11453,2934.2305
-231.0643,-267.26007,2951.0571
-257.44742,-263.02835,2973.0796
-283.98465,-260.6765,2996.2651
-310.33572,-259.47284,2994.467
-336.07123,-256.68268,3005.1143
-359.28418,-251.51266,3003.6848
-381.40845,-239.99411,3008.7585
-397.66116,-242.20247,3010.8884
-418.2472,-245.1362,3014.0244
-470.4657,-241.3171,3048.4387
-500.7632,-242.02246,3067.361
-519.839,-244.09235,3078.3086
-537.2041,-244.28845,3087.9465
-547.7739,-244.27335,3088.5417
-554.2146,-243.52237,3082.9304
-560.4015,-240.8401,3084.9114
-563.54846,-243.8361,3082.5454
-566.507,-244.28625,3080.399
-565.6213,-241.81804,3079.0037
-563.07104,-240.09244,3080.0605
-559.71124,-234.6399,3077.4883
-558.0246,-226.66425,3082.251
-552.995,-222.12842,3080.3147
-539.2816,-217.437,3077.1958
-525.6003,-211.69211,3081.5054
-512.1428,-202.92255,3087.975
-494.6648,-190.52052,3097.2852
-465.6685,-181.18002,3099.42
-437.50616,-172.3159,3099.2087
-400.80057,-162.29272,3100.6833
-366.97122,-150.10716,3098.068
-321.40305,-150.61584,3081.8503
-281.29202,-139.14528,3072.454
-236.33447,-132.94427,3060.4688
-196.8266,-120.56089,3049.724
-120.972466,-117.969864,3031.6953
-46.798965,-108.415344,3012.033
9.143539,-100.05426,2986.678
46.981274,-96.701805,2960.878
81.049576,-93.919044,2922.4573
103.33704,-89.028564,2901.8706
104.98948,-91.69371,2852.3628
121.03581,-94.13294,2814.4475
126.447266,-95.52427,2778.3726
115.10301,-98.67604,2738.9944
106.55036,-97.94101,2699.8743
100.460884,-97.112816,2671.1824
89.38039,-95.795456,2655.8184
78.27046,-93.63084,2636.0645
67.92259,-92.45912,2627.498
57.744827,-91.46167,2610.6213
45.942047,-88.65691,2601.8284
38.197727,-86.49185,2593.4834
30.585476,-88.613945,2587.8777
24.83963,-89.39015,2586.8535
22.75439,-89.70317,2584.2046
23.393257,-88.68126,2579.8196
24.48584,-84.82317,2575.601
25.100357,-84.33519,2568.8237
23.904305,-84.18574,2568.3254
23.413017,-81.993614,2558.4355
32.896873,-80.04567,2549.5327
42.398643,-77.27026,2541.8542
51.677597,-78.26708,2542.4885
64.20512,-76.53342,2539.0386
59.913383,-73.31654,2525.606
60.51812,-72.45369,2517.863
69.9147,-71.66745,2506.1184
78.821846,-91.984726,2482.659
92.986984,-114.39075,2473.4348
96.046104,-123.70831,2472.7563
87.34242,-128.44576,2466.3303
86.44005,-138.44241,2466.5327
104.64185,-112.92974,2488.464
100.3836,-99.39692,2500.8687
98.05602,-101.71806,2506.8079
97.64319,-108.06981,2507.2795
99.221115,-124.649124,2499.7126
105.548615,-146.1343,2494.654
114.58113,-164.077,2485.752
139.97908,-192.0299,2462.4976
160.39082,-216.93495,2446.4136
165.83551,-233.16615,2428.1946
191.87407,-242.14072,2418.7822
214.4099,-244.54109,2412.861
232.42123,-237.74036,2412.9658
252.23857,-237.72441,2411.0308
255.78035,-245.913,2400.5464
260.45477,-260.00897,2383.5903
258.61426,-271.5622,2369.663
251.53159,-292.03064,2351.018
239.93166,-323.15338,2319.8206
216.6875,-357.88217,2290.7637
193.95941,-379.24173,2272.525
181.36958,-400.91034,2259.5771
171.12671,-418.73868,2242.2751
165.37833,-434.46198,2228.35
162.06363,-442.45114,2216.1296
156.96729,-453.12866,2197.8723
147.56178,-468.18985,2177.4385
136.93134,-482.3905,2160.1584
127.43363,-494.50848,2146.1123
120.78931,-502.66736,2136.7388
113.527115,-513.1504,2121.5615
109.36402,-520.26855,2112.0417
103.45676,-523.63446,2098.8718
101.81505,-523.3865,2093.7483
99.91983,-522.4074,2089.3564
96.40922,-521.239,2079.299
94.24246,-517.4432,2070.0796
90.77359,-518.1929,2058.3381
86.58794,-516.46155,2048.2483
81.464264,-513.8944,2039.5989
77.10954,-508.38275,2035.0697
80.20747,-497.77045,2037.4606
86.047066,-481.46848,2048.539
82.74271,-471.2881,2043.6765
77.765305,-459.8361,2035.302
69.17056,-449.03134,2027.3314
61.66963,-438.9702,2020.389
56.3002,-430.6987,2014.9866
51.853462,-422.52234,2008.4762
49.31842,-416.539,2003.9354
48.957664,-410.59424,2005.3392
51.614647,-407.33167,2007.8215
51.656574,-411.57532,2006.5048
48.710007,-415.77698,2007.9486
31.298943,-430.73053,2010.9562
28.248735,-439.7857,2028.8737
24.110983,-449.54907,2046.941
8.686365,-464.1941,2055.6997
-8.421804,-481.06958,2062.315
-41.689877,-488.22083,2075.6428
-67.76907,-493.504,2088.9521
-86.01001,-498.9921,2095.482
-94.83274,-506.47693,2103.693
-99.11447,-513.6844,2107.7014
-95.050964,-518.50146,2113.501
-99.208855,-521.2942,2110.8506
-103.51426,-522.21136,2104.0002
-99.99202,-518.17865,2107.4175
-96.16772,-513.4845,2106.1448
-96.3347,-510.1057,2089.8167
-85.30153,-501.67432,2090.719
-70.01919,-495.55573,2071.9058
-56.624947,-482.8783,2074.1802
-48.6689,-464.73828,2087.5115
-38.93818,-445.9797,2100.8774
-24.443748,-426.87228,2105.212
-14.965569,-405.01447,2110.6418
-7.0678253,-384.3249,2114.8809
4.7085648,-364.85913,2114.4346
12.440308,-345.85602,2115.3972
21.945023,-325.69754,2116.8684
28.214607,-308.06427,2115.3176
34.130287,-289.55685,2115.4585
39.989082,-276.82217,2114.1765
42.32631,-264.57864,2112.4668
42.0465,-254.80441,2112.1318
43.46988,-244.43979,2111.8044
42.65554,-239.29996,2110.8848
39.4841,-237.45059,2109.8086
42.36743,-238.17801,2105.0176
46.91812,-245.429,2100.8428
53.617508,-254.55981,2099.677
57.506447,-262.02948,2118.4585
66.595764,-271.55695,2126.4722
78.91318,-280.57196,2138.92
96.48873,-290.0716,2151.1907
99.45647,-296.98813,2154.531
104.541214,-303.51675,2162.1814
110.05271,-310.91418,2158.1277
111.326004,-317.6967,2156.6506
112.6699,-320.92102,2149.7773
116.92649,-320.71503,2145.9307
119.957275,-328.19794,2129.1887
118.9534,-331.78516,2115.1694
116.64343,-335.86548,2095.8062
105.75007,-339.69473,2080.3674
93.1382,-342.92963,2067.6113
76.10051,-346.5163,2053.2527
60.409573,-351.81308,2042.4961
46.05471,-353.91705,2018.162
31.95401,-356.8277,2007.1255
16.885647,-360.72418,1993.6959
-0.0434227,-363.26123,1984.3292
-19.280815,-367.62512,1972.4675
-34.557446,-369.76288,1966.2621
-46.653923,-373.97406,1958.3955
-62.9403,-378.74243,1955.6125
-82.071335,-384.47992,1955.4608
-100.41459,-388.16638,1956.0762
-109.842255,-391.58704,1957.7253
-110.684975,-393.18347,1961.8235
-117.35531,-398.08798,1964.5698
-123.12056,-401.07507,1981.4589
-124.84062,-404.01074,1997.7279
-123.12638,-403.69754,2017.7433
-121.199036,-408.701,2024.9316
-121.7702,-413.46368,2039.8275
-123.12018,-419.5802,2046.9623
-124.480606,-426.49414,2051.0942
-123.29489,-431.07104,2055.3552
-118.14151,-436.88458,2054.0076
-108.27446,-438.11188,2063.7444
-93.9436,-443.34088,2066.5122
-80.89404,-448.26303,2069.193
-75.03526,-452.8581,2071.2732
-71.5101,-454.6623,2071.121
-70.214554,-456.21533,2069.8083
-58.811905,-454.05716,2071.667
-53.385406,-453.18066,2073.9146
-46.551254,-452.404,2071.0508
-44.72885,-449.2545,2070.8516
-44.605698,-444.56665,2065.9749
-44.995995,-442.43164,2053.8447
-52.93396,-436.69833,2043.8726
-62.526215,-428.54333,2031.639
-74.82032,-418.0066,2021.8788
-85.477844,-404.01337,2005.6395
-92.32125,-384.89075,1990.9791
-109.93835,-363.47934,1977.8601
-124.282776,-340.73505,1969.697
-139.73161,-314.44244,1961.6844
-163.23862,-288.4084,1960.0884
-181.37938,-262.88562,1952.2961
-211.65549,-237.66626,1941.4923
-236.6332,-212.2537,1938.9813
-261.34503,-189.92873,1925.7222
-282.22897,-164.91495,1921.0586
-310.24298,-142.63478,1919.7539
-329.54465,-122.20201,1919.9817
-345.88547,-107.38015,1916.9078
-366.48804,-91.996666,1906.2578
-379.0245,-78.623795,1898.7303
-387.62408,-68.89073,1896.9141
-398.36462,-63.46292,1892.8295
-413.47736,-58.843323,1885.6549
-427.50296,-56.542603,1879.8411
-443.51248,-57.677124,1875.9806
-458.38818,-58.334305,1871.6772
-463.82666,-61.985855,1875.0114
-473.09567,-67.92442,1877.6284
-485.0878,-74.455414,1878.3396
-493.3678,-82.15538,1881.6406
-503.04245,-90.76678,1883.4316
-509.34583,-97.83497,1887.2782
-513.4675,-106.09952,1891.7843
-515.5922,-112.74435,1899.1769
-520.60986,-122.93788,1904.614
-526.112,-134.17697,1908.5432
-526.8696,-143.67494,1916.7041
-529.1461,-153.42322,1921.9509
-532.09595,-164.04298,1929.3047
-531.22205,-171.22531,1940.5251
-527.84125,-178.4489,1946.7885
-522.97455,-186.59586,1961.0502
-515.5846,-191.88396,1968.2998
-495.1292,-200.59695,1974.4436
-477.2747,-215.45604,1967.2552
-461.56592,-227.25034,1958.2747
-450.19504,-238.46194,1950.5917
-437.00085,-246.65076,1945.0889
-422.3371,-254.4768,1951.4297
-408.98328,-263.10605,1951.6655
-397.9801,-270.25876,1950.0886
-381.042,-275.13455,1952.6732
-358.34515,-280.17645,1958.8685
-334.48978,-287.63214,1956.2815
-309.03345,-290.85425,1952.8014
-280.92194,-297.89813,1947.3505
-250.92528,-305.03223,1939.4664
-313.64862,-83.22159,1903.4662
-305.69562,-85.36235,1909.7227
-294.64026,-87.76729,1917.6305
-284.69525,-89.106,1924.8274
-279.44363,-86.0435,1931.2478
-271.74384,-87.25113,1942.1941
-258.24637,-86.62309,1954.5891
-246.51178,-88.8864,1974.1476
-220.42279,-91.48067,1997.0519
-201.57037,-86.38156,2016.115
-183.82523,-85.23387,2035.5187
-152.45883,-86.13002,2067.0696
-140.06628,-85.01602,2094.349
-130.48138,-88.55028,2119.5505
-121.56977,-91.20325,2143.2234
-107.34508,-90.44124,2172.5115
-100.76993,-91.8809,2191.4778
-95.563934,-94.09904,2207.5085
-90.03529,-96.780426,2227.918
-86.07157,-103.5486,2243.683
-74.934,-107.0553,2260.1692
-69.04087,-109.513565,2272.2888
-62.446358,-111.675186,2280.6006
-56.39989,-113.00563,2288.7966
-50.009407,-111.33198,2303.149
-39.674843,-109.769875,2310.363
-34.43891,-111.055336,2313.2373
-24.017727,-108.86272,2321.1943
-17.631432,-109.42254,2329.8064
-9.686804,-109.3761,2333.39
-2.1396055,-110.457535,2327.979
3.2065,-112.57346,2323.1846
11.709623,-114.34711,2318.872
16.869255,-112.88922,2315.6814
21.656906,-109.39273,2311.771
21.35545,-109.49848,2303.833
28.65819,-111.70103,2290.193
37.532223,-108.33557,2280.6423
46.90826,-107.57606,2265.2837
54.07174,-107.65868,2253.8796
62.1635,-109.92155,2237.4668
71.67582,-111.55781,2222.8052
85.202324,-113.182495,2208.25
97.67221,-112.38612,2190.4604
108.80626,-108.41997,2184.4526
124.41966,-104.53332,2167.2449
142.22835,-97.59014,2147.57
156.51225,-90.85971,2126.3528
169.39897,-87.819336,2101.7776
173.3824,-84.51932,2078.1245
182.79553,-81.30592,2057.7903
189.06125,-77.63158,2038.8668
193.35469,-77.418564,2019.7422
199.18327,-73.88501,2006.1166
202.73863,-73.880325,1990.7173
210.3302,-69.35307,1981.708
217.90294,-67.224304,1967.6643
224.90994,-66.76288,1954.6407
231.88885,-66.868454,1941.2189
238.01437,-67.798676,1924.3257
247.63875,-68.95973,1907.9425
254.16966,-69.70769,1897.0021
266.47034,-73.00807,1882.7318
276.94595,-74.9836,1869.5007
290.1821,-79.07684,1853.6791
302.136,-80.24982,1838.4897
318.60602,-79.582306,1820.714
333.87668,-82.83241,1802.7283
350.5867,-85.28664,1785.0134
371.48407,-88.95538,1765.2173
393.12238,-90.12661,1742.8488
412.9789,-93.514854,1722.992
431.58142,-98.62529,1705.3237
458.6561,-100.22922,1688.3655
481.00082,-98.711136,1674.4342
497.30228,-97.956726,1661.1462
518.15753,-90.448975,1648.0796
541.5949,-85.841034,1636.1525
565.5029,-83.34769,1627.5559
591.62805,-81.639084,1621.3853
617.17065,-81.85675,1614.4175
642.83685,-79.97531,1605.5382
669.69507,-83.173645,1594.9146
699.6001,-84.80411,1583.8021
719.1805,-94.32273,1580.759
730.7651,-89.7268,1580.8589
741.12195,-96.15244,1564.844
751.92,-102.25686,1556.7385
763.6039,-106.48826,1549.0603
773.3076,-111.69044,1534.4965
775.06714,-117.58893,1517.0438
781.8279,-123.066216,1495.2382
787.3585,-130.11746,1472.9513
790.0098,-89.40882,1439.4624
793.7295,-61.191162,1423.2173
788.1023,-42.91902,1396.3523
777.53845,-37.635666,1361.8171
772.899,-31.925201,1328.5741
763.62823,-29.56134,1297.7163
754.79596,-71.90494,1256.9285
748.60815,-119.43076,1238.6185
737.56836,-152.44942,1229.0867
740.8417,-173.91208,1186.7543
731.3097,-174.07841,1078.4875
692.6487,-175.92375,1016.94635
665.7379,-184.20493,986.5244
652.09546,-188.27255,971.5917
645.07355,-190.31573,964.21375
641.4951,-191.34396,960.5572
639.68823,-191.86028,958.73865
638.7816,-192.1189,957.8319
638.3306,-192.24802,957.3788
638.113,-192.31154,957.1517
638.02234,-192.34071,957.0365
638.02185,-192.34857,956.9748
638.02155,-192.35269,956.94385
638.02136,-192.35493,956.92834
638.0213,-192.3563,956.9206
638.02124,-192.35709,956.91675
638.02124,-192.35768,956.91473
638.02124,-192.35822,956.9137
638.0212,-192.35863,956.9131
638.02124,-192.35902,956.91284
638.02124,-192.35942,956.9126
638.02124,-192.3598,956.9124
638.02124,-192.3602,956.91235
638.02124,-192.36058,956.91223
638.02124,-192.36095,956.9122
638.02124,-192.36134,956.9121
638.02124,-192.3617,956.91205
638.02124,-192.36206,956.912
638.02124,-192.36243,956.91187
638.0213,-192.36281,956.9118
638.0213,-192.36317,956.91174
638.0213,-192.36356,956.9117
638.0213,-192.36392,956.9116
638.0213,-192.36432,956.9115
638.0213,-192.36469,956.91144
638.0213,-192.36504,956.9114
638.0213,-192.3654,956.9113
638.0213,-192.36578,956.91125
638.0213,-192.36618,956.91113
638.0213,-192.36652,956.9111
638.0213,-192.3669,956.911
638.0213,-192.36728,956.91095
638.0213,-192.36766,956.9109
638.0213,-192.36801,956.9108
638.0213,-192.36838,956.9107
638.0213,-192.36876,956.91064
638.0213,-192.36914,956.9106
638.0213,-192.3695,956.9105
638.0213,-192.36986,956.91046
638.0213,-192.37027,956.91034
638.0213,-192.37062,956.9103
638.0213,-192.37099,956.9102
638.0213,-192.37135,956.91016
638.0213,-192.37173,956.9101
638.0213,-192.3721,956.91003
638.0213,-192.37247,956.9099
638.0213,-192.37283,956.90985
638.0213,-192.37325,956.9098
638.0213,-192.37361,956.9097
638.0213,-192.37396,956.90967
638.0213,-192.37434,956.90955
638.0213,-192.37471,956.9095
638.0213,-192.37509,956.9094
638.0213,-192.37544,956.90936
638.0213,-192.37582,956.9093
638.0213,-192.37622,956.9092
638.0213,-192.37657,956.9091
638.0213,-192.37692,956.90906
638.0213,-192.3773,956.909
638.0213,-192.37767,956.90894
638.0213,-192.37807,956.9088
638.0213,-192.37843,956.90875
638.0213,-192.3788,956.9087
638.0213,-192.3792,956.9086
638.0213,-192.37955,956.90857
638.0213,-192.37991,956.9085
638.0213,-192.38028,956.9084
638.0213,-192.38066,956.9083
638.0213,-192.38103,956.90826
638.0213,-192.3814,956.9082
638.0213,-192.38176,956.90814
638.0213,-192.38217,956.908
638.0213,-192.38252,956.90796
638.0213,-192.38289,956.9079
638.0213,-192.38327,956.90784
638.0213,-192.38362,956.9078
638.0213,-192.38402,956.90765
638.0213,-192.38437,956.9076
638.0213,-192.38474,956.90753
638.0213,-192.38513,956.9075
638.0213,-192.38551,956.9074
638.0213,-192.38585,956.90735
380.55173,35.312576,771.44763
267.94037,95.93965,704.0497
219.71826,140.05699,648.5036
235.67085,188.97328,620.1531
240.21387,215.41995,606.3244
242.21179,229.01443,599.88794
243.14456,235.89929,596.7932
243.59305,239.36145,595.27686
243.81018,241.09473,594.526
280.98035,154.36826,582.49054
281.8694,95.58571,570.9801
286.2556,75.780815,572.6253
290.36084,67.55012,576.2285
292.9993,63.708427,578.7958
294.4774,61.834213,580.27594
295.25775,60.9049,581.0651
343.04663,110.61221,557.5618
363.68134,134.49176,551.9082
372.94977,146.1124,550.4513
377.29437,151.83417,550.04095
379.3902,154.67157,549.911
380.41754,156.08394,549.86304
380.92065,156.7729,549.8342
381.1623,157.1282,549.81274
381.26828,157.30118,549.7849
381.25226,157.34853,549.68567
402.52185,356.68353,597.5121
414.15656,452.49985,640.2657
421.4465,496.88287,665.1693
425.57556,518.09503,678.29755
520.12103,283.08356,1030.5308
471.13232,102.06085,936.9221
508.62778,88.985535,872.9579
537.7162,97.652756,834.0673
555.5859,106.76164,814.66376
565.39197,112.559525,805.262
570.51355,115.76965,800.6745
573.1284,117.45166,798.4147
574.44904,118.3114,797.2945
575.1114,118.744125,796.73944
575.43896,118.95535,796.472
575.6006,119.058044,796.3432
575.64825,119.06392,796.3485
575.6721,119.06685,796.35114
575.684,119.06821,796.3524
575.69,119.06879,796.3531
575.69305,119.06903,796.3534
575.6945,119.06911,796.3536
575.6953,119.069046,796.35364
575.69574,119.06891,796.35364
575.6959,119.06877,796.35364
575.696,119.0686,796.35364
575.6961,119.068436,796.3535
575.69617,119.06827,796.3535
575.69617,119.06813,796.3535
575.6962,119.06798,796.35345
575.6962,119.067825,796.35345
575.6962,119.06766,796.35345
575.6963,119.067505,796.35345
575.6963,119.06735,796.3534
575.6963,119.067184,796.3534
575.69635,119.06703,796.3534
575.69635,119.06688,796.3534
575.69635,119.06673,796.35333
575.6964,119.066574,796.35333
575.6964,119.06641,796.35333
575.6964,119.06625,796.3533
575.6964,119.0661,796.3533
575.6965,119.06595,796.3533
575.6965,119.065796,796.3533
575.6965,119.06563,796.3532
575.69653,119.065475,796.3532
575.69653,119.06532,796.3532
575.69653,119.06517,796.3532
575.6966,119.065,796.35315
575.6966,119.06485,796.35315
575.6966,119.0647,796.35315
575.69666,119.064545,796.35315
575.69666,119.06439,796.3531
575.69666,119.064224,796.3531
575.6967,119.06407,796.3531
575.6967,119.06392,796.353
575.6967,119.06377,796.353
575.6968,119.06363,796.353
575.6968,119.06346,796.353
575.6968,119.06329,796.35297
575.69684,119.06314,796.35297
575.69684,119.06299,796.35297
575.69684,119.06282,796.35297
575.6969,119.06267,796.3529
575.6969,119.06253,796.3529
575.6969,119.06238,796.3529
575.69696,119.06221,796.3529
575.69696,119.06204,796.35284
575.69696,119.06189,796.35284
575.697,119.06174,796.35284
575.697,119.061584,796.3528
575.697,119.06143,796.3528
575.6971,119.06128,796.3528
575.6971,119.06113,796.3528
575.6971,119.06096,796.3527
575.69714,119.06079,796.3527
575.69714,119.06064,796.3527
575.69714,119.060486,796.3527
575.69714,119.06033,796.35266
575.6972,119.060196,796.35266
575.6972,119.06003,796.35266
575.6972,119.059875,796.3526
575.69727,119.05971,796.3526
575.69727,119.059555,796.3526
575.69727,119.0594,796.3526
575.6973,119.059235,796.35254
575.6973,119.0591,796.35254
575.6973,119.058945,796.35254
575.6974,119.05879,796.35254
575.6974,119.058624,796.3525
575.6974,119.05847,796.3525
575.69745,119.058304,796.3525
575.69745,119.05815,796.3525
575.69745,119.058014,796.3524
575.6975,119.057846,796.3524
575.6975,119.05769,796.3524
575.6975,119.05754,796.35236
575.6976,119.05739,796.35236
575.6976,119.05722,796.35236
575.6976,119.05705,796.35236
575.69763,119.056915,796.3523
575.69763,119.05676,796.3523
575.69763,119.056595,796.3523
575.6977,119.05644,796.3523
575.6977,119.05629,796.35223
575.6977,119.05614,796.35223
575.69775,119.05597,796.35223
575.69775,119.0558,796.3522
575.69775,119.055664,796.3522
575.6978,119.05551,796.3522
575.6978,119.05534,796.3522
575.6978,119.05519,796.3521
575.6979,119.05504,796.3521
575.6979,119.054886,796.3521
575.6979,119.05472,796.3521
575.69794,119.05458,796.35205
575.69794,119.05441,796.35205
575.69794,119.05426,796.35205
575.698,119.05411,796.35205
575.698,119.05394,796.352
575.698,119.05379,796.352
575.698,119.053635,796.352
575.69806,119.0535,796.3519
575.69806,119.05333,796.3519
575.69806,119.05318,796.3519
575.6981,119.053024,796.3519
575.6981,119.05286,796.35187
575.6981,119.05269,796.35187
575.6982,119.052536,796.35187
575.6982,119.0524,796.35187
575.6982,119.052246,796.3518
575.69824,119.05208,796.3518
575.69824,119.051926,796.3518
575.69824,119.05177,796.3518
575.6983,119.051605,796.35175
575.6983,119.05144,796.35175
575.6983,119.051285,796.35175
575.69836,119.05115,796.3517
575.69836,119.050995,796.3517
575.69836,119.05083,796.3517
575.6984,119.050674,796.3517
575.6984,119.05052,796.3516
575.6984,119.05037,796.3516
575.6985,119.050186,796.3516
575.6985,119.05005,796.3516
575.6985,119.0499,796.35156
575.69855,119.04974,796.35156
575.69855,119.04959,796.35156
575.69855,119.04942,796.35156
575.6986,119.04927,796.3515
575.6986,119.04912,796.3515
575.6986,119.04898,796.3515
575.69867,119.04881,796.35144
575.69867,119.048645,796.35144
575.69867,119.04849,796.35144
575.6987,119.04834,796.35144
575.6987,119.04819,796.3514
575.6987,119.048035,796.3514
575.6987,119.04788,796.3514
575.6988,119.04773,796.3514
575.6988,119.04758,796.3513
575.6988,119.04741,796.3513
575.69885,119.04724,796.3513
575.69885,119.04709,796.3513
575.69885,119.046936,796.35126
575.6989,119.04678,796.35126
575.6989,119.04663,796.35126
575.6989,119.04648,796.3512
575.699,119.046326,796.3512
575.699,119.04617,796.3512
575.699,119.04599,796.3512
575.69904,119.04584,796.35114
575.69904,119.045685,796.35114
575.69904,119.04555,796.35114
575.6991,119.04538,796.35114
575.6991,119.04523,796.3511
575.6991,119.045074,796.3511
575.69916,119.04492,796.3511
575.69916,119.044754,796.351
575.69916,119.044586,796.351
575.6992,119.04445,796.351
575.6992,119.0443,796.351
575.6992,119.04413,796.35095
575.6993,119.043976,796.35095
575.6993,119.04382,796.35095
575.6993,119.04367,796.35095
575.69934,119.04352,796.3509
575.69934,119.043365,796.3509
575.69934,119.04321,796.3509
575.6994,119.043045,796.3509
575.6994,119.04289,796.3508
575.6994,119.042725,796.3508
575.69946,119.04257,796.3508
575.69946,119.04242,796.35077
575.69946,119.04227,796.35077
575.6995,119.042114,796.35077
575.6995,119.04196,796.35077
575.6995,119.04181,796.3507
575.6996,119.04164,796.3507
575.6996,119.04147,796.3507
575.6996,119.04132,796.3507
575.6996,119.04117,796.35065
575.69965,119.04103,796.35065
575.69965,119.04086,796.35065
575.69965,119.04071,796.35065
575.6997,119.04056,796.3506
575.6997,119.04039,796.3506
575.6997,119.04022,796.3506
575.69977,119.04007,796.3505
575.69977,119.03993,796.3505
575.69977,119.03978,796.3505
575.6998,119.03961,796.3505
575.6998,119.03946,796.35046
575.6998,119.03931,796.35046
575.6999,119.039154,796.35046
575.6999,119.03899,796.35046
575.6999,119.03883,796.3504
575.69995,119.03868,796.3504
575.69995,119.03853,796.3504
575.69995,119.038376,796.35034
575.7,119.03821,796.35034
575.7,119.038055,796.35034
575.7,119.0379,796.35034
575.7001,119.037735,796.3503
575.7001,119.0376,796.3503
575.7001,119.03743,796.3503
575.70013,119.03728,796.3503
575.70013,119.037125,796.3502
575.70013,119.03697,796.3502
575.7002,119.03682,796.3502
575.7002,119.03665,796.3502
575.7002,119.036514,796.35016
575.70026,119.03635,796.35016
575.70026,119.036194,796.35016
575.70026,119.036026,796.3501
575.7003,119.03587,796.3501
575.7003,119.03572,796.3501
575.7003,119.03557,796.3501
575.7003,119.035416,796.35004
575.7004,119.03526,796.35004
575.7004,119.03511,796.35004
575.70044,119.03494,796.35004
575.70044,119.034775,796.35
575.70044,119.03462,796.35
575.70044,119.03447,796.35
575.7005,119.03433,796.35
575.7005,119.034164,796.3499
575.7005,119.03401,796.3499
575.70056,119.03386,796.3499
575.70056,119.03371,796.34985
575.70056,119.03352,796.34985
575.7006,119.03337,796.34985
575.7006,119.03323,796.34985
575.7006,119.03308,796.3498
575.7007,119.03291,796.3498
575.7007,119.03276,796.3498
575.7007,119.03261,796.3498
575.70074,119.032455,796.34973
575.70074,119.0323,796.34973
575.70074,119.03212,796.34973
575.7008,119.03198,796.34973
575.7008,119.03183,796.3497
575.7008,119.03168,796.3497
575.70087,119.03151,796.3497
575.70087,119.03136,796.3496
575.70087,119.031204,796.3496
575.7009,119.03105,796.3496
575.7009,119.0309,796.3496
575.7009,119.03073,796.34955
575.701,119.03058,796.34955
575.701,119.030426,796.34955
575.701,119.03026,796.34955
575.70105,119.030106,796.3495
575.70105,119.02995,796.3495
575.70105,119.029816,796.3495
575.7011,119.02965,796.3495
575.7011,119.02948,796.3494
575.7011,119.02933,796.3494
575.7012,119.029175,796.3494
575.7012,119.02901,796.34937
575.7012,119.028854,796.34937
575.7012,119.02872,796.34937
575.70123,119.028564,796.34937
575.70123,119.0284,796.3493
575.70123,119.028244,796.3493
575.7013,119.028076,796.3493
575.7013,119.02792,796.3493
575.7013,119.027756,796.34924
575.70135,119.0276,796.34924
575.70135,119.027466,796.34924
575.70135,119.02731,796.3492
575.7014,119.02716,796.3492
575.7014,119.02699,796.3492
575.7014,119.02684,796.3492
575.7015,119.02667,796.3491
575.7015,119.02652,796.3491
575.7015,119.02638,796.3491
575.70154,119.026215,796.3491
575.70154,119.02606,796.34906
575.70154,119.02591,796.34906
575.7016,119.02576,796.34906
575.7016,119.025604,796.34906
575.7016,119.02544,796.349
575.70166,119.02528,796.349
575.70166,119.02513,796.349
575.70166,119.02498,796.34894
575.7017,119.02481,796.34894
