162.64467,-581.60254,2655.2803
163.55917,-583.4324,2653.314
165.22366,-580.84863,2649.84
165.62592,-581.4701,2648.6714
166.38464,-574.09924,2649.127
167.42352,-577.0907,2638.3672
164.91196,-581.2445,2637.5322
161.36069,-585.3568,2632.6104
156.42159,-589.2879,2629.503
154.6514,-587.7096,2627.3599
138.90295,-575.7108,2601.1667
126.68957,-563.50476,2579.201
115.13405,-577.7185,2561.5618
111.79877,-582.3441,2560.3618
104.6156,-596.81934,2557.8728
101.7585,-597.90845,2543.6152
96.853195,-597.8786,2528.8333
86.853775,-582.7047,2518.774
82.304985,-590.86163,2517.7007
70.21329,-599.3791,2512.922
64.49959,-596.559,2510.0747
52.95417,-599.5897,2511.3489
35.068085,-603.37756,2487.004
22.970695,-594.41174,2475.8938
10.21114,-581.4443,2462.2698
5.047138,-568.00586,2450.908
2.4587975,-566.266,2438.7551
5.0525894,-560.872,2432.7385
21.363789,-548.5872,2419.1218
17.768303,-553.2583,2417.45
17.392193,-545.9157,2406.3225
17.854095,-545.2624,2399.3794
20.456326,-543.74817,2398.6318
20.419117,-547.61145,2393.867
19.39534,-548.0206,2389.169
25.313757,-550.8805,2390.7456
31.449133,-553.99536,2388.9998
47.298626,-560.47205,2391.3835
56.460262,-562.9724,2392.8936
65.71419,-559.02625,2385.9495
66.534325,-558.8253,2383.9773
73.05706,-566.9911,2371.2336
71.77316,-563.6632,2374.2166
75.903114,-562.27686,2374.3057
79.37101,-559.8644,2375.47
83.337845,-556.9134,2377.1997
89.30667,-560.8629,2378.9822
99.71949,-568.3816,2385.005
104.77589,-570.96387,2387.065
103.97626,-572.28345,2387.0122
104.99633,-573.7307,2386.6418
102.65628,-572.7532,2383.7227
98.75479,-571.6314,2382.9172
97.49868,-572.1206,2384.8474
97.53305,-575.11017,2385.2349
98.466675,-579.00415,2389.1702
97.15169,-579.7339,2391.6
93.333084,-581.2434,2395.4597
74.35359,-584.88196,2392.7654
65.801834,-569.49396,2392.8804
57.44442,-560.5763,2395.7979
63.68761,-560.76324,2394.1072
60.21535,-560.17444,2396.2566
56.539036,-557.112,2399.442
41.90057,-566.2555,2443.6382
37.341637,-565.52673,2461.0317
39.77786,-570.3927,2466.5388
43.425514,-568.862,2444.7756
44.709732,-567.0557,2444.8264
47.70863,-562.2878,2445.7373
49.51596,-563.83167,2442.9805
49.514397,-562.92535,2450.6206
46.122715,-566.23444,2476.8254
47.676544,-559.0156,2482.3176
62.014805,-591.953,2518.418
65.00256,-609.6318,2539.101
66.616196,-610.16736,2548.8865
65.70351,-610.9143,2554.336
65.31251,-609.2206,2576.4836
70.39116,-609.1411,2593.3167
85.52951,-622.982,2619.429
87.55853,-622.38525,2620.6877
88.90274,-625.906,2619.7305
93.65102,-628.11993,2623.2651
107.92749,-609.45825,2630.7942
111.22743,-614.0283,2639.2827
109.99903,-614.0257,2644.9465
109.14703,-612.43097,2656.6624
107.81732,-609.37146,2668.1426
106.17304,-603.8691,2674.0881
106.9015,-604.8082,2685.9653
115.26516,-640.0326,2721.5981
118.068,-647.3219,2741.4019
115.93699,-637.9363,2739.7039
112.230896,-621.3424,2726.4915
110.31805,-620.03894,2725.58
109.764114,-619.9764,2724.1472
110.202995,-616.6739,2722.2388
108.864784,-617.0135,2725.3625
107.52309,-625.2069,2737.0166
98.56125,-628.79553,2746.5662
91.8062,-624.91406,2779.0935
84.622665,-616.6924,2789.9622
82.46773,-609.3707,2795.4365
77.466,-610.1456,2797.4856
65.58302,-617.7103,2804.7764
56.670383,-623.2621,2806.5593
25.924076,-602.8078,2803.0947
12.396839,-592.0882,2805.2305
12.667379,-589.49646,2804.447
12.60923,-596.5388,2805.6833
6.4659843,-597.34686,2811.5762
2.8812408,-591.35046,2816.841
2.3911133,-582.207,2812.4172
0.7512131,-585.03046,2814.2092
-1.869461,-582.6805,2818.6245
-0.60445786,-585.20264,2827.6697
-1.4013596,-598.70703,2833.2227
-3.2084198,-588.4364,2831.8308
-2.0283356,-584.49866,2829.7502
0.7432709,-582.7877,2836.4014
3.156479,-584.2704,2844.3599
13.6629715,-585.7042,2863.7197
22.609932,-585.2195,2872.9438
34.39076,-589.1743,2873.8826
37.812145,-607.00354,2891.251
41.621864,-609.6473,2890.093
44.82065,-610.0656,2886.3772
47.068253,-612.82306,2891.386
54.529377,-626.276,2908.2053
54.383278,-622.09,2909.767
70.81933,-637.85535,2897.11
65.20223,-628.30347,2897.894
64.44681,-620.4719,2895.123
71.3302,-617.55743,2892.1052
77.141525,-615.081,2890.2412
80.3344,-616.944,2889.206
83.685394,-616.477,2891.9016
86.30493,-616.99023,2901.388
88.340546,-614.9633,2901.136
91.141426,-617.19415,2896.9475
88.90073,-617.4648,2897.5396
88.78927,-616.4537,2899.6072
88.265274,-613.802,2900.012
87.41473,-615.39026,2899.8115
87.72454,-613.93555,2894.637
87.37597,-613.6484,2897.0334
85.08432,-615.6596,2900.2822
84.0546,-617.73486,2900.0374
83.86777,-616.6125,2898.5383
83.62296,-614.06665,2897.0457
81.290985,-611.7838,2896.6575
77.92988,-613.2374,2895.9395
75.63553,-613.6404,2897.0295
71.01492,-616.4635,2896.3433
67.420906,-616.9172,2894.8088
65.02551,-607.07623,2892.2034
58.61861,-605.48517,2892.2295
50.13187,-607.77454,2875.0527
41.83941,-612.2634,2863.8586
35.395554,-624.1653,2857.446
32.665466,-619.43555,2855.9016
12.826485,-603.63074,2851.578
18.802502,-610.1557,2849.9202
20.002113,-613.4945,2853.3948
19.554935,-626.6199,2838.5906
17.374954,-623.0657,2830.752
17.502281,-619.8048,2836.9387
14.294361,-618.1028,2834.2258
0.67510605,-610.5392,2827.0532
0.9210739,-611.77527,2823.5154
-1.0307846,-613.38306,2820.7156
-1.222969,-611.7931,2816.5637
-4.1791344,-594.9247,2804.8208
-6.040348,-578.4886,2796.8457
-4.738991,-569.45013,2792.4224
1.6699066,-564.2593,2786.9475
3.2744827,-568.1585,2788.9287
4.890312,-567.7717,2788.6807
6.2900467,-566.5431,2791.1194
6.8028946,-563.15063,2791.9834
8.433228,-566.693,2791.8726
10.798393,-566.46387,2792.4382
12.22068,-569.1161,2792.2058
17.04934,-571.9763,2795.1064
19.252602,-572.24805,2797.0889
35.373283,-587.85284,2814.787
43.546062,-595.0157,2823.2522
45.376015,-591.1832,2831.178
43.69271,-591.06323,2834.221
43.71824,-591.1593,2836.908
41.28749,-600.8153,2837.762
38.032467,-611.5807,2837.7043
38.517723,-611.6704,2837.4033
40.202766,-610.8182,2832.7334
50.73651,-601.5928,2827.5298
47.4066,-605.53986,2829.7283
46.920494,-607.39905,2828.873
46.676384,-606.924,2827.4666
50.153,-603.088,2822.0364
50.471905,-597.5986,2816.6877
42.991714,-578.85693,2810.1558
38.37931,-570.53625,2801.9355
34.00042,-569.3834,2796.8872
28.931988,-569.6877,2788.8882
18.324032,-548.72345,2770.6106
13.443718,-540.67554,2765.152
14.457199,-535.83777,2761.3777
16.544518,-535.03235,2762.7092
16.938972,-539.2702,2758.9688
15.591442,-543.12134,2757.4534
17.258682,-550.9171,2761.7349
15.421524,-549.00305,2758.5786
15.071758,-547.00037,2759.0159
14.739304,-544.1438,2752.9084
15.753925,-546.3105,2752.0103
16.335732,-546.9514,2751.4285
14.899231,-546.71313,2749.188
14.266415,-546.7147,2747.42
15.290428,-536.3391,2739.4744
16.710567,-527.734,2726.916
19.149132,-528.0377,2724.7888
33.616898,-534.8102,2727.5273
26.884026,-535.93494,2733.832
26.707954,-536.8035,2731.313
28.859997,-534.6768,2730.3809
28.62991,-532.4437,2734.2507
23.473501,-531.7451,2735.2607
59.965424,-547.0605,2717.4329
80.67257,-552.6932,2714.895
91.92395,-556.27374,2723.9543
75.9154,-569.6974,2747.5376
83.02587,-566.29834,2747.3052
87.16873,-554.866,2746.5503
83.23974,-555.586,2755.6572
79.967224,-556.4523,2763.119
83.88884,-564.0602,2761.965
112.26767,-553.4674,2758.372
102.559105,-556.48694,2762.7852
97.89696,-556.85583,2768.175
103.19979,-546.13086,2777.487
91.38253,-552.7919,2788.0166
92.63654,-537.5221,2794.976
99.64097,-524.9438,2782.0972
98.94589,-523.7063,2785.348
97.89578,-524.78784,2788.172
99.15039,-525.49054,2787.567
97.13101,-530.88745,2799.5396
100.75464,-535.1391,2797.9072
100.88997,-538.60345,2809.4883
101.45341,-543.4494,2817.1074
96.6489,-551.6045,2833.272
89.943726,-556.92224,2831.55
80.99874,-560.2008,2828.0627
72.79013,-563.39294,2831.224
71.89955,-563.5293,2829.7678
67.32408,-569.0842,2840.2153
57.37197,-572.4607,2853.1252
52.732304,-579.2275,2869.7947
51.08963,-584.8467,2871.3599
49.22477,-588.36597,2863.0999
45.86155,-591.6075,2867.4045
42.130547,-593.5183,2865.5156
39.7386,-598.5281,2872.5488
38.809353,-603.0698,2865.6538
37.968395,-605.2874,2868.5083
35.62832,-608.3275,2878.2795
32.20603,-614.406,2891.9277
39.75377,-618.4343,2894.4226
36.113052,-622.16595,2903.8584
28.34367,-626.03845,2904.314
28.923134,-628.54346,2912.4187
26.359566,-631.6804,2922.7603
25.107971,-633.6561,2921.1333
19.959406,-636.71985,2918.4878
13.911457,-641.39185,2922.9429
8.626196,-644.02576,2914.759
11.520954,-646.04944,2916.6326
3.5182018,-650.1315,2919.6936
8.199543,-651.3848,2908.9758
2.01857,-651.85486,2915.5554
6.0072384,-655.8381,2923.3247
8.144606,-658.45306,2927.977
9.998005,-659.1758,2924.9106
7.718151,-658.8736,2922.6414
11.175217,-660.8867,2914.1118
12.015015,-661.08276,2911.6074
14.447182,-660.04675,2902.9333
4.9062653,-659.47906,2916.9062
13.306995,-660.8409,2902.4446
18.895275,-661.1638,2904.4082
20.629372,-663.8365,2913.7922
20.034908,-662.6464,2916.3035
26.766788,-663.4071,2931.2163
34.684,-665.27563,2917.5366
40.728966,-668.44147,2919.9185
48.51038,-670.57196,2915.015
51.60794,-673.2773,2904.6328
51.616608,-673.50525,2904.8752
54.094307,-671.6013,2904.0642
60.062786,-674.4452,2887.8086
63.19934,-677.3258,2893.5327
65.82468,-676.3847,2897.8813
67.89063,-676.67346,2899.3757
70.33487,-677.3248,2903.101
72.04614,-678.3144,2916.8633
72.96575,-678.6396,2916.316
89.4842,-678.0568,2910.3562
79.77222,-675.0167,2913.8672
75.95901,-672.0093,2916.7583
80.75255,-670.91174,2907.1284
77.71466,-668.8677,2901.776
89.764305,-667.558,2904.7085
96.91119,-662.7085,2928.657
86.12309,-652.0464,2922.3152
92.87053,-644.9087,2897.8364
101.176796,-635.2218,2900.8542
97.38788,-618.49774,2876.3372
109.658356,-607.3686,2860.844
116.570114,-598.6735,2849.0474
118.20082,-587.7254,2834.3535
125.15155,-576.64417,2820.0762
129.24803,-567.8157,2811.255
128.8832,-558.3559,2807.212
139.99573,-552.29626,2805.042
142.51517,-545.9152,2793.0547
146.80127,-539.5046,2776.754
148.67047,-533.4943,2765.8645
154.26465,-531.96155,2757.641
155.51955,-527.1877,2744.108
156.79643,-526.0553,2739.8064
167.90749,-520.67377,2732.6555
166.88992,-510.11755,2718.4785
169.52129,-510.16904,2711.1897
174.4477,-510.4589,2702.982
180.71712,-513.04144,2702.3252
185.82227,-516.585,2694.4412
184.69983,-520.07166,2696.4775
191.3728,-526.4728,2704.673
195.29268,-527.2898,2695.7332
195.10175,-535.0543,2686.2368
198.63503,-543.2042,2674.7566
203.39583,-547.4165,2659.9094
203.42685,-555.8043,2651.8525
206.41876,-562.629,2647.3225
208.83203,-566.00555,2636.1614
208.50171,-571.81726,2630.5928
205.16553,-581.2749,2627.791
203.23987,-587.05566,2614.4167
208.87901,-598.9949,2620.6047
203.3641,-601.07874,2613.3032
201.22522,-603.86926,2597.59
201.38867,-613.7357,2606.3442
204.62573,-625.4445,2620.4878
201.73618,-626.5484,2616.8223
200.64085,-623.91,2611.4763
199.7276,-629.94464,2619.6458
193.94542,-635.0487,2627.4832
191.0971,-643.0378,2638.8818
182.87286,-648.4713,2644.5388
178.2542,-647.9456,2636.9229
180.99886,-656.3064,2649.9456
183.45566,-662.0499,2658.8293
180.83908,-665.4011,2656.8186
181.98032,-676.517,2669.6035
183.94653,-680.9479,2666.8633
183.75401,-682.93823,2660.9756
186.31541,-684.85034,2664.7126
194.66214,-688.661,2681.1663
186.13895,-686.15283,2665.5715
186.7875,-688.7096,2672.6958
188.96262,-694.7799,2684.5125
209.70645,-701.8563,2657.8467
199.76785,-707.29565,2670.8425
220.98169,-710.2084,2661.9294
230.36905,-710.2138,2645.1677
230.83418,-711.843,2638.6929
215.7042,-714.7096,2666.5232
204.60849,-716.31494,2679.6335
217.69644,-717.82825,2653.4214
224.52612,-721.9839,2645.055
231.4671,-726.776,2637.7773
233.22467,-734.0659,2649.122
232.6036,-738.8127,2653.6643
239.38136,-745.5443,2647.5046
204.5232,-746.5514,2667.703
216.63333,-756.47797,2666.8723
229.0474,-766.37244,2660.646
222.85951,-776.46704,2655.8162
221.90253,-783.1256,2658.3037
221.82904,-787.2218,2655.6904
218.49522,-673.1613,2635.1514
203.59134,-741.8678,2662.981
211.68692,-777.2209,2646.8857
203.14793,-815.35925,2661.0898
194.85265,-822.0403,2662.5374
191.381,-828.6041,2672.3262
191.0778,-828.35754,2677.761
190.84737,-830.56665,2702.0015
191.26645,-828.6999,2702.2715
190.92603,-829.2523,2712.9727
188.39944,-828.69684,2722.0264
186.93434,-825.16565,2729.3022
182.31981,-820.9462,2731.9575
180.55602,-816.78613,2739.2908
182.72768,-813.79065,2749.8342
181.96706,-810.2394,2766.3604
178.9212,-812.18176,2761.984
175.946,-810.5313,2758.022
173.3899,-810.62866,2752.818
172.5217,-811.4944,2763.9844
169.19208,-811.9455,2769.675
169.38803,-812.6522,2768.7253
163.1008,-814.6323,2750.1274
161.90659,-813.6832,2744.084
165.98117,-812.81726,2742.4062
172.70587,-633.3362,2707.74
167.51999,-722.3331,2710.811
188.54326,-758.6443,2695.1335
200.02115,-772.88403,2692.3909
208.57875,-644.9996,2633.212
192.40259,-719.8361,2687.0342
204.40857,-757.57007,2716.0935
174.33047,-759.8693,2737.4434
158.7745,-747.3809,2718.9465
185.51399,-629.47986,2683.135
163.5639,-690.8351,2726.4194
180.82965,-684.3263,2718.859
189.53755,-674.14624,2723.1519
180.6788,-688.2413,2743.4172
158.84053,-686.7036,2735.887
172.11276,-697.2806,2771.7778
177.36856,-685.6062,2766.786
172.49773,-692.1122,2801.7463
167.0322,-693.51697,2816.0537
180.90405,-685.28064,2805.6387
163.1816,-697.1991,2820.7505
167.51971,-695.6798,2818.519
162.68237,-686.0691,2825.5999
134.97665,-682.2008,2838.3857
139.28404,-667.15955,2846.718
137.78256,-652.4575,2843.4368
135.69011,-643.5227,2846.8977
136.47354,-639.1137,2852.345
135.59659,-640.21,2859.3604
148.39523,-616.4952,2865.1118
145.20465,-602.7214,2858.4868
150.79105,-595.6466,2862.4175
154.83641,-588.0014,2862.6965
143.70837,-586.1086,2856.9324
151.42807,-581.2233,2867.5095
164.46707,-571.8361,2864.8328
160.04048,-565.7824,2857.7021
159.70828,-562.58496,2849.467
156.83688,-557.3254,2849.0713
162.0895,-548.4935,2845.9941
167.73978,-552.54614,2845.17
163.02548,-552.44995,2851.8328
167.24844,-550.97253,2864.0935
165.15791,-561.46906,2863.7275
163.65453,-566.46356,2857.1077
175.26125,-573.6375,2853.6226
150.23286,-592.4205,2851.501
138.15233,-605.5063,2848.624
116.12993,-616.5913,2847.617
97.45766,-629.5668,2848.765
77.04234,-640.4749,2852.9653
71.120705,-644.55505,2855.3423
51.145237,-641.65076,2889.4744
37.95366,-643.8715,2892.6118
13.631248,-638.9028,2889.5989
7.2431183,-633.2886,2877.4585
-16.196259,-628.31824,2855.4392
-42.74028,-628.6711,2825.692
-69.764206,-628.367,2813.4727
-107.11898,-631.7551,2773.4087
-150.07167,-629.5237,2756.5715
-186.2447,-625.1813,2738.371
-225.3863,-635.0955,2720.6484
-267.5825,-641.5913,2699.822
-301.53677,-642.64246,2659.967
-361.07745,-657.7405,2656.4788
-415.18024,-668.6721,2652.6487
-457.26047,-681.2608,2682.0552
-474.1445,-691.1601,2714.714
-483.79102,-687.8502,2746.1782
-501.5072,-669.8183,2789.0164
-510.16278,-654.80634,2836.3672
-461.9819,-643.4514,2845.6448
-448.11578,-628.13275,2875.9626
-450.3024,-607.34204,2924.0552
-415.94415,-554.84204,2914.6628
-389.34222,-528.8399,2926.1348
-374.94235,-505.2562,2952.9768
-358.63217,-519.6006,2965.36
-411.46698,-434.635,2806.5164
-325.4853,-497.14542,3017.3389
-281.54666,-490.45215,3015.2874
-247.77132,-485.69238,3032.977
-201.35907,-479.4504,3058.2043
-159.7187,-470.0113,3074.241
-122.23361,-466.1631,3094.5635
-74.5746,-464.37543,3086.5479
-31.303238,-451.5623,3070.1392
8.699234,-442.7022,3078.8086
54.432343,-441.67126,3074.0745
94.57016,-463.0469,3072.4294
141.19897,-484.23172,3021.2314
162.75903,-564.11395,2985.8901
194.24586,-633.6676,2959.0342
209.6615,-701.2799,2933.4434
213.98322,-769.02954,2938.6304
257.24658,-787.1116,2951.8467
274.91806,-802.43726,2923.7373
295.90396,-721.8957,2902.331
320.91364,-643.6138,2931.7268
333.32108,-784.9324,2865.1013
260.90237,-846.8954,2865.2769
201.77603,-888.93616,2881.6965
149.17104,-925.3975,2895.7634
97.10381,-947.1965,2904.2393
56.569893,-959.4733,2915.6975
23.39264,-963.1196,2932.373
-12.402317,-970.2728,2937.3342
-46.791603,-968.2715,2940.0356
-72.1364,-970.89343,2951.5015
-87.92125,-967.6135,2967.8706
-109.50653,-965.0337,2970.7185
-130.26254,-963.19684,2974.612
-150.81471,-962.1122,2973.7654
-175.52768,-960.6903,2972.1057
-200.66855,-963.87103,2963.9023
-221.59668,-955.56586,2959.1697
-232.46028,-938.62085,2966.5269
-245.28622,-930.33997,2968.3308
-258.4104,-927.4808,2958.7297
-270.43875,-924.0303,2953.024
-277.95697,-921.8373,2944.2273
-273.46805,-917.08527,2940.499
-270.53125,-912.8635,2933.005
-272.4804,-908.7837,2918.687
-266.3189,-902.48413,2907.6821
-247.04196,-893.66846,2902.3728
-227.7489,-875.2295,2910.1416
-19.575958,-656.1434,2814.4517
25.927246,-675.0951,2852.0747
54.196823,-644.57825,2868.2517
53.397995,-607.8841,2859.5764
88.02594,-547.20996,2848.2114
120.402176,-448.00885,2847.7717
131.15193,-380.36255,2844.9082
139.6171,-342.34433,2835.6116
143.21233,-294.95306,2840.9631
159.64134,-259.35574,2835.9614
166.14769,-216.35362,2826.6936
172.66457,-174.55814,2839.1296
167.27078,-124.25622,2856.2554
174.6611,-73.35279,2851.0415
166.66106,-18.813843,2868.5188
155.11357,12.796829,2868.0208
145.12819,39.68393,2867.4934
128.35446,60.099014,2878.6707
151.27673,39.2276,2878.5044
159.93979,22.397125,2893.6143
166.2058,7.7499237,2925.826
179.66847,-12.215729,2951.1511
186.05951,-34.98501,2937.7148
194.2493,-58.517914,2950.649
221.62083,-66.2989,2939.0664
225.25629,-98.738266,2908.8782
245.18686,-115.62089,2895.8777
252.18793,-162.32945,2884.5593
255.48653,-215.02974,2875.1106
254.2475,-263.64835,2859.2808
258.2307,-310.10803,2843.893
250.93304,-367.06116,2850.959
232.91165,-417.9718,2842.8367
215.24246,-455.58185,2840.4302
211.99863,-479.27496,2835.9507
204.68494,-505.21216,2839.7615
204.37518,-529.438,2829.739
199.05128,-547.2475,2835.2383
222.25812,-558.1587,2843.5896
246.38467,-568.8627,2852.7815
273.13538,-584.70276,2863.6057
281.47427,-590.673,2872.343
301.23273,-585.9722,2859.0024
335.37192,-587.0156,2854.2864
308.89844,-624.9198,2834.1072
306.31467,-647.8074,2834.5396
302.67462,-647.579,2808.5945
141.34393,-607.15454,2697.888
32.395477,-526.6078,2563.3074
48.448174,-582.82166,2589.148
-15.842499,-461.11768,2452.7185
-16.944107,-437.45874,2421.8657
-0.7914276,-441.664,2420.6113
5.924225,-429.2105,2381.4407
22.364227,-440.6877,2391.8535
63.90432,-485.63412,2413.598
51.680893,-495.2162,2388.5308
132.1221,-560.37537,2572.367
201.49716,-600.0183,2626.4998
232.49907,-616.83923,2660.6296
245.25955,-622.0243,2670.4478
243.2236,-623.8208,2666.3696
243.24805,-619.6627,2649.6367
221.48717,-619.1769,2641.4067
138.62299,-604.1002,2478.7476
72.957504,-581.04626,2378.0786
32.277294,-568.7158,2298.6729
7.3707657,-567.96094,2260.551
-4.2669983,-572.5394,2242.9595
-11.465024,-573.22736,2221.7698
-14.622537,-574.52106,2214.0903
-23.646704,-578.5242,2202.4836
-29.400745,-584.16644,2204.1274
-30.209826,-598.8451,2235.433
-49.363297,-591.54895,2203.2827
-56.46084,-590.6386,2205.933
-64.82143,-591.3441,2213.4148
-66.69568,-588.95276,2240.7583
-78.044106,-580.1706,2218.6958
-78.6537,-581.5076,2225.7368
-73.03372,-579.18176,2232.1047
-79.73859,-577.2038,2247.8694
-54.167244,-578.79474,2242.8625
-51.766975,-574.44836,2240.002
-8.922596,-531.2108,2220.8328
11.323524,-509.8782,2210.3967
100.15268,-400.84192,2053.1953
90.50343,-377.18948,1967.8268
47.699677,-374.79193,1927.0332
2.131981,-375.38593,1924.1832
-54.93348,-371.88333,1940.5767
-102.94145,-376.5842,1967.1039
-153.26978,-364.23517,1988.3542
-196.4618,-346.52924,2022.5599
-235.17334,-313.45526,2066.0254
-265.95142,-284.32608,2094.1094
-286.308,-239.33789,2117.3667
-308.33023,-189.56123,2127.2847
-304.0453,-143.58545,2137.437
-300.50186,-11.728821,2140.1746
-268.1924,87.0426,2110.1458
-365.71692,-47.332024,1999.2456
-368.0311,-203.31891,1948.5175
-332.41833,-324.3213,1919.0875
-287.11337,-411.09442,1923.0079
-249.33829,-468.31912,1926.8884
-210.81729,-508.38577,1943.8564
-177.37964,-536.6885,1961.3943
-140.75865,-553.8479,1973.6173
-102.48029,-557.42676,1970.7024
-70.09346,-571.3158,1994.2739
-41.473167,-576.89954,2009.1782
-16.3056,-579.2222,2025.7367
14.17622,-578.9766,2051.389
33.763123,-582.7931,2080.8696
-253.62292,-7.5774536,2010.7826
-279.19205,-101.93018,1960.6191
-277.05823,-66.78537,1932.1359
-256.37875,-56.191216,1914.7632
-246.25159,-64.272766,1893.8339
-226.76779,-74.93106,1865.4355
-203.9597,-89.08389,1847.3213
-181.6225,-101.90253,1823.6903
-159.28133,-121.78958,1812.4575
-142.40182,-145.57394,1810.07
-109.18328,-163.29575,1795.4558
-73.633606,-190.01093,1787.6157
-32.6933,-211.74496,1779.5378
3.413353,-238.43863,1772.2653
36.17152,-273.48328,1780.3174
78.21593,-314.01465,1791.1078
125.3669,-345.63806,1809.6138
163.23425,-376.13864,1827.9403
198.03546,-400.61075,1864.3806
226.24893,-420.45886,1902.6746
276.62393,-458.17944,1963.2942
293.97247,-483.6215,2019.1766
316.17987,-494.21405,2071.169
321.81036,-504.24084,2122.919
330.81586,-501.40726,2159.7146
339.3147,-491.7535,2198.8801
346.8194,-492.05865,2236.834
356.1375,-489.9925,2272.205
359.7845,-492.76483,2304.1277
363.21683,-496.912,2334.691
362.3557,-504.3274,2350.2373
372.54028,-507.2647,2372.9028
391.60455,-504.79544,2393.6013
401.93887,-512.0077,2405.2864
422.1844,-516.54407,2420.8342
439.66986,-529.9819,2440.0476
466.72415,-537.41675,2447.0198
493.3819,-542.2429,2452.669
527.3029,-543.51324,2460.8535
543.59955,-548.5967,2468.3203
557.0748,-556.12634,2473.3074
583.0623,-556.72473,2486.1619
602.81055,-566.84265,2490.48
625.30096,-573.2678,2496.3389
641.2722,-584.9188,2506.339
662.20685,-590.5492,2515.446
676.481,-599.78503,2522.5417
682.3428,-609.65076,2522.6958
730.008,-597.40045,2518.29
748.60095,-592.77386,2520.8372
757.83344,-593.00555,2525.0247
762.24567,-598.4242,2523.3103
766.311,-608.7035,2520.0344
778.8452,-604.45917,2524.408
782.5245,-598.192,2516.406
776.2036,-609.61487,2519.8896
769.31573,-620.14526,2537.7556
775.45654,-615.84015,2537.496
788.5766,-616.5088,2541.3203
793.08044,-616.6969,2541.6401
794.71014,-617.8273,2545.6633
781.7859,-621.0518,2550.24
792.78015,-614.1151,2554.8396
788.6398,-609.09937,2554.323
796.5216,-609.5666,2557.1216
790.8167,-608.20996,2558.8833
780.80695,-611.0725,2555.3794
780.37274,-611.3002,2553.8726
776.78033,-614.6966,2560.394
777.6089,-612.49634,2568.1216
780.99097,-608.4673,2562.41
779.235,-613.3186,2560.218
824.4206,-750.8221,2522.6396
774.48083,-793.7178,2499.161
726.9269,-825.75146,2488.773
688.5068,-853.74097,2486.823
651.94507,-875.31445,2492.2332
624.7395,-891.89404,2500.5735
602.9219,-907.1699,2505.2625
582.6272,-918.04645,2512.4114
567.4719,-929.49023,2517.812
555.2243,-938.3318,2522.3997
543.3581,-947.24176,2522.0342
526.8176,-949.6083,2529.7434
516.3925,-954.66254,2534.3035
501.53415,-957.59607,2537.489
493.03687,-958.98035,2540.0232
489.4941,-958.5349,2546.9788
481.68756,-961.3329,2548.1162
475.08917,-962.4285,2547.1562
486.61862,-959.52014,2557.073
488.7031,-958.69824,2559.3784
487.7861,-959.9308,2551.98
493.87903,-958.2394,2552.0881
495.8005,-955.3684,2549.7698
496.09018,-953.70905,2545.9307
495.48776,-949.83887,2542.2024
497.27835,-946.46216,2541.2786
496.45425,-941.1975,2537.564
499.2666,-940.08905,2531.7297
502.51413,-943.61835,2517.346
505.00684,-941.2256,2508.0684
502.998,-939.2315,2500.8958
497.3986,-935.65466,2499.5803
497.4336,-938.44946,2486.569
500.08905,-935.9812,2465.8591
498.93796,-935.3719,2453.8928
499.98795,-936.64734,2425.267
498.33966,-931.4073,2402.306
490.3732,-918.32385,2405.3738
487.56387,-900.1285,2413.3977
488.08377,-890.7783,2388.7585
500.08322,-871.1382,2368.1885
499.69144,-856.22595,2342.3254
494.32758,-835.85376,2345.0522
484.9788,-818.11346,2330.3083
471.79227,-798.6905,2322.2595
664.4202,-439.3157,2351.1948
602.681,-545.26776,2438.3381
560.31464,-588.285,2477.1414
529.40955,-593.8209,2503.5945
499.254,-586.5989,2503.835
468.4739,-567.0464,2492.8467
442.3098,-533.8937,2509.175
420.81644,-511.86594,2491.0706
399.03372,-483.44647,2482.6963
379.1266,-458.02393,2468.9998
365.88693,-439.53256,2464.3235
353.06247,-430.6287,2436.2163
330.10345,-413.10028,2423.5264
313.45605,-395.69296,2406.0183
296.96307,-374.9085,2390.3262
280.835,-360.65863,2381.9482
258.29764,-343.51654,2358.2385
239.15811,-320.52783,2345.3708
220.064,-304.96704,2321.4402
210.11125,-302.4171,2310.225
194.32962,-299.5132,2296.4492
177.73438,-295.4452,2285.8713
159.01918,-287.24887,2275.721
149.20213,-304.85638,2264.0015
131.84912,-308.69977,2248.0652
116.83461,-319.81787,2250.3079
115.19974,-330.2782,2245.4355
112.83269,-344.425,2229.9187
105.63338,-353.1765,2221.073
101.94766,-359.56244,2230.349
97.421196,-370.31638,2239.7588
94.87326,-389.1011,2232.8108
82.48854,-401.49252,2228.0
72.095146,-406.24234,2237.4016
58.643063,-414.77875,2238.0618
56.46759,-427.7873,2247.4797
68.726746,-441.2335,2258.7976
74.56201,-455.7155,2262.056
69.890305,-470.2298,2284.8525
89.434975,-486.44788,2296.0042
97.94565,-507.75238,2310.5847
100.70882,-523.12897,2317.2507
99.67547,-538.9516,2341.8147
110.90623,-560.86633,2330.7358
125.1398,-582.77734,2337.6616
97.036285,-600.32025,2337.6594
112.70128,-613.2987,2334.148
115.876434,-623.688,2331.5002
103.43457,-638.7079,2338.465
113.302055,-653.54834,2340.1497
120.462616,-665.1102,2342.6084
118.42994,-679.6054,2337.574
137.88051,-692.30164,2360.8586
138.41945,-696.7015,2359.7131
143.57712,-693.4293,2366.6345
137.9863,-669.4368,2371.4617
106.8778,-618.1534,2347.2617
126.087006,-648.71204,2376.0718
144.15466,-661.48193,2372.2996
148.58606,-672.1805,2391.5962
149.3537,-682.73254,2424.4724
151.9021,-676.63464,2431.568
146.3407,-661.20654,2448.5596
138.9686,-648.96875,2469.98
142.02429,-647.9913,2514.722
142.9626,-645.1586,2521.97
151.53897,-632.94446,2547.0542
140.27725,-630.0119,2583.0872
141.11136,-620.73724,2586.5464
132.32858,-610.11426,2619.967
137.87057,-602.2833,2654.4104
121.89142,-592.9817,2674.2148
123.443405,-597.6138,2725.4858
94.06035,-617.8401,2734.0679
58.044777,-623.83405,2733.6438
23.429512,-632.51465,2769.842
-4.9146347,-649.16974,2802.3994
-17.603867,-661.2943,2842.7866
-31.216843,-672.0044,2873.5364
-57.2919,-667.4685,2884.3572
-74.39203,-655.26013,2894.3726
-85.63812,-643.31775,2906.087
-98.975555,-638.07166,2914.583
-109.226425,-632.4838,2922.7034
-125.506226,-622.4386,2910.2612
-127.57454,-623.87476,2912.8254
-135.99194,-628.2877,2914.4263
-147.41208,-628.16174,2911.7283
-155.97406,-634.2515,2913.1028
-169.26802,-636.83527,2913.2375
-190.74612,-633.5964,2913.885
-205.51656,-630.2648,2897.5305
-212.73671,-633.72046,2889.8596
-237.33022,-636.59216,2883.0374
-255.99576,-640.5507,2885.3909
-286.63068,-651.96326,2868.8633
-308.38403,-658.17847,2871.5671
-319.69293,-677.5475,2842.7996
-357.44543,-712.47565,2824.8743
-383.87228,-715.208,2805.0066
-381.14807,-742.02673,2785.7346
-392.29257,-740.4623,2799.1167
-420.0038,-730.3887,2789.2075
-414.34744,-735.2202,2799.1294
-404.4868,-741.9381,2782.9187
-426.7708,-743.18115,2791.413
-415.20966,-744.6198,2782.354
-410.0901,-747.8612,2796.8696
-410.64133,-733.27686,2810.2947
-397.7329,-725.6225,2797.9382
-424.38522,-712.65137,2787.4236
-410.59814,-698.49164,2799.7883
-428.58224,-687.3961,2794.9973
-422.18686,-678.2844,2803.3762
-419.84906,-668.6384,2793.8289
-432.11038,-658.6396,2788.069
-422.35266,-641.69824,2779.297
-464.222,-637.73267,2764.8096
-496.46063,-631.0494,2761.9485
-519.2123,-629.50415,2762.49
-539.54486,-624.0439,2768.68
-543.4392,-623.4872,2775.841
-555.4903,-618.73834,2782.0496
-571.84454,-608.7149,2776.3467
-603.6415,-608.2633,2785.6897
-612.31647,-608.4914,2801.2068
-585.28284,-600.1465,2779.7754
-588.9951,-595.3485,2788.2253
-595.12366,-581.0666,2768.109
-609.83844,-578.28516,2784.5005
-628.86017,-571.5104,2789.7
-647.6204,-557.44165,2798.8423
-649.7242,-551.8059,2808.1335
-649.3911,-541.1439,2807.634
-631.8736,-535.6251,2800.5964
-634.7127,-532.78925,2803.37
-631.116,-524.795,2805.005
-622.60974,-515.13336,2794.1096
-609.0315,-512.61633,2794.863
-606.38654,-513.63184,2796.5002
-606.13495,-502.49734,2791.0422
-596.4422,-505.292,2795.9734
-584.9482,-509.4026,2795.8096
-574.9875,-512.4978,2798.046
-564.90643,-511.84122,2809.3184
-556.01074,-498.62552,2801.703
-561.7317,-498.3906,2831.1133
-553.47186,-498.55557,2828.6736
-684.3704,-461.01938,2825.9204
-580.1356,-484.55798,2834.3025
-533.672,-500.18607,2844.8528
-510.35773,-504.53906,2845.7756
-498.94397,-508.30945,2860.3662
-498.85004,-514.5743,2867.2573
-500.3128,-512.3852,2870.4336
-492.11414,-519.0638,2870.9917
-481.57974,-518.03613,2860.4055
-489.81433,-522.0711,2871.708
-501.07852,-535.5578,2874.7568
-500.63364,-535.8384,2879.0652
-482.7473,-536.26434,2820.8228
-500.85437,-537.3326,2856.3994
-511.37656,-539.3778,2873.8225
-516.0251,-541.9513,2866.7
-522.7887,-543.3401,2867.8904
-523.1697,-543.24426,2862.2966
-534.76154,-535.9333,2861.6992
-547.9039,-540.2781,2863.3933
-545.6885,-547.8098,2861.3455
-548.4028,-551.1892,2865.5562
-546.14557,-554.91125,2868.7808
-554.42236,-544.46875,2875.5557
-561.1946,-534.41675,2872.415
-599.21936,-484.76917,2885.1675
-587.6087,-524.2339,2888.5742
-593.21436,-543.8584,2877.6594
-608.9416,-498.09735,2879.0232
-610.802,-541.90186,2885.5059
-590.89374,-570.0985,2883.565
-609.10516,-564.31836,2864.8655
-635.9888,-522.60876,2892.8513
-647.088,-420.15857,2865.5813
-646.4877,-317.4038,2822.0657
-633.7143,-265.74872,2804.0022
-600.1749,-479.42303,2833.759
-612.28235,-561.48645,2841.12
-645.0005,-548.5419,2846.456
-669.0605,-550.2441,2850.4211
-676.5344,-554.1002,2852.2568
-669.3744,-547.83746,2841.1328
-678.0214,-556.07446,2841.3193
-687.19885,-558.6038,2843.5984
-692.61365,-563.38727,2853.781
-678.75134,-558.44666,2854.0708
-677.80414,-552.598,2847.859
-679.78094,-551.4023,2855.0427
-677.93726,-553.455,2866.5586
-660.177,-553.4661,2875.991
-656.6338,-527.6183,2861.9072
-649.8313,-545.9916,2889.5933
-647.77014,-556.44336,2908.8828
-642.13525,-552.52155,2895.4907
-638.27673,-539.8837,2870.5378
-628.55927,-539.377,2866.231
-620.69745,-543.2577,2883.5413
-613.1044,-533.87616,2870.9475
-600.10315,-532.7904,2866.5618
-597.6544,-530.84814,2857.082
-595.55115,-528.0513,2862.381
-584.47766,-549.7887,2861.7935
-588.7019,-534.76855,2861.0615
-542.08545,-642.86664,2847.7036
-562.517,-640.9369,2850.6543
-538.43506,-687.953,2844.5486
-554.02435,-661.9932,2859.8547
-539.257,-725.75867,2849.2075
-550.9578,-683.21326,2864.4934
-524.6931,-740.7843,2844.61
-521.2643,-748.04114,2848.4673
-534.0618,-681.7812,2865.2502
-489.65192,-725.6933,2845.303
-487.83966,-730.69556,2857.9497
-489.19415,-753.46704,2847.0488
-482.45297,-771.34717,2874.3318
-513.1417,-730.4753,2892.7263
-501.77386,-643.35596,2887.084
-474.04974,-716.51874,2851.507
-417.02112,-641.4201,2824.4592
-429.0959,-685.01984,2829.3093
-435.84656,-688.0266,2837.4504
-405.8797,-701.8634,2823.6545
-398.2152,-702.09155,2819.9155
-397.90662,-705.2962,2812.8655
-396.20383,-699.8571,2823.165
-389.18707,-708.0021,2823.1436
-390.64154,-698.2559,2830.5642
-388.2735,-696.5107,2835.1582
-385.54498,-701.7965,2844.0615
-378.16867,-700.38385,2833.7864
-384.80444,-695.95483,2835.9314
-384.26593,-697.7977,2824.751
-385.0235,-703.058,2835.8516
-395.39227,-706.5879,2845.387
-397.7776,-705.03784,2849.187
-397.17267,-704.2291,2856.2202
-391.70502,-703.4323,2857.5833
-399.59296,-698.7108,2851.1597
-393.31793,-700.8616,2871.561
-389.91907,-703.167,2869.8408
-395.3554,-699.7003,2869.578
-390.8214,-697.23535,2875.1875
-395.76352,-695.83606,2867.6243
-378.0688,-699.5691,2886.368
-377.21796,-693.3827,2879.3406
-374.95273,-699.04443,2879.1082
-365.5933,-693.28613,2884.3784
-356.5902,-696.49805,2897.1064
-358.43533,-693.3208,2911.7566
-349.38687,-688.31464,2911.9194
-343.05804,-685.2926,2911.0618
-342.2384,-678.031,2899.7444
-322.33484,-676.3457,2913.6929
-305.96597,-671.51807,2919.4385
-303.54803,-659.3352,2931.254
-297.9967,-657.9774,2948.65
-293.2059,-649.5997,2959.113
-286.65585,-643.4468,2971.4102
-294.69714,-636.0162,2979.3274
-289.61185,-633.80493,2995.0244
-291.2962,-631.4973,3002.4756
-306.67908,-629.7676,3026.851
-311.79727,-629.5148,3019.2515
-313.71353,-630.0951,3021.8367
-322.09955,-625.52655,3020.1924
-330.15125,-622.2739,3027.0195
-335.20862,-620.1133,3028.455
-343.5536,-613.6119,3026.1125
-359.9439,-610.8802,3029.528
-373.19003,-610.87604,3016.4812
-381.64606,-612.3502,3014.415
-393.79144,-614.27704,3017.7883
-400.5235,-617.06744,3015.378
-413.65808,-612.72375,2993.1797
-424.71777,-614.7298,2996.676
-444.45392,-609.27893,2983.443
-450.433,-614.4569,2981.3289
-467.78683,-617.81177,2973.2317
-476.50482,-619.9148,2961.147
-485.22598,-623.3126,2949.3167
-502.1262,-624.3482,2937.9744
-505.71393,-632.277,2938.1228
-501.4983,-627.07996,2909.2817
-521.282,-620.8187,2883.548
-528.43805,-566.3452,2855.373
-532.39014,-543.594,2831.9373
-531.83356,-534.1175,2822.4116
-549.1007,-533.1998,2809.3293
-546.1383,-529.03754,2810.3794
-550.4816,-537.39435,2810.2808
-560.9012,-547.8683,2801.7927
-560.4417,-555.19934,2801.6973
-551.8844,-575.928,2795.2424
-396.96536,-616.6726,2966.251
-292.9194,-658.412,3088.0237
-295.4858,-771.7054,3114.7356
-262.77185,-656.1103,3136.2551
-234.18121,-683.02795,3178.0771
-224.87653,-698.556,3204.0088
-307.6698,-737.0438,3226.8496
-271.54388,-673.34204,3193.569
-251.45488,-694.9147,3214.988
-317.08633,-745.18475,3247.1892
-370.78568,-777.5415,3231.6052
-255.61087,-697.24866,3213.593
-237.19946,-717.30774,3240.7788
-291.6183,-766.95026,3278.1792
-346.2596,-795.67163,3274.7505
-374.76544,-825.6844,3252.836
-392.0159,-847.5283,3227.0054
-395.9499,-857.77423,3211.0745
-390.8838,-873.52783,3188.9824
-386.8325,-877.6793,3178.8315
-386.28366,-885.48694,3163.8997
-384.83508,-896.6505,3149.2234
-379.77313,-901.4405,3143.8032
-375.76804,-903.72144,3137.6055
-367.06485,-910.5821,3133.2725
-359.39514,-916.6853,3127.7917
-376.62637,-928.3956,3122.2073
-390.12225,-936.13855,3114.2463
-398.0445,-943.926,3103.4226
-402.22958,-950.7285,3098.496
-398.6791,-950.1574,3099.8826
-386.43253,-948.6648,3098.8
-380.59714,-948.26025,3097.631
-364.62128,-947.0935,3094.069
-354.32242,-941.5472,3098.6755
-349.32025,-926.7855,3108.3613
-343.98978,-928.81836,3104.804
-335.11282,-922.9899,3108.0037
-329.3239,-916.40564,3112.2769
-328.6333,-916.3247,3111.9014
-338.87103,-916.90454,3110.6758
-346.49072,-913.8008,3109.2915
-354.2004,-909.4032,3110.621
-366.85757,-910.9938,3107.5437
-374.18765,-908.79596,3106.7002
-378.48126,-903.1944,3109.0283
-388.23486,-900.1835,3110.836
-390.50882,-892.1563,3124.8062
-382.01102,-891.473,3124.676
-383.8663,-889.58386,3123.1528
-390.77145,-892.99316,3117.1448
-254.52643,-642.9355,3329.9058
-195.74309,-724.7213,3279.438
-227.7815,-799.9034,3325.771
-282.68073,-829.78705,3298.0745
-318.4508,-846.97,3258.1033
-355.36655,-855.0106,3222.3306
-363.47742,-874.82336,3153.1191
-370.18683,-871.92004,3116.2888
-380.04514,-868.12256,3082.7131
-387.44482,-877.17554,3038.1987
-416.53278,-863.1379,3051.6885
-124.5199,-595.3599,3276.6772
-112.58313,-491.95502,3379.517
-112.670715,-516.4937,3369.0845
-85.57779,-487.49536,3357.2974
-91.93161,-482.13205,3352.076
-73.25311,-474.42645,3316.5095
-86.54196,-497.0961,3276.0818
-97.567535,-499.34534,3243.7551
-76.61569,-446.97516,3203.0508
-51.973907,-433.14044,3079.9377
-191.10349,-452.4342,3045.3115
-218.73732,-491.1207,2969.8179
-236.4902,-506.15323,2936.146
-257.94012,-516.9935,2889.1467
-264.69177,-520.9219,2854.7927
-273.43036,-525.08154,2837.984
-277.68228,-521.61414,2799.498
-277.2591,-525.07477,2778.2207
-280.49374,-533.27606,2759.4834
-287.35892,-542.0464,2742.1707
-270.78903,-542.6655,2725.8862
-252.48373,-543.68567,2713.0493
-228.80516,-544.5002,2703.4785
-201.62453,-526.1931,2652.4678
-193.05963,-536.2013,2663.2024
-166.77644,-529.24475,2637.7822
-152.97844,-523.47925,2615.6775
-136.31464,-527.2754,2608.488
-132.61047,-528.03174,2586.5627
-116.87753,-528.8184,2582.9084
-105.09697,-527.15173,2566.3486
-105.15062,-525.9545,2563.5286
-93.36733,-530.8572,2553.7646
-83.22387,-531.19946,2548.2373
-85.79329,-537.9448,2538.9287
-91.00828,-538.7808,2520.3496
-86.14734,-527.5588,2507.3184
-80.929825,-520.85205,2505.4602
-74.65187,-522.645,2501.385
-79.28339,-524.79645,2491.9944
-74.17876,-539.0229,2493.1238
-78.68909,-548.60046,2481.0273
-66.96265,-549.2038,2461.4614
-112.817825,-573.17676,2521.2231
-93.16371,-574.4538,2487.0398
-113.20012,-587.27576,2541.6548
46.489822,-588.74335,2579.1711
149.66959,-600.9464,2565.3135
249.5969,-631.8855,2573.6865
290.984,-665.1247,2544.9966
322.77185,-685.0493,2527.6338
347.44034,-695.4785,2504.0247
370.69922,-699.3662,2473.1448
382.45575,-706.8751,2461.4841
392.39108,-708.4398,2451.9429
391.48804,-694.14954,2398.468
370.57346,-632.4712,2363.6133
350.8774,-600.0012,2341.3289
336.5125,-586.36743,2331.823
315.01694,-585.8348,2330.4631
301.75204,-585.2676,2332.4148
290.5958,-593.0324,2326.2214
279.61713,-594.1247,2329.3557
274.7651,-598.0777,2329.0244
270.84842,-601.0421,2338.4595
256.68347,-606.3314,2339.1873
242.2804,-607.7299,2340.0264
234.60812,-614.5155,2342.0652
227.25723,-615.16846,2338.2083
219.74661,-621.979,2351.1743
214.09314,-631.2978,2356.9314
204.59842,-629.7839,2368.4038
200.33858,-627.463,2377.2144
193.60023,-622.17285,2382.8828
189.10217,-618.79456,2400.7996
182.49417,-616.6573,2410.7402
217.9931,-588.991,2412.4377
227.79019,-575.073,2426.8325
283.42603,-668.6553,2477.8347
287.4882,-715.04083,2561.8298
251.32634,-744.2444,2613.5522
197.14397,-757.17596,2669.1858
142.97719,-761.83624,2684.324
85.432236,-761.4788,2714.3083
25.8768,-759.91846,2735.79
-3.9979248,-749.902,2778.255
-42.25069,-744.5545,2803.5945
-45.089394,-759.7478,2784.578
-47.741642,-761.25024,2784.4834
-114.94912,-687.07495,2936.49
-161.71642,-670.70557,2967.1296
-214.21075,-661.10803,2983.3555
-259.1975,-665.47156,2982.2874
-291.92807,-663.08276,2993.5261
-318.6847,-664.2167,2994.8418
-345.03033,-659.69934,2992.629
-372.61658,-660.61694,3002.4797
-372.3031,-672.71844,3015.434
-394.52457,-671.32684,3026.5623
-408.54932,-676.0259,3039.2812
-405.86572,-683.496,3055.1907
-416.16852,-690.97266,3062.5796
-421.54236,-695.51245,3070.7673
-417.70312,-703.0956,3079.4287
-424.13025,-706.5589,3082.765
-438.74094,-705.64343,3105.2483
-432.86362,-708.04224,3119.0295
-436.0231,-709.05475,3117.5144
-434.5956,-712.4378,3125.3533
-437.25095,-712.8635,3116.128
-428.77036,-715.02026,3108.01
-427.7501,-715.7025,3123.0488
-416.08606,-714.15393,3120.191
-408.32312,-713.4147,3106.4255
-406.48032,-710.97943,3105.8457
-401.13608,-712.9441,3109.0593
-400.2702,-715.073,3134.9026
-393.5759,-712.9817,3114.4248
-395.9742,-718.6306,3123.5237
-405.03552,-718.24457,3125.4583
-392.22134,-713.80225,3137.655
-365.14716,-705.13104,3127.8215
-364.83588,-707.9852,3127.637
-364.56802,-709.0532,3127.7915
-365.09955,-706.46204,3133.2468
-364.99,-706.04974,3150.7324
-356.9463,-704.9272,3143.5803
-353.2013,-702.6041,3121.9636
-361.4967,-702.04193,3119.042
-347.91824,-703.03455,3121.3213
-358.5324,-710.29297,3120.3406
-376.63275,-716.44006,3111.9055
-394.66782,-722.88995,3111.5298
-387.90982,-723.67926,3101.6697
-395.7898,-727.80457,3108.8625
-404.39093,-728.1297,3108.9883
-400.64758,-726.9584,3101.3025
-407.11722,-725.6321,3086.698
-261.9001,-640.8009,2958.7864
-415.5871,-720.04553,3094.7659
-412.61356,-714.92737,3090.7231
-421.1236,-702.7585,3090.2847
-408.96567,-695.3491,3076.7878
-418.44815,-686.7844,3070.192
-408.11444,-674.7278,3047.8157
-398.43106,-659.26575,3032.3774
-394.28665,-640.99884,3007.5413
-402.98724,-624.46893,2996.3818
-392.12598,-608.7132,2982.467
-380.40445,-589.79706,2958.912
-365.22137,-569.4179,2951.6377
-352.9301,-548.8068,2956.9187
-324.02222,-533.6992,2967.6868
-37.51774,-578.5121,2793.7903
-266.3485,-512.1103,3007.632
-200.09988,-526.71387,2986.9849
-139.03564,-535.1593,2964.472
-103.98413,-552.8708,2925.7227
-83.97026,-563.9417,2888.5986
-73.72596,-571.76105,2860.3254
-69.875824,-578.47705,2839.9285
-64.93452,-585.0519,2823.5496
-65.30134,-592.09406,2809.1165
-65.84805,-599.85345,2799.483
-65.645134,-608.0305,2791.014
-66.67526,-612.71075,2786.0515
-64.59932,-615.7242,2785.0159
-61.095226,-619.1141,2781.031
64.122894,-443.45435,2672.6345
120.28043,-302.77142,2535.0176
134.899,-166.46638,2442.9727
146.26207,-122.29952,2434.1265
149.6785,-180.73071,2410.9324
151.91562,-167.55585,2413.8906
154.27643,-108.37249,2432.6199
153.32101,-37.98523,2468.8137
154.71704,13.092499,2503.976
154.62012,36.353622,2473.843
157.26157,66.61893,2533.2092
162.8832,84.32884,2486.1592
163.71141,113.26468,2435.1777
176.56076,135.84334,2396.6567
176.14932,142.0271,2388.7415
178.74646,141.0921,2375.4512
191.18399,136.34018,2381.5576
172.9304,112.531494,2471.6536
179.01561,96.675995,2506.7944
176.08545,78.78287,2533.7568
200.67773,48.263,2523.7048
230.91579,7.717102,2519.0935
253.01779,-47.02043,2515.0403
262.10202,-106.26198,2519.6633
279.5881,-140.61374,2529.7007
287.30124,-204.251,2525.7957
287.29984,-273.50394,2534.406
281.7819,-335.37094,2554.456
266.13074,-400.89703,2578.676
250.55066,-462.70773,2613.7532
223.67186,-518.4021,2654.1907
188.17021,-562.9549,2695.801
145.5358,-614.3855,2733.938
41.504562,-653.72046,2796.7715
-36.073284,-667.24133,2837.7007
-84.26205,-676.6583,2859.4873
-128.74652,-668.175,2901.7188
-169.44955,-655.6583,2935.7905
-201.61105,-647.3188,2949.4756
-221.27014,-635.52527,2979.575
-249.7223,-623.52356,2999.767
-266.2444,-624.47046,3007.028
-289.0277,-623.3181,3020.4216
-308.30508,-621.0697,3045.0098
-334.2845,-622.8092,3052.049
-350.35657,-630.04614,3060.1555
-369.39084,-628.7171,3080.8818
-376.68286,-634.1284,3097.119
-391.20013,-639.1817,3109.548
-413.02472,-640.37854,3123.337
-430.63452,-647.18665,3130.5012
-445.24582,-655.59906,3110.8271
-456.1348,-656.3309,3126.3027
-463.91428,-656.1548,3122.8862
-461.9633,-643.95734,3145.2827
-452.2259,-644.57056,3162.9084
-465.74854,-647.7129,3170.0747
-489.479,-651.0182,3179.3376
-481.93332,-655.14154,3189.339
-479.43774,-659.5184,3192.1074
-486.80557,-661.9105,3193.841
-481.89655,-661.00854,3191.36
-483.63342,-661.9828,3176.981
-480.86444,-656.7662,3183.834
-474.4377,-657.71295,3182.396
-475.35828,-656.8695,3184.301
-474.69012,-656.79565,3172.9924
-467.6943,-655.0235,3170.0764
-464.02686,-650.12646,3164.8977
-463.08914,-643.4269,3164.262
-453.58185,-638.4793,3159.0642
-441.8778,-635.8599,3146.49
-444.15552,-633.2003,3151.2559
-447.08075,-629.6223,3135.068
-439.66547,-620.17554,3129.8586
-425.08786,-613.25586,3113.1968
-415.91016,-606.00116,3104.6309
-397.20087,-596.46094,3093.803
-382.13498,-583.8926,3083.3562
-359.9312,-582.061,3067.7402
-348.9592,-567.0591,3062.9045
-322.0791,-558.4042,3060.1694
-300.62625,-542.1719,3055.1265
-261.88528,-537.0993,3043.8643
-225.9262,-516.76605,3026.8562
-186.52287,-494.2728,2994.1824
-142.20123,-491.34937,2967.4854
-42.147057,-507.07755,2862.294
-25.710686,-501.70706,2851.4712
-23.352058,-505.20532,2807.2678
-22.413132,-495.2551,2896.6023
15.333473,-503.6629,2871.74
27.373825,-510.73627,2841.2166
63.685974,-512.19714,2814.3503
90.962715,-511.44647,2793.9768
111.71419,-511.59595,2773.0078
136.4061,-509.7532,2737.2236
158.67653,-505.6714,2716.5752
175.71072,-500.7343,2687.2747
184.17508,-493.24905,2673.4915
195.70955,-487.2194,2642.9336
199.8626,-486.7845,2619.8572
206.47734,-483.32104,2602.098
211.34303,-479.8407,2569.4692
212.901,-477.11658,2542.1538
217.54747,-468.45886,2513.9822
212.71698,-467.05426,2486.6885
207.4378,-464.71756,2467.7812
199.62161,-459.88693,2437.1719
198.6336,-458.9892,2416.4536
191.19391,-459.6989,2399.1865
185.72345,-462.0942,2389.1995
182.46231,-458.65414,2369.8171
153.40076,-456.84576,2345.3425
142.63675,-460.31097,2340.15
135.89752,-464.27484,2331.9402
135.9857,-484.31104,2310.3196
143.72282,-512.90735,2310.2166
139.20943,-522.389,2305.776
132.42401,-519.4052,2282.321
150.91174,-525.0509,2279.2085
169.11383,-510.26733,2289.107
170.69049,-482.22137,2291.593
191.82318,-467.80853,2286.2986
200.52472,-467.2721,2282.1023
210.6384,-478.4854,2271.283
221.97726,-491.41968,2256.5854
250.41391,-516.4179,2230.348
276.25122,-542.6117,2206.8257
281.8581,-558.89514,2202.0005
274.07312,-565.1484,2192.96
298.08563,-567.4094,2200.9092
261.35547,-593.0405,2229.7805
226.60034,-609.90393,2241.8733
229.21523,-603.8303,2204.3743
203.82578,-613.70044,2189.4602
192.91278,-632.61743,2177.8804
188.19647,-670.8518,2219.0837
174.0485,-682.75476,2180.0793
166.23405,-715.4806,2161.6824
141.41525,-758.5848,2160.8164
167.12526,-795.0331,2146.4517
173.63814,-819.4477,2140.1467
180.91577,-836.2992,2119.6196
182.30135,-856.0455,2121.215
176.9495,-867.5085,2123.3848
171.02623,-880.86084,2118.22
166.96535,-898.51483,2114.6626
173.05353,-914.08954,2117.4026
175.00168,-926.1774,2116.1775
178.29433,-933.9243,2122.3306
170.07272,-944.5311,2107.0627
153.3323,-953.33875,2115.776
141.86395,-957.0627,2111.592
153.87279,-954.00806,2130.5176
163.05621,-951.1577,2130.3928
161.06949,-949.57446,2122.2495
168.44745,-943.17017,2122.4924
169.85861,-940.1318,2130.5188
174.69879,-933.2876,2137.6318
174.32967,-928.20044,2135.6377
178.05148,-917.48364,2144.359
184.29288,-904.7507,2151.6106
174.74794,-894.614,2153.1333
147.71904,-894.7563,2120.811
140.55414,-882.92505,2116.2356
129.83496,-870.99524,2115.4407
125.84845,-859.25806,2113.8562
126.28553,-849.12805,2112.536
122.861244,-839.2272,2112.4565
118.43431,-834.2125,2105.2703
115.10485,-828.44867,2107.902
115.40115,-826.3419,2107.1118
109.63861,-831.8539,2103.9778
111.080185,-832.44995,2117.4502
107.685745,-843.29553,2126.9392
135.1424,-845.7567,2144.018
136.13246,-859.3231,2141.9849
128.44154,-875.75476,2131.683
144.36794,-882.6532,2132.1924
152.72012,-871.5845,2144.447
177.4501,-849.8706,2137.6072
206.09415,-820.5437,2123.35
232.68011,-792.53723,2123.7385
247.91357,-776.21124,2119.871
255.80997,-775.8385,2126.5835
252.23224,-777.9375,2121.8198
250.81232,-773.8663,2128.8887
261.0243,-757.7751,2149.3428
222.97278,-808.5748,2082.3127
170.40096,-849.08594,2031.1527
252.6067,-757.00806,2191.3157
248.93155,-771.4679,2179.7937
237.73767,-801.7223,2108.62
203.9803,-819.06726,2076.7288
169.29977,-826.6782,2066.2
143.35449,-826.0518,2060.531
118.61143,-816.708,2064.138
98.63043,-804.3161,2070.9238
88.14635,-790.28125,2075.0503
78.283165,-774.8037,2081.2576
73.94286,-756.92224,2087.9124
69.33174,-740.75464,2091.1235
66.69179,-723.1888,2095.457
65.81338,-711.0581,2097.7688
62.835617,-699.2017,2099.0842
58.35473,-689.67554,2101.2634
56.451363,-679.4697,2103.0068
52.99825,-674.4316,2103.7815
47.73066,-672.6473,2104.0845
48.946823,-673.4164,2100.4119
52.170143,-680.69403,2097.1414
57.81171,-689.8419,2096.705
60.857033,-697.3225,2116.074
69.27316,-706.857,2124.5603
81.053116,-715.87646,2137.3877
293.38898,-592.1983,2193.3577
249.65633,-703.1731,2198.6978
222.3877,-721.20905,2195.979
207.26926,-734.9715,2173.0037
195.41687,-744.63196,2168.979
191.22394,-749.0851,2151.093
191.79007,-749.5357,2148.2192
185.45792,-758.55334,2130.0938
179.32677,-762.71075,2127.6235
169.26166,-767.4252,2117.8176
152.68452,-770.72107,2119.2312
145.38654,-772.48376,2115.0483
139.60606,-773.94714,2105.854
134.16968,-776.4955,2103.3345
130.54793,-776.9343,2076.594
117.17338,-775.93384,2088.271
110.503555,-779.0691,2069.328
98.31857,-779.4184,2065.7854
88.43771,-780.71765,2057.6042
86.668594,-776.9625,2061.0757
84.12441,-777.8025,2054.918
78.485085,-779.54846,2049.6887
71.642044,-779.8507,2053.1904
74.10482,-774.51953,2054.9255
90.98804,-765.2863,2055.2595
107.97288,-757.6637,2055.844
107.35958,-756.2731,2068.028
128.1801,-738.8695,2092.0928
145.26454,-732.3229,2091.2761
160.41919,-723.23914,2101.3618
168.0805,-728.4846,2084.5361
174.34024,-726.6345,2100.9797
181.70807,-725.7678,2100.1208
192.84538,-719.1745,2107.124
207.9762,-707.1627,2114.767
222.9852,-700.26416,2115.332
234.40437,-696.63904,2136.0762
241.95905,-713.2294,2128.3713
240.16043,-733.98596,2138.3552
238.04869,-746.6834,2142.9814
233.23553,-756.3444,2146.054
224.20265,-767.41614,2147.0708
230.43199,-769.00684,2153.163
215.29254,-786.6293,2152.1523
207.52718,-798.5564,2142.602
193.65385,-806.56604,2141.5562
184.15004,-809.68726,2128.061
170.41693,-816.047,2113.054
150.75098,-815.4778,2111.219
130.69086,-811.5265,2105.7197
113.326454,-802.04443,2103.1968
95.11185,-793.05115,2077.9111
67.7517,-776.0759,2088.9824
43.441948,-756.51526,2081.7354
26.413513,-732.4123,2083.361
9.689499,-702.9767,2087.479
-6.634323,-672.0991,2092.169
-18.793045,-617.6129,2085.1284
-36.094727,-588.5886,2106.3057
-35.99887,-542.1229,2125.294
-38.977478,-501.17743,2124.093
-43.007446,-448.04388,2141.583
-49.730988,-399.9314,2148.8738
-50.44507,-354.1748,2155.1396
-54.56241,-317.39743,2158.975
-68.7626,-280.63824,2158.6548
-77.08801,-247.02261,2160.7786
-84.490875,-221.39136,2167.777
-89.93613,-205.73392,2163.9438
-71.85104,-269.46033,2054.2637
-101.71915,-330.90787,1969.7609
-156.07599,-382.43503,1913.5239
-215.67747,-419.6552,1877.65
-264.03778,-448.57886,1863.7319
-311.0605,-471.48688,1858.1638
-354.78687,-489.21182,1856.0746
-190.43878,-333.46286,2127.5173
-207.77023,-353.55872,2095.1772
-225.23999,-379.975,2070.7812
-245.44751,-410.83896,2052.2295
-265.4118,-438.2341,2041.9147
-287.2904,-467.1172,2028.3491
-303.84467,-490.56686,2017.8942
-307.175,-508.36035,1999.8416
-312.94125,-525.28015,1975.6306
-313.61774,-537.5511,1958.452
-311.07404,-545.2374,1952.2911
-308.063,-553.4254,1950.162
-301.2019,-560.59204,1954.3036
-290.36932,-562.65045,1941.8551
-267.3344,-569.7378,1942.8015
-249.82884,-582.6396,1917.7678
-228.57568,-591.151,1908.2671
-213.39232,-600.9496,1908.0785
-194.53647,-606.18494,1909.8629
-176.22289,-612.23926,1924.0002
-158.88354,-616.1959,1908.1888
-141.24435,-618.3964,1904.0813
-115.87903,-616.93274,1906.6865
-86.38745,-616.4878,1911.6409
-57.09323,-618.76355,1904.1345
-24.85675,-616.9871,1906.0282
6.2865906,-621.98596,1904.3046
-228.76479,-713.14294,1789.6283
-226.60475,-504.35162,1873.1111
-199.98242,-504.5091,1894.9282
-180.0563,-505.83423,1919.9495
-166.15024,-506.12982,1945.0221
-156.34402,-501.04144,1967.1106
-145.94168,-500.01654,1993.4657
-132.74545,-498.2071,2016.9388
-132.13667,-500.5774,2053.4338
-114.63973,-504.28638,2083.3875
-115.61621,-503.32205,2103.498
-114.080765,-504.013,2128.4841
-97.93956,-505.89575,2159.8425
-108.63273,-509.28333,2178.1008
-97.85516,-515.9039,2189.1506
-89.67209,-520.45654,2203.6772
-77.11759,-521.66956,2218.6775
-73.488686,-524.81024,2214.004
-69.410904,-527.83154,2215.254
-60.547935,-530.60706,2226.0376
-50.12224,-536.89667,2233.7676
-37.055824,-540.15,2243.3718
-34.514988,-541.9284,2240.8142
-27.293903,-543.7429,2243.4497
-25.497332,-544.92285,2245.9104
-25.119015,-543.293,2256.6443
-15.364328,-540.5047,2253.7332
-20.109528,-540.54724,2245.9321
-20.229574,-540.4364,2264.3896
-19.851526,-542.2439,2283.3555
-14.915027,-543.0529,2296.0532
-8.544667,-544.706,2298.2434
-30.083286,-536.66956,2251.9614
-45.219337,-536.2201,2241.728
-53.558495,-536.12415,2253.8132
-54.49314,-533.27295,2255.4792
-61.690426,-531.5615,2241.0425
-57.895935,-534.6173,2237.5554
-53.357746,-531.7199,2240.3757
-46.47167,-530.66516,2225.457
-46.035133,-530.0647,2226.331
-41.18044,-531.647,2209.0408
-36.227806,-532.5837,2215.203
-24.693901,-533.2876,2186.685
-20.929855,-530.57,2177.7375
-24.71222,-520.675,2202.3965
-10.423187,-516.00574,2200.1404
9.931686,-510.65793,2177.3987
32.3686,-507.14786,2137.534
47.966248,-503.6802,2133.9062
77.33472,-507.3391,2116.7925
89.2436,-503.79376,2078.743
114.607544,-505.6947,2065.6162
135.24036,-507.94684,2047.4026
165.12929,-504.31027,1981.5543
195.76137,-502.3355,1935.9998
226.00745,-496.13153,1911.5819
249.24245,-490.1652,1878.6566
256.25107,-485.98422,1847.1432
268.29297,-482.1059,1819.1914
284.80936,-480.3291,1795.7261
300.6907,-482.79407,1785.2482
316.8565,-484.2444,1781.2418
344.9261,-481.02228,1755.1685
360.89462,-476.23004,1725.2769
380.4922,-474.67706,1697.7706
399.86755,-472.57242,1678.2498
424.58688,-469.26233,1658.9692
446.66736,-472.1421,1644.5273
470.09207,-473.49292,1628.9116
493.4861,-478.74432,1615.0112
522.21277,-479.8409,1598.089
542.74023,-487.7336,1591.6505
563.51306,-495.25793,1583.7773
596.8445,-496.92337,1574.1962
614.8921,-501.33118,1577.1346
630.7604,-503.74634,1577.3569
653.0806,-497.63242,1573.9556
669.1566,-497.46115,1574.5586
687.4042,-497.97174,1575.365
702.3476,-499.78113,1572.443
710.0497,-504.54578,1567.4656
715.0085,-505.42355,1548.2495
713.5619,-509.11658,1516.5228
716.15076,-510.713,1495.3451
710.1532,-520.036,1490.2955
702.76373,-510.65582,1473.4735
707.7548,-512.0955,1440.8483
724.5721,-525.13855,1457.1388
741.3253,-533.83093,1469.1925
755.23834,-541.8965,1470.5181
708.3142,-528.6474,1481.3337
725.89526,-553.7655,1465.8003
742.427,-562.47534,1449.6116
682.6572,-491.43893,1361.5938
706.8959,-475.66977,1410.8937
716.6885,-472.18335,1384.9885
722.7062,-459.08282,1423.2738
726.7072,-462.0441,1377.1642
725.6161,-461.54123,1335.7347
745.9352,-479.24527,1394.5073
735.9089,-539.8897,1350.6451
723.8767,-578.1942,1318.8131
727.6381,-603.076,1258.4546
719.3157,-605.44543,1135.7202
682.14355,-608.7069,1062.6119
656.7552,-617.89685,1022.96
644.5411,-622.5472,1000.668
638.79565,-624.9637,987.42346
636.3234,-626.231,979.0895
635.4556,-626.90045,973.5404
635.3347,-627.2571,969.6572
635.53436,-627.4489,966.8283
635.8512,-627.5526,964.7043
636.1971,-627.6075,963.07404
636.5515,-627.63184,961.8019
636.8388,-627.6465,960.8036
637.07104,-627.6554,960.0149
637.25836,-627.6611,959.38904
637.40924,-627.6647,958.891
637.5305,-627.667,958.49384
637.628,-627.6687,958.17676
637.7061,-627.6698,957.9234
637.7689,-627.67065,957.721
637.8192,-627.6714,957.5591
637.8595,-627.67194,957.42957
637.8918,-627.6725,957.32605
637.9176,-627.6729,957.24316
637.9383,-627.67334,957.1769
637.9549,-627.67377,957.1239
637.96814,-627.67413,957.0815
637.97876,-627.6745,957.04755
637.98724,-627.67487,957.02026
637.9941,-627.6753,956.99854
637.9995,-627.67566,956.98114
638.0039,-627.676,956.9672
638.0074,-627.6764,956.95605
638.01013,-627.67676,956.947
638.0124,-627.6771,956.9399
638.01416,-627.6775,956.93414
638.0156,-627.67786,956.9295
638.0167,-627.6782,956.9258
638.01764,-627.67865,956.9228
638.0184,-627.67896,956.9204
638.019,-627.6794,956.91846
638.0194,-627.67975,956.91693
638.0198,-627.6801,956.91565
638.0201,-627.6805,956.9147
638.0203,-627.68085,956.91376
638.0205,-627.6812,956.9131
638.0207,-627.68164,956.91254
638.0208,-627.682,956.9121
638.02094,-627.6823,956.9117
638.021,-627.68274,956.9113
638.02106,-627.6831,956.9111
638.0211,-627.6835,956.9108
638.0211,-627.68384,956.91064
638.0212,-627.6842,956.9105
638.0212,-627.6846,956.91034
638.02124,-627.68494,956.91016
638.02124,-627.6853,956.91003
638.02124,-627.6857,956.91
638.02124,-627.6861,956.90985
638.02124,-627.6864,956.9098
638.0213,-627.6868,956.9096
638.0213,-627.6872,956.90955
638.0213,-627.68756,956.9095
638.0213,-627.6879,956.9094
638.0213,-627.6883,956.90936
638.0213,-627.6887,956.9092
638.0213,-627.689,956.9091
638.0213,-627.6894,956.90906
638.0213,-627.68976,956.909
638.0213,-627.6901,956.90894
638.0213,-627.69055,956.9088
638.0213,-627.6909,956.90875
638.0213,-627.6913,956.9087
638.0213,-627.69165,956.9086
638.0213,-627.692,956.90857
638.0213,-627.6924,956.9085
638.0213,-627.69275,956.9084
638.0213,-627.6931,956.9083
638.0213,-627.6935,956.90826
638.0213,-627.69385,956.9082
638.0213,-627.6942,956.90814
638.0213,-627.69464,956.908
638.0213,-627.695,956.90796
638.0213,-627.6954,956.9079
638.0213,-627.69574,956.90784
638.0213,-627.6961,956.9078
638.0213,-627.6965,956.90765
638.0213,-627.69684,956.9076
638.0213,-627.6972,956.90753
638.0213,-627.69763,956.9075
638.0213,-627.698,956.9074
638.0213,-627.6983,956.90735
493.01883,-370.7984,800.4967
358.11078,-329.47986,723.65686
305.28046,-263.0188,788.8816
269.83408,-181.34776,846.4099
270.85074,-177.79977,724.98785
251.63986,-166.07224,748.3629
242.37,-143.56348,810.1108
179.92029,-146.26782,786.9349
146.61996,-155.42578,745.5971
249.26389,-230.12347,761.09814
253.71558,-310.56555,698.5921
261.9351,-340.99164,676.46844
271.29706,-354.241,670.39825
280.131,-360.12753,670.81915
289.35846,-362.3365,674.4677
298.28568,-362.39124,680.4391
304.9939,-307.58945,663.32306
307.7845,-280.96274,663.38043
312.61346,-268.05743,667.0702
318.441,-260.8903,673.6479
325.91528,-256.85425,680.299
334.7635,-253.82094,688.1492
379.86908,-256.22577,687.413
350.58905,-248.94305,701.69
365.60187,-243.23032,717.20844
415.74176,-247.87416,704.93384
390.14597,-58.3844,700.2626
429.42206,27.923828,735.12933
452.5563,69.62729,742.5113
462.8648,88.47638,737.7473
557.5659,-148.35022,1074.7994
505.59967,-330.66916,969.3824
538.8286,-344.63214,896.6347
563.3965,-336.55756,851.3563
577.0095,-327.8382,827.35144
583.04205,-322.29382,814.6406
584.933,-319.24777,807.6651
584.84076,-317.67148,803.67065
583.92426,-316.8797,801.27985
582.755,-316.4906,799.78534
581.5923,-316.3073,798.81665
580.5468,-316.22253,798.15955
579.6197,-316.22815,797.76337
578.8583,-316.23254,797.45844
578.2385,-316.2359,797.2225
577.7371,-316.23834,797.039
577.33295,-316.24002,796.8956
577.0078,-316.24115,796.7832
576.7468,-316.242,796.6947
576.53754,-316.24265,796.62476
576.3697,-316.2431,796.56946
576.2352,-316.2435,796.5256
576.1277,-316.24377,796.4906
576.0415,-316.24405,796.4629
575.9725,-316.24426,796.44086
575.9173,-316.24445,796.4232
575.8731,-316.24457,796.4092
575.83777,-316.24478,796.398
575.8095,-316.24493,796.38904
575.78687,-316.24512,796.38184
575.7688,-316.2453,796.37616
575.75433,-316.24542,796.3716
575.74274,-316.2456,796.3679
575.73346,-316.24573,796.365
575.7261,-316.2459,796.3626
575.72015,-316.24606,796.3608
575.7154,-316.24622,796.35925
575.7116,-316.24637,796.35803
575.7086,-316.24652,796.35706
575.7062,-316.24667,796.3563
575.7043,-316.24683,796.35565
575.70276,-316.247,796.35516
575.70154,-316.24713,796.3548
575.7005,-316.2473,796.35443
575.69977,-316.24747,796.3541
575.69916,-316.24762,796.35394
575.6986,-316.24777,796.35376
575.6983,-316.24792,796.35364
575.69794,-316.24808,796.3535
575.6977,-316.24823,796.3534
575.6976,-316.2484,796.35333
575.6974,-316.24854,796.3532
575.69727,-316.24872,796.3532
575.6972,-316.24884,796.35315
575.69714,-316.24902,796.35315
575.697,-316.24918,796.353
575.6971,-316.24933,796.353
575.697,-316.24948,796.353
575.69696,-316.24963,796.353
575.697,-316.24982,796.35297
575.69696,-316.24994,796.3529
575.69696,-316.2501,796.3529
575.697,-316.25024,796.3529
575.697,-316.25043,796.35284
575.697,-316.25058,796.35284
575.697,-316.25073,796.35284
575.697,-316.2509,796.3528
575.697,-316.25104,796.3528
575.6971,-316.2512,796.3528
575.6971,-316.25134,796.3528
575.6971,-316.25153,796.3527
575.69714,-316.25168,796.3527
575.69714,-316.25183,796.3527
575.69714,-316.25198,796.3527
575.69714,-316.25214,796.35266
575.6972,-316.25226,796.35266
575.6972,-316.25244,796.35266
575.6972,-316.2526,796.3526
575.69727,-316.25275,796.3526
575.69727,-316.25293,796.3526
575.69727,-316.25305,796.3526
575.6973,-316.25323,796.35254
575.6973,-316.25336,796.35254
575.6973,-316.25354,796.35254
575.6974,-316.25366,796.35254
575.6974,-316.25385,796.3525
575.6974,-316.254,796.3525
575.69745,-316.25415,796.3525
575.69745,-316.25433,796.3525
575.69745,-316.25446,796.3524
575.6975,-316.25464,796.3524
575.6975,-316.25476,796.3524
575.6975,-316.25494,796.35236
575.6976,-316.25507,796.35236
575.6976,-316.25525,796.35236
575.6976,-316.25543,796.35236
575.69763,-316.25555,796.3523
575.69763,-316.2557,796.3523
575.69763,-316.25586,796.3523
575.6977,-316.25604,796.3523
575.6977,-316.25616,796.35223
575.6977,-316.25635,796.35223
575.69775,-316.2565,796.35223
575.69775,-316.25665,796.3522
575.69775,-316.2568,796.3522
575.6978,-316.25696,796.3522
575.6978,-316.25714,796.3522
575.6978,-316.25726,796.3521
575.6979,-316.25745,796.3521
575.6979,-316.25757,796.3521
575.6979,-316.25775,796.3521
575.69794,-316.25787,796.35205
575.69794,-316.25806,796.35205
575.69794,-316.2582,796.35205
575.698,-316.25836,796.35205
575.698,-316.25854,796.352
575.698,-316.25867,796.352
575.698,-316.25885,796.352
575.69806,-316.25897,796.3519
575.69806,-316.25916,796.3519
575.69806,-316.25928,796.3519
575.6981,-316.25946,796.3519
575.6981,-316.2596,796.35187
575.6981,-316.25977,796.35187
575.6982,-316.25995,796.35187
575.6982,-316.26007,796.35187
575.6982,-316.26022,796.3518
575.69824,-316.26038,796.3518
575.69824,-316.26056,796.3518
575.69824,-316.26068,796.3518
575.6983,-316.26086,796.35175
575.6983,-316.26105,796.35175
575.6983,-316.26117,796.35175
575.69836,-316.26132,796.3517
575.69836,-316.26147,796.3517
575.69836,-316.26166,796.3517
575.6984,-316.26178,796.3517
575.6984,-316.26196,796.3516
575.6984,-316.2621,796.3516
575.6985,-316.26227,796.3516
575.6985,-316.26242,796.3516
575.6985,-316.26257,796.35156
575.69855,-316.26273,796.35156
575.69855,-316.26288,796.35156
575.69855,-316.26306,796.35156
575.6986,-316.26318,796.3515
575.6986,-316.26337,796.3515
575.6986,-316.2635,796.3515
575.69867,-316.26367,796.35144
575.69867,-316.26382,796.35144
575.69867,-316.26398,796.35144
575.6987,-316.26413,796.35144
575.6987,-316.26428,796.3514
575.6987,-316.26443,796.3514
575.6987,-316.2646,796.3514
575.6988,-316.26474,796.3514
575.6988,-316.2649,796.3513
575.6988,-316.26508,796.3513
575.69885,-316.26523,796.3513
575.69885,-316.26538,796.3513
575.69885,-316.26553,796.35126
575.6989,-316.2657,796.35126
575.6989,-316.26584,796.35126
575.6989,-316.266,796.3512
575.699,-316.26614,796.3512
575.699,-316.2663,796.3512
575.699,-316.26648,796.3512
575.69904,-316.26663,796.35114
575.69904,-316.26678,796.35114
575.69904,-316.2669,796.35114
575.6991,-316.2671,796.35114
575.6991,-316.26724,796.3511
575.6991,-316.2674,796.3511
575.69916,-316.26755,796.3511
575.69916,-316.2677,796.351
575.69916,-316.26788,796.351
575.6992,-316.268,796.351
575.6992,-316.2682,796.351
575.6992,-316.26834,796.35095
575.6993,-316.2685,796.35095
575.6993,-316.26865,796.35095
575.6993,-316.2688,796.35095
575.69934,-316.26895,796.3509
575.69934,-316.2691,796.3509
575.69934,-316.26926,796.3509
575.6994,-316.2694,796.3509
575.6994,-316.2696,796.3508
575.6994,-316.26974,796.3508
575.69946,-316.2699,796.3508
575.69946,-316.27005,796.35077
575.69946,-316.2702,796.35077
575.6995,-316.27036,796.35077
575.6995,-316.2705,796.35077
575.6995,-316.27066,796.3507
575.6996,-316.2708,796.3507
575.6996,-316.271,796.3507
575.6996,-316.27115,796.3507
575.6996,-316.2713,796.35065
575.69965,-316.27142,796.35065
575.69965,-316.2716,796.35065
575.69965,-316.27176,796.35065
575.6997,-316.2719,796.3506
575.6997,-316.2721,796.3506
575.6997,-316.27225,796.3506
575.69977,-316.2724,796.3505
575.69977,-316.27252,796.3505
575.69977,-316.2727,796.3505
575.6998,-316.27286,796.3505
575.6998,-316.273,796.35046
575.6998,-316.27316,796.35046
575.6999,-316.27332,796.35046
575.6999,-316.2735,796.35046
575.6999,-316.27362,796.3504
575.69995,-316.2738,796.3504
575.69995,-316.27393,796.3504
575.69995,-316.2741,796.35034
575.7,-316.27426,796.35034
575.7,-316.2744,796.35034
575.7,-316.27457,796.35034
575.7001,-316.27472,796.3503
575.7001,-316.27487,796.3503
575.7001,-316.27502,796.3503
575.70013,-316.2752,796.3503
575.70013,-316.27533,796.3502
575.70013,-316.2755,796.3502
575.7002,-316.27563,796.3502
575.7002,-316.27582,796.3502
575.7002,-316.27594,796.35016
575.70026,-316.27612,796.35016
575.70026,-316.27628,796.35016
575.70026,-316.27643,796.3501
575.7003,-316.2766,796.3501
575.7003,-316.27673,796.3501
575.7003,-316.27692,796.3501
575.7003,-316.27704,796.35004
575.7004,-316.27722,796.35004
575.7004,-316.27734,796.35004
575.70044,-316.27753,796.35004
575.70044,-316.2777,796.35
575.70044,-316.27783,796.35
575.70044,-316.278,796.35
575.7005,-316.27814,796.35
575.7005,-316.27832,796.3499
575.7005,-316.27844,796.3499
575.70056,-316.27863,796.3499
575.70056,-316.27875,796.34985
575.70056,-316.27893,796.34985
575.7006,-316.2791,796.34985
575.7006,-316.27924,796.34985
575.7006,-316.2794,796.3498
575.7007,-316.27954,796.3498
575.7007,-316.27972,796.3498
575.7007,-316.27985,796.3498
575.70074,-316.28003,796.34973
575.70074,-316.28015,796.34973
575.70074,-316.28033,796.34973
575.7008,-316.2805,796.34973
575.7008,-316.28064,796.3497
575.7008,-316.2808,796.3497
575.70087,-316.28094,796.3497
575.70087,-316.28113,796.3496
575.70087,-316.28125,796.3496
575.7009,-316.28143,796.3496
575.7009,-316.28156,796.3496
575.7009,-316.28174,796.34955
575.701,-316.2819,796.34955
575.701,-316.28204,796.34955
575.701,-316.28223,796.34955
575.70105,-316.28235,796.3495
575.70105,-316.28253,796.3495
575.70105,-316.28265,796.3495
575.7011,-316.28284,796.3495
575.7011,-316.283,796.3494
575.7011,-316.28314,796.3494
575.7012,-316.2833,796.3494
575.7012,-316.28345,796.34937
575.7012,-316.28363,796.34937
575.7012,-316.28375,796.34937
575.70123,-316.2839,796.34937
575.70123,-316.28406,796.3493
575.70123,-316.28424,796.3493
575.7013,-316.2844,796.3493
575.7013,-316.28455,796.3493
575.7013,-316.28473,796.34924
575.70135,-316.28485,796.34924
575.70135,-316.285,796.34924
575.70135,-316.28516,796.3492
575.7014,-316.2853,796.3492
575.7014,-316.28546,796.3492
575.7014,-316.28564,796.3492
575.7015,-316.2858,796.3491
575.7015,-316.28595,796.3491
575.7015,-316.28607,796.3491
575.70154,-316.28625,796.3491
575.70154,-316.2864,796.34906
575.70154,-316.28656,796.34906
575.7016,-316.2867,796.34906
575.7016,-316.28687,796.34906
575.7016,-316.28705,796.349
575.70166,-316.28717,796.349
575.70166,-316.28735,796.349
575.70166,-316.28748,796.34894
575.7017,-316.28766,796.34894
