252.83136,276.4859,2697.0117
253.9261,273.10498,2691.6987
252.41788,272.01727,2687.3503
253.4045,270.981,2683.5164
252.64575,266.05783,2675.9333
247.02075,264.03204,2669.7056
240.35489,267.57657,2665.1338
225.00237,268.95026,2656.7832
216.5184,271.21008,2651.0957
207.1666,272.95117,2642.6943
202.3793,279.8904,2635.6104
178.49384,275.81635,2612.6692
163.41357,270.15466,2606.5278
157.20049,268.85458,2603.9138
150.93042,266.7453,2600.2834
143.40996,266.80188,2605.452
126.56773,271.91797,2592.9097
115.81685,271.061,2582.475
109.02502,274.3896,2577.7202
87.867065,282.20392,2557.3474
76.5468,285.15048,2553.0898
67.027245,292.30054,2549.8167
61.625206,287.94745,2551.7588
59.021698,287.255,2548.752
56.75923,288.65656,2544.765
48.706738,290.13068,2529.7698
45.450188,289.65594,2528.859
36.753113,291.4907,2518.7256
32.115215,289.14426,2504.6367
23.586233,291.2445,2496.4966
23.097057,291.56937,2496.9514
25.146515,292.1759,2495.9143
26.00576,293.41846,2484.467
29.384703,291.84103,2484.2314
33.20013,294.06052,2481.214
41.896645,298.798,2467.4587
44.087067,298.4755,2463.84
47.572838,301.78412,2459.59
53.05369,300.96185,2456.696
66.795616,301.53207,2455.5676
73.808014,299.4672,2453.9758
82.255646,298.2735,2451.6882
92.071434,298.04865,2439.3962
99.4519,298.60495,2430.8047
100.41357,301.36478,2426.6685
101.975235,304.26028,2424.8074
105.38902,303.25705,2423.408
108.05941,302.11563,2422.759
110.32571,302.20255,2423.0713
112.81622,300.6985,2422.4663
115.58152,299.37564,2422.5562
118.42922,298.52768,2423.6736
120.525116,298.03537,2424.3325
121.69882,295.597,2424.7812
126.285805,292.91705,2426.824
122.67335,293.41193,2434.8635
122.382774,293.4674,2437.241
110.9577,293.82904,2443.623
104.434555,288.4117,2452.961
100.18536,284.11597,2459.8225
93.755844,285.14383,2464.1982
89.28311,286.38623,2474.786
85.17289,288.97,2486.3906
81.10726,292.3199,2492.7405
75.50816,293.52942,2499.1902
67.39,297.64838,2514.7585
59.68511,299.10306,2520.371
54.1855,294.9985,2531.1338
46.205963,298.5715,2537.9397
40.09274,302.60025,2540.8027
41.915867,304.13934,2558.791
46.307007,306.06775,2563.9636
67.75904,300.12167,2583.105
72.9137,291.271,2600.698
69.08077,289.2286,2601.0435
69.52534,288.4477,2607.3655
71.25644,289.45264,2614.9856
83.77769,286.22546,2628.1902
91.54201,284.17505,2633.0254
96.417,284.06348,2637.5571
121.44491,276.01593,2653.7673
130.32257,278.09036,2664.3933
133.25568,280.82898,2673.015
137.9262,282.20032,2681.0005
151.32584,281.43378,2700.3145
163.5749,283.36752,2713.4202
171.49127,284.60315,2728.597
172.05661,285.08548,2728.7168
176.70625,281.78513,2735.423
179.17163,279.19983,2742.7341
180.7316,278.86578,2746.5046
181.50066,278.44232,2750.912
186.3255,278.5439,2781.2463
182.08803,277.6517,2793.7085
177.62166,282.6817,2802.952
175.26839,282.56998,2807.1152
175.67607,274.43878,2818.986
173.52963,270.1581,2824.4365
171.23514,267.6578,2826.9297
153.60272,263.04926,2848.7625
143.53625,262.24527,2857.7566
138.22058,261.95395,2862.1633
134.04169,260.76288,2865.7744
126.78703,263.6631,2867.7646
114.92999,263.0445,2872.5618
101.19008,259.16095,2879.1821
84.26806,259.05075,2884.7683
75.89526,255.52454,2892.4749
69.485695,251.68936,2897.4236
41.86908,259.62863,2891.234
45.18327,252.07156,2900.3784
40.59576,246.83089,2908.222
34.913345,244.24887,2918.6926
18.649876,244.4307,2920.9895
13.388117,243.66702,2922.4646
12.601141,241.85419,2926.4639
11.559284,240.56177,2927.1694
9.68317,233.70287,2924.0908
9.266503,226.46973,2928.0078
8.963087,225.08432,2930.1794
9.379448,230.32544,2931.2478
9.760878,230.61356,2931.668
10.900919,234.50565,2936.321
12.012266,234.76678,2937.936
14.963267,237.00928,2940.3772
24.172012,240.00313,2944.7874
36.597794,237.35562,2941.1829
44.36463,241.61879,2939.858
54.639526,243.27737,2939.8816
70.40049,231.4062,2940.1133
78.78183,224.81117,2936.576
83.69919,223.76495,2932.3342
88.12842,221.81758,2930.6924
96.01144,221.70172,2930.631
96.39569,223.42209,2933.229
102.4702,228.69205,2930.1467
107.54334,231.59337,2929.4353
106.2227,243.39398,2930.2405
110.06567,248.82906,2951.9119
109.02219,247.89139,2955.4805
117.69432,254.53876,2935.4407
115.57032,249.37085,2939.1702
115.76832,248.59789,2940.3125
115.08932,247.71231,2940.695
112.63875,247.19553,2941.009
111.92205,250.74344,2946.6533
108.453575,250.8804,2943.5718
109.62822,247.18387,2939.6973
108.56388,245.57785,2937.8853
103.761604,243.7197,2937.1587
99.43668,243.86693,2936.6707
89.24316,241.4758,2931.8538
77.649826,239.6296,2925.0188
70.72777,240.38669,2919.1123
69.06137,239.9929,2917.9539
65.417274,241.19427,2917.721
58.3961,241.54166,2918.2908
51.114704,243.60751,2916.5264
37.59861,243.36725,2912.689
34.723366,238.77876,2913.7876
29.246355,239.81549,2910.0962
25.721024,240.63472,2907.8098
23.820862,239.73067,2907.373
22.034355,241.18985,2905.1375
19.54724,238.6272,2899.2913
15.463878,235.77922,2903.8467
11.783491,238.29118,2896.818
8.308938,240.94589,2896.6516
9.057127,244.27014,2898.247
1.3874178,245.12398,2901.5994
-2.7042022,245.49414,2904.0386
-0.49879456,243.58148,2903.1658
-1.7244327,244.35104,2904.7158
-6.7397413,244.90556,2905.4666
-5.7806096,244.34305,2904.8538
-9.83991,228.37143,2906.275
-11.636968,234.36023,2908.0747
-12.18528,235.58655,2905.969
-12.752573,236.34758,2906.0244
-13.221593,237.40761,2904.376
-13.889784,238.02538,2904.981
-13.778466,237.18631,2904.0793
-12.431108,239.00731,2904.2053
-11.6640625,240.408,2901.7026
-9.669097,246.74153,2902.4358
-10.284655,245.35983,2905.1997
-9.6199045,244.12663,2905.308
-4.5655184,244.57826,2902.0532
-1.9370723,248.33475,2899.7297
0.57664394,248.84932,2898.1082
3.2860045,247.02094,2895.6587
11.316711,241.15976,2891.435
17.963367,241.30319,2890.2578
20.675505,239.97333,2889.5989
22.837568,250.57584,2895.7822
23.427938,248.19145,2895.3667
25.139578,246.46812,2897.1594
26.908806,244.9303,2897.556
24.545113,246.37738,2898.567
27.377075,251.69803,2901.4111
28.301426,254.68306,2901.587
28.712044,255.39258,2901.1877
29.620628,257.2388,2904.2017
30.085,259.09155,2904.046
31.114822,258.99506,2903.0464
31.305351,260.35034,2904.501
31.798233,259.56503,2903.1736
31.002495,262.73895,2907.0178
29.062262,264.23752,2902.8828
27.407648,265.41205,2904.2808
25.103449,273.26736,2906.0803
15.457863,296.0719,2909.069
16.012672,295.432,2911.8118
14.12145,296.5954,2910.6638
13.301363,298.19397,2914.5044
12.038737,301.27026,2914.0676
11.034662,302.65942,2911.315
11.973387,300.08914,2908.298
13.052448,299.58093,2907.5442
12.655488,308.86697,2906.694
15.5396595,304.2203,2910.967
17.353645,304.23517,2909.637
19.09073,304.05316,2909.123
21.123016,305.92636,2904.3174
24.886827,306.90115,2901.3538
29.660112,309.6058,2898.2346
32.55814,312.1682,2896.2734
30.301905,314.65683,2901.3748
30.127565,313.86832,2900.9836
32.57454,313.80328,2902.044
38.90289,313.0733,2904.2825
39.39953,313.02826,2902.2456
38.75219,313.49774,2900.8315
46.413773,310.94434,2905.123
53.269157,308.01096,2905.9158
56.196037,308.55603,2904.114
57.7404,309.89532,2903.3745
60.873264,311.57913,2901.975
62.23037,311.36395,2902.3857
65.20691,310.8084,2900.383
64.270035,308.35312,2898.34
53.92379,296.91696,2899.3477
67.56922,297.24567,2910.4836
78.5657,298.39285,2919.2197
84.3581,297.9624,2926.4456
91.27612,295.3385,2928.9587
97.39934,294.11496,2929.6768
101.89226,290.7664,2927.3257
107.55789,286.0066,2929.6404
112.93622,284.72266,2932.7861
119.99623,282.6269,2929.0022
125.35209,277.60977,2924.1968
128.96646,273.19427,2923.827
133.16833,269.01657,2925.5696
138.14835,264.33047,2925.323
144.58081,262.6012,2931.6653
149.3985,258.94324,2933.3296
153.45955,255.89093,2936.5654
157.26897,249.18129,2934.489
162.66159,242.33032,2934.8247
166.90038,236.0634,2942.704
171.10736,231.22969,2940.6855
178.79591,225.56769,2939.832
183.89291,219.2782,2939.376
188.71396,212.06702,2946.5928
193.41055,207.06554,2945.498
198.82588,201.31326,2946.2253
203.43266,192.9734,2948.543
209.05176,187.04778,2953.9658
214.67459,183.84909,2957.3757
219.7667,177.84085,2960.702
223.94318,174.02956,2962.7666
227.36046,170.75807,2966.5625
231.48038,167.98181,2969.658
236.50682,163.05678,2971.2007
240.58119,157.41818,2972.2878
243.53934,152.18631,2973.6267
247.54373,147.09743,2972.9233
250.0272,137.72073,2966.1921
252.5015,132.96037,2966.0525
254.86096,127.57611,2959.4714
257.49292,120.75863,2957.4438
258.55438,116.3041,2964.679
261.16364,110.21242,2961.7563
264.23163,106.91959,2958.8037
266.71442,101.191376,2963.1917
269.17642,96.429634,2958.9468
274.43265,93.33151,2954.9324
276.38885,88.47409,2948.8718
278.47174,82.29267,2949.99
282.13293,79.018105,2951.07
287.0067,74.93028,2952.19
294.60767,70.36484,2944.6775
303.14117,67.63872,2941.6326
311.16174,64.006,2945.5356
319.40796,60.128876,2947.8733
330.39844,58.558014,2948.9204
342.34668,56.551437,2948.5046
354.9613,55.20838,2948.3884
369.36447,52.5673,2938.2024
381.67468,49.079826,2931.3264
391.4887,45.92665,2931.8496
401.7895,47.226807,2930.6255
410.8303,47.98976,2930.5044
418.78348,48.970512,2928.3752
427.23376,48.77516,2923.612
432.60724,49.29138,2918.973
440.48193,56.82032,2916.6172
445.44974,61.577927,2915.5413
448.65463,66.33334,2913.8708
451.4922,70.360245,2912.0059
452.83014,75.18751,2909.0894
457.82642,85.04778,2901.2869
464.57007,99.3307,2896.3035
466.83392,111.21977,2897.9556
467.0398,123.41782,2894.988
469.00928,139.08023,2889.272
469.1493,153.82144,2888.183
466.7293,169.67084,2880.0896
464.0266,183.26872,2871.268
459.57437,196.03693,2863.4824
454.83643,214.29752,2860.4644
450.95898,228.81369,2854.3442
446.02182,240.80362,2849.6921
442.69308,254.24323,2843.5464
439.14783,262.6332,2840.461
435.875,269.92346,2834.8728
430.31744,277.6621,2827.828
426.37723,283.42307,2820.7983
423.50504,289.7509,2815.6736
419.84186,293.35577,2810.8293
417.96747,303.87994,2805.5537
416.43304,310.45453,2805.6912
415.98596,310.64252,2805.2312
414.1432,312.09674,2802.2244
411.9486,311.64877,2798.6963
409.80417,308.13953,2794.6467
407.40366,304.40924,2790.3843
406.22946,301.39896,2788.662
403.21503,299.8004,2787.4558
397.7798,291.16034,2784.6968
391.96112,285.24274,2784.1567
387.2183,282.79724,2788.196
382.64804,275.17194,2790.6782
377.10587,269.3855,2792.7258
372.87567,264.28088,2796.2473
366.50333,255.64749,2793.5564
361.08145,245.14049,2792.3184
353.5786,236.7604,2795.3372
346.33688,229.32932,2792.729
339.93475,222.97577,2792.9414
334.3159,217.08728,2798.0278
328.88824,211.2973,2796.4502
323.4682,205.6472,2796.2107
317.309,202.29297,2799.5164
313.23978,201.67882,2802.9302
309.5096,198.91394,2804.926
301.2018,196.90414,2805.05
290.87457,192.77777,2797.2207
282.20325,188.50183,2792.8828
273.23544,188.68695,2794.742
263.905,185.96548,2789.1848
255.16347,183.6944,2785.695
247.21347,181.06288,2783.096
239.04436,173.82047,2774.8638
229.92043,169.02298,2769.243
222.33484,167.30363,2771.8833
215.13832,166.00183,2774.1199
209.71237,162.24298,2773.8005
203.55045,158.79651,2777.9277
197.88113,154.58282,2776.4167
192.76106,147.93216,2775.7288
186.5611,139.68091,2774.8135
178.22107,133.9548,2774.096
172.21532,129.59842,2771.0974
166.40509,124.29202,2766.2493
158.79181,119.09578,2761.474
152.25967,115.69917,2757.9795
145.32965,111.79777,2751.9233
138.90189,108.73604,2744.7366
132.81134,104.85807,2735.8022
124.014366,98.831184,2723.7598
116.49258,92.23867,2711.6787
107.6168,88.20927,2701.5762
98.09593,81.88262,2687.4624
85.8232,74.29767,2673.573
71.196976,66.88707,2659.9583
58.80149,58.47776,2646.583
40.88971,48.949677,2636.0159
29.915825,40.409683,2625.0098
21.25953,33.734695,2617.1284
-0.36827087,20.9048,2610.973
-16.679413,7.825058,2607.4575
-22.785004,0.22189331,2604.7778
-33.877235,-10.816666,2603.9548
-51.253525,-25.229675,2602.7188
-59.789555,-37.120895,2602.2754
-70.0311,-45.194977,2603.5457
-76.95384,-58.073883,2604.2974
-84.21011,-61.90541,2608.6978
-89.5071,-69.62146,2608.539
-93.46779,-72.80142,2609.7393
-96.09827,-72.32381,2611.0532
-101.516464,-69.398865,2612.6626
-104.26624,-67.68167,2614.9636
-100.914696,-69.138794,2611.8633
-97.59256,-71.146515,2608.7788
-96.438774,-68.20004,2608.7734
-95.19896,-61.67453,2607.4944
-92.28675,-55.684204,2605.6768
-84.63076,-56.563705,2600.5864
-76.81414,-53.733368,2596.0667
-67.44597,-50.975037,2589.57
-61.492943,-41.546707,2579.1257
-48.115868,-33.998245,2567.032
-24.040298,-22.820251,2562.937
1.4469299,-6.329483,2562.834
19.242645,0.083984375,2563.9905
43.03859,10.288437,2564.0247
66.72089,16.441345,2565.1965
90.78695,18.629425,2569.49
114.63485,24.883743,2579.132
140.94371,23.864395,2595.3445
154.216,13.560532,2607.084
172.80984,5.770645,2626.5916
192.91382,2.3111267,2640.4626
193.12073,-3.9325256,2658.1519
191.83095,1.8564758,2669.7283
192.49678,8.777847,2680.7886
194.09811,14.131958,2691.1936
223.55959,-0.10281372,2714.35
244.81506,-0.27597046,2728.286
258.34854,1.7503052,2740.686
268.44678,7.502594,2753.2742
275.8692,10.625092,2767.4077
280.15903,15.215332,2784.289
284.4007,20.069351,2803.5083
286.68115,25.408707,2823.7278
285.53546,36.007294,2843.2483
278.68958,46.48355,2858.1028
273.64752,63.491104,2877.4443
265.2999,74.83257,2894.18
256.5912,84.743454,2912.4434
243.46725,96.73939,2932.7527
232.46545,102.06403,2951.7764
219.22372,121.91549,2961.2278
200.78531,132.82639,2974.0671
187.19101,142.07547,2981.3894
164.92694,154.42706,2986.0945
136.15836,160.78247,2994.1042
117.72187,164.72827,2998.9578
95.35357,170.44829,3002.089
71.65234,177.35257,3002.2354
42.855186,182.53088,2998.7522
15.497219,188.62753,2986.9941
-7.631958,193.40561,2980.106
-26.080986,193.50964,2974.5554
-45.785988,200.75471,2964.1675
-56.906166,207.1302,2953.4702
-62.25326,207.21944,2960.4363
-58.73359,208.53513,2961.8247
-37.428574,210.79315,2959.154
-23.744474,210.98178,2949.8494
-17.573673,209.38211,2940.6162
-18.14491,207.03017,2935.2378
-20.86617,202.46706,2921.3423
-23.99437,196.39578,2912.9478
-26.543657,193.71954,2906.4656
-32.228336,198.34796,2898.6692
-32.728012,193.802,2897.9465
-36.43908,186.1395,2888.19
-35.624424,178.57932,2879.7273
-33.790092,171.0571,2871.1602
-32.60516,157.98537,2859.1614
-32.007965,147.85541,2843.2078
-37.94467,132.7408,2829.4585
-45.108475,120.9549,2808.9917
-51.766792,114.63709,2790.8718
-59.729984,102.756485,2768.4102
-69.82043,92.65555,2740.0652
-85.37491,86.713196,2707.7188
-109.37149,82.451584,2680.4456
-155.1396,83.92349,2644.0452
-185.9468,91.3483,2626.909
-200.51086,103.08607,2617.3489
-209.40466,121.42525,2615.7705
-276.3496,138.2367,2623.046
-344.57227,163.42303,2660.3682
-390.40417,196.54597,2705.1785
-406.98346,216.48953,2741.284
-418.05533,249.31302,2759.9917
-425.1346,281.13824,2783.0857
-425.6797,303.06897,2800.9875
-423.9669,326.22733,2817.6206
-418.0127,341.6637,2835.7146
-404.19974,353.66812,2848.588
-389.64713,362.8647,2865.1636
-371.44034,367.46912,2881.118
-352.4142,368.4214,2894.0083
-328.13513,365.7473,2906.6113
-298.75104,365.5589,2920.2502
-270.48706,355.562,2935.3376
-232.79953,344.214,2967.93
-191.59628,337.90503,2974.7722
-139.9354,329.05377,2988.921
-74.50744,310.22003,3005.4434
12.23024,278.247,3019.3235
114.34815,229.27203,3019.1262
185.38898,175.61505,3008.7527
241.7074,110.687904,2999.4216
280.53333,48.93373,2985.224
311.2975,-6.318222,2971.1384
335.1523,-49.716675,2950.7944
347.24344,-96.83276,2938.7937
355.57837,-142.27322,2924.7585
370.34027,-176.87029,2913.2375
368.16095,-213.20074,2900.4976
365.08618,-245.59436,2888.6208
362.562,-271.5808,2878.656
355.21143,-299.67996,2865.5283
345.38287,-323.79883,2854.4285
334.13358,-341.72528,2840.1328
321.57098,-357.4796,2825.7104
306.72217,-372.7015,2818.9697
289.22162,-384.0332,2807.3372
270.1198,-393.02515,2799.252
252.79488,-398.96063,2787.0325
235.07645,-404.1549,2775.714
217.14792,-406.83923,2769.4644
194.96388,-407.1499,2756.1885
170.71747,-408.12277,2746.547
146.92838,-406.48187,2737.7158
125.20825,-399.81378,2725.5112
102.141426,-387.65726,2710.3716
82.02179,-374.45157,2702.8442
66.31546,-358.31067,2695.1821
49.919525,-340.50815,2690.3486
37.504906,-319.6916,2686.1824
27.984192,-295.997,2678.578
19.751678,-270.58655,2674.0261
12.509941,-241.94386,2674.9336
8.665123,-211.78136,2676.4878
8.793678,-176.8101,2680.878
5.8390427,-140.98402,2686.3994
3.395378,-100.43785,2692.3604
-13.090988,-65.94165,2699.6704
-30.680801,-34.19893,2706.9492
-52.121143,-4.2630615,2715.8848
-61.765236,30.584412,2731.3845
-65.866714,65.24698,2753.11
-70.8994,96.36075,2770.6736
-76.827644,120.900185,2784.8113
-84.87372,139.92664,2795.5356
-92.454414,159.2436,2809.183
-98.73664,181.24979,2823.218
-105.756615,201.14429,2845.5203
-113.9203,218.8251,2868.6453
-122.3965,233.01306,2892.0825
-129.3172,250.28,2913.389
-135.45564,261.65274,2932.4927
-138.2485,269.0387,2948.3315
-141.22794,274.85873,2959.4673
-141.71986,279.81982,2975.5784
-141.28201,282.62207,2985.9143
-137.60016,285.6623,2981.771
-131.73373,288.80093,2989.1792
-126.429665,287.3698,2994.0232
-118.55699,283.42557,2996.5017
-120.68123,300.91354,2988.403
-102.48958,293.226,2993.2776
-100.84726,302.0443,2984.9294
-100.39667,306.51944,2978.2075
-93.5165,300.56866,2972.4387
-87.01514,294.7955,2962.3137
-71.466034,287.55264,2953.1274
-53.55818,283.8233,2948.0083
-36.31017,279.01047,2934.5276
-19.19873,278.24207,2917.011
44.786446,270.10828,2936.9512
92.80867,265.20926,2941.494
131.07898,256.35217,2944.2537
152.1508,250.70822,2940.9072
175.13214,243.77298,2934.48
196.6186,237.65295,2919.821
217.35104,226.46681,2902.5781
236.42566,224.05484,2879.8213
244.44777,222.75415,2860.9744
273.33994,213.46002,2810.9722
275.6848,193.14871,2772.8523
268.32657,171.9519,2743.0042
279.16675,172.78569,2705.0544
271.91202,174.58275,2684.099
262.06256,172.46175,2668.1636
256.668,169.15378,2654.4607
255.9492,165.62457,2637.5608
252.89728,161.1404,2621.396
244.97415,157.51337,2604.713
235.24863,157.0893,2586.9514
218.38199,154.56314,2567.1338
192.67215,162.56902,2543.052
169.16534,169.80817,2527.0784
152.0823,171.18636,2505.9565
136.02464,178.55394,2490.2717
118.61499,180.42422,2471.4324
102.59085,182.32196,2451.4966
80.86176,184.80823,2433.7927
65.15297,188.95793,2411.236
41.37719,191.52289,2393.1829
17.96312,193.62633,2372.5898
-7.456841,200.70226,2357.3857
-28.891237,204.68689,2338.753
-50.62713,209.86775,2325.2998
-71.75545,213.56049,2310.5823
-91.733986,222.27788,2299.6348
-110.25302,230.95593,2291.7678
-128.0595,236.19238,2283.3691
-143.58456,239.56447,2276.2988
-158.62027,240.82486,2271.4507
-173.24915,243.32599,2271.2336
-187.5995,247.58383,2280.4827
-199.77234,250.23212,2281.387
-209.92915,259.69336,2291.2395
-219.74176,262.62433,2294.6648
-228.5062,263.10037,2297.666
-64.43162,268.0484,2278.4578
-6.6731606,274.93393,2307.7415
46.781578,281.7245,2273.728
68.29889,286.00793,2241.2783
74.63431,291.0277,2217.1702
72.75456,295.6377,2199.1226
69.09448,297.65466,2182.086
64.31513,299.43497,2168.564
56.096405,299.9015,2158.4434
50.370026,301.0932,2151.1125
47.812927,301.3635,2144.868
46.358406,300.56757,2140.531
45.25614,302.07358,2131.5579
40.8291,303.08685,2121.7874
35.994774,301.5266,2112.8198
30.254532,299.315,2110.927
25.007057,295.15985,2106.4937
21.253515,293.4624,2104.5376
22.064894,287.34082,2102.7378
19.811693,282.91867,2102.1309
15.088001,281.9587,2103.323
10.039137,281.3199,2106.9631
4.3706646,279.84583,2107.7742
1.0205297,281.5968,2105.0852
-1.9034853,284.48047,2106.0737
-5.1112957,288.44632,2107.74
-7.6749535,290.01242,2107.9521
-7.5870476,288.95703,2108.1558
-4.606966,288.95178,2107.515
-2.8999643,293.81546,2107.1868
5.238228,289.63434,2106.9028
10.802717,288.4372,2112.0618
16.433214,288.65482,2122.1113
18.231388,290.57916,2133.166
17.145046,288.83734,2140.8706
16.28444,293.07336,2142.2803
18.023552,297.52722,2143.8635
15.017849,303.39777,2151.2573
11.20396,303.68225,2155.936
4.705929,299.4494,2159.2014
1.3794022,296.78723,2162.6333
-3.1022034,295.30035,2164.1313
-3.6721344,297.2277,2166.314
-5.220192,296.77542,2167.688
-10.114899,294.69653,2171.6765
-12.941692,294.40704,2174.2847
-11.451542,291.43216,2172.911
-11.013451,291.64972,2172.3894
-11.58009,294.9848,2172.4678
-13.816315,297.07275,2172.9136
-13.54483,294.6902,2170.114
-8.4711685,293.3529,2166.8909
-5.1290092,292.36877,2164.4995
-0.17113495,292.55478,2161.1243
3.179535,293.588,2160.0183
15.560181,291.86615,2158.6357
22.371166,294.18198,2160.3616
29.92543,293.86536,2159.7798
35.342453,289.8365,2159.3
41.287144,288.77628,2162.1487
47.267414,291.43503,2166.2866
59.850533,286.35327,2168.5771
74.05914,284.25766,2173.646
89.44562,281.43152,2179.48
105.533554,279.08817,2186.8418
120.65161,277.7119,2197.0547
137.96211,275.5794,2207.79
158.07599,277.0187,2223.452
178.18805,275.94543,2239.562
197.57257,275.16058,2255.1555
215.87949,267.7347,2262.5874
234.88068,264.67325,2276.5845
254.52382,263.70776,2294.3462
278.7882,265.61462,2311.5105
297.45343,267.39194,2328.5598
315.63666,265.0653,2342.054
334.84338,262.79483,2363.773
355.5288,255.8862,2380.099
375.01984,251.09338,2399.3005
394.05615,240.84216,2412.4995
413.71136,235.70811,2427.639
434.11536,229.74762,2442.9521
452.68378,225.21945,2452.7244
474.6624,221.79965,2466.3823
495.4442,216.9061,2474.877
513.34827,211.48282,2486.894
530.58716,204.30925,2492.987
547.2801,196.18434,2501.122
566.77313,189.60367,2508.6375
585.21155,183.22467,2517.7627
600.98334,173.34973,2520.3772
614.65607,156.25063,2515.6467
627.982,145.45917,2513.6003
643.7844,134.9685,2512.0425
660.27246,124.99828,2515.056
675.8572,117.14564,2516.6738
686.01227,99.650566,2514.4714
698.2575,87.96361,2515.4148
709.137,72.24664,2513.9255
720.51514,60.369232,2510.862
731.059,45.6584,2509.6665
740.9713,33.20804,2508.5215
751.90735,19.212402,2508.8777
757.4631,3.0595856,2503.862
761.2193,-11.906845,2497.2664
767.51965,-23.781769,2493.268
771.89496,-43.029617,2485.994
776.2645,-58.663788,2481.623
783.1534,-71.08026,2476.3987
786.9154,-81.74466,2474.5706
790.76373,-95.45532,2473.3862
792.49133,-112.46095,2466.685
793.24316,-125.97739,2460.9202
793.1731,-138.56503,2456.81
791.8261,-150.87613,2450.1812
789.73157,-162.6958,2444.3943
788.054,-171.86627,2441.0488
786.975,-181.0981,2440.763
780.06226,-188.16322,2436.294
772.98584,-195.95738,2426.1733
762.32074,-203.81403,2415.0532
755.215,-207.69241,2406.2727
747.7502,-208.81331,2397.2087
738.2099,-210.95036,2391.7942
728.20447,-210.29997,2385.0747
722.0572,-206.2011,2371.8496
714.02026,-202.71861,2363.8154
704.11975,-197.20233,2355.3396
693.7352,-191.42302,2344.3994
683.0936,-183.31161,2337.667
672.12146,-174.93663,2334.0127
660.04193,-165.70164,2329.1443
647.5215,-158.46754,2323.7673
634.5288,-148.81248,2318.695
622.5169,-140.67905,2315.4875
610.06586,-133.35959,2311.8345
597.1381,-124.8407,2306.0205
582.0276,-118.382996,2301.3618
565.24304,-113.96356,2297.1572
549.43414,-110.82271,2291.3562
531.9468,-101.43782,2281.525
517.5994,-97.21585,2275.0552
501.03046,-90.0596,2267.566
482.74722,-79.84134,2258.8618
464.09906,-69.95534,2252.9268
446.72214,-57.90912,2248.1436
430.26117,-43.75615,2242.4749
416.2324,-24.89531,2233.772
399.52414,-7.8981934,2226.581
381.81183,8.711533,2225.3062
362.88446,27.354034,2222.7673
344.26608,46.63437,2219.1946
325.26593,68.26952,2215.6396
306.29135,90.24326,2215.6985
289.5315,113.70606,2216.6746
270.9943,136.28265,2214.8835
250.77684,158.81406,2212.2573
228.5542,182.65042,2204.9285
209.41644,204.00775,2198.8298
187.56265,226.65622,2192.308
170.01077,246.54794,2186.6135
155.84097,265.5132,2181.9722
146.92813,282.1988,2180.187
138.5986,297.25784,2179.1086
131.92143,313.84857,2182.0974
126.34483,329.9794,2185.0396
122.36386,346.54486,2188.2483
122.35923,358.91827,2190.9822
116.61738,376.95844,2192.5
116.88527,390.81818,2195.6106
117.510796,403.81134,2199.16
121.03298,410.54712,2198.4214
127.47388,413.91046,2201.5176
135.19345,419.16614,2205.4353
141.92383,427.0697,2213.2415
148.8086,422.64404,2213.8462
155.39357,420.60486,2215.41
153.00713,409.05634,2214.9739
155.24825,405.71863,2219.6692
162.51935,400.39807,2223.0713
171.1269,394.07565,2225.5579
180.61285,386.8095,2229.45
192.3667,379.4455,2236.0684
205.41267,370.4353,2240.4673
215.06293,362.47864,2242.289
217.61124,361.7724,2245.0166
220.48087,358.67365,2247.7183
223.49838,352.09048,2251.415
227.46684,349.10184,2253.8984
233.59305,343.593,2256.912
225.10678,338.20996,2257.39
223.57365,333.64752,2256.9153
218.0653,321.69812,2250.419
211.04337,314.387,2251.7202
193.21684,294.25464,2262.519
180.51389,281.0039,2266.2979
169.84894,268.44498,2270.0518
126.17646,258.4867,2276.384
100.789665,250.89082,2286.136
82.824646,244.06186,2296.499
61.75891,231.41478,2311.069
50.46952,216.8891,2321.6892
38.783524,204.50485,2338.5215
36.86675,189.75298,2339.9001
52.087967,159.8495,2340.0334
71.79792,141.27191,2340.4434
113.799866,125.78483,2350.1592
143.19191,110.08274,2365.761
156.61554,103.26965,2382.6863
162.45352,101.9932,2394.841
158.99367,104.21048,2405.433
150.77872,102.62488,2416.1912
135.30588,99.48589,2438.9946
115.19473,105.31976,2457.0178
92.47543,119.95367,2477.3586
78.03132,137.14778,2498.6448
57.361008,139.96954,2526.587
41.341362,144.55511,2551.013
23.972168,150.7289,2573.0173
6.9125977,149.68129,2597.7852
-12.251312,156.94188,2623.7173
-37.24591,163.9414,2657.3684
-59.44342,168.76117,2685.3445
-84.57335,171.21631,2717.8857
-95.48851,146.20969,2744.0916
-114.01453,119.238235,2783.0732
-142.0871,105.198425,2805.2927
-170.78816,86.76832,2831.2183
-192.3299,68.387566,2849.1125
-203.89426,54.382393,2873.802
-212.3621,34.002594,2894.9717
-224.59769,24.98516,2919.2905
-230.10858,19.510284,2944.1821
-231.13031,21.885834,2957.4614
-235.65155,18.222809,2967.093
-237.75153,16.519577,2979.746
-248.6271,17.534843,2986.926
-256.40436,13.209503,2991.1482
-264.78766,2.11409,2994.1226
-274.1368,-1.97789,2996.3457
-282.3952,-3.6392212,2996.8767
-290.0306,-4.8044434,2995.1348
-301.64032,1.8712616,2991.4707
-316.13617,4.0029907,2987.856
-325.18512,2.135849,2982.3394
-343.83893,-2.6101532,2973.7708
-359.58112,-5.778778,2968.4297
-388.48248,-9.66629,2959.588
-422.86902,-16.666336,2952.0957
-439.85352,-27.026123,2951.3335
-455.07855,-33.577423,2947.748
-481.53555,-26.598083,2941.8127
-486.9472,-24.96437,2933.1409
-496.73264,-13.288742,2926.9822
-521.9231,1.4512634,2918.8147
-539.25214,7.0299683,2919.2659
-548.5858,-0.29748535,2914.399
-574.77814,1.5577545,2903.2327
-599.0379,-7.8895874,2883.089
-615.489,-14.127487,2883.3806
-632.2844,-0.43096924,2869.9548
-639.408,-0.087402344,2866.4421
-658.8701,57.402573,2870.849
-668.14,85.81246,2872.4321
-675.05096,113.11832,2871.7651
-677.687,130.7225,2871.018
-672.707,149.28421,2868.6992
-677.667,171.40741,2866.735
-676.6668,187.07164,2865.3357
-676.14197,203.24077,2863.6199
-675.6937,218.39725,2862.9148
-672.3052,226.55774,2858.1943
-665.99475,237.30098,2860.4517
-644.889,242.76833,2857.8398
-634.3728,250.51791,2859.6235
-627.6785,260.82846,2859.1355
-627.8925,265.24216,2849.9656
-625.18726,267.57068,2854.3623
-578.5696,273.60587,2840.2026
-568.7151,279.6966,2839.5547
-555.65845,288.93427,2834.5933
-556.08545,293.32205,2839.1948
-563.24396,298.10107,2845.6038
-552.21484,306.8277,2845.2512
-536.1178,309.50903,2844.6375
-524.8088,316.11914,2852.5244
-508.83768,320.80438,2855.942
-501.28418,321.906,2850.4856
-488.78552,326.62274,2855.7664
-467.76923,329.7329,2854.1704
-445.42493,329.58032,2854.5442
-433.76724,325.2439,2855.8271
-418.7045,328.34644,2854.363
-403.5917,324.86597,2852.65
-391.3446,320.37512,2852.8965
-389.50427,321.1044,2855.585
-378.2422,322.0059,2866.401
-356.61786,325.57697,2870.4822
-343.84714,321.2295,2877.2073
-334.02597,318.52252,2878.4705
-320.17203,309.68152,2871.456
-316.72015,306.50662,2870.2297
-310.20703,301.46497,2871.27
-298.84198,299.47067,2877.0542
-289.59802,297.1126,2882.1965
-285.39822,292.42847,2886.4353
-281.2613,293.74356,2890.741
-274.88104,286.94516,2891.8708
-264.37875,289.9524,2900.2783
-256.09717,287.00763,2905.224
-256.64,277.08234,2898.7473
-244.26036,274.7619,2903.374
-235.22687,280.378,2918.485
-229.24908,273.79376,2914.9207
-226.11308,270.51837,2914.295
-217.6852,265.82596,2912.9465
-213.07703,263.079,2912.0945
-207.28438,261.86536,2919.2764
-202.16333,263.59027,2922.5818
-196.18378,253.10197,2913.8535
-182.31601,240.25595,2906.5115
-173.32706,231.44011,2903.4106
-167.88992,226.5065,2902.7305
-153.61581,222.50307,2910.5627
-124.99742,208.15215,2916.8464
-118.796036,196.54706,2913.2847
-124.83295,187.42876,2910.0063
-131.43034,178.75822,2907.907
-137.38638,175.16406,2906.5156
-150.62508,166.98148,2896.5732
-169.7034,174.65112,2896.9204
-182.98352,174.86102,2895.0603
-207.67526,157.9776,2891.3936
-220.29977,135.31738,2891.9697
-232.64987,122.99636,2891.0896
-229.84422,113.02084,2888.7234
-242.36923,106.65243,2889.3574
-245.61545,92.95827,2878.7637
-251.65184,83.35152,2873.0398
-262.12048,73.294586,2869.5632
-272.44647,65.78145,2868.1863
-285.76657,68.462814,2864.1836
-301.2412,66.994644,2861.562
-314.68378,61.13867,2851.4182
-331.58105,50.835327,2845.4946
-345.50085,41.78743,2841.562
-362.0795,34.86554,2838.6306
-372.86423,30.400253,2837.9011
-385.68805,24.173874,2837.6118
-398.62463,9.728012,2828.7314
-440.15872,5.639908,2831.759
-451.65067,-7.8729095,2833.5854
-461.85767,-37.562256,2832.1472
-467.94925,-56.713287,2830.9795
-480.1175,-63.958176,2836.6958
-493.76404,-70.572525,2839.5957
-498.8329,-81.57231,2834.2004
-511.1261,-86.99231,2837.8354
-521.29785,-92.49419,2838.0479
-529.3038,-93.3275,2838.3218
-537.0189,-94.989655,2839.7012
-522.0184,-99.583084,2827.7778
-525.8736,-93.668976,2840.3828
-524.3081,-91.45294,2840.3406
-528.05286,-93.12845,2843.0295
-533.6809,-98.62512,2843.3604
-538.2628,-114.7113,2843.3657
-549.7676,-133.80008,2841.6367
-551.41583,-142.82027,2835.8813
-561.62146,-145.50172,2839.6675
-563.8968,-141.517,2850.2612
-559.63965,-134.57242,2853.5547
-545.9525,-123.7693,2852.0266
-549.1426,-119.942535,2856.8538
-575.4465,-142.23079,2839.938
-583.96356,-160.69336,2837.0334
-588.9458,-167.49344,2837.4385
-596.371,-172.30414,2832.043
-602.59814,-177.33919,2837.3503
-592.8139,-169.62564,2833.989
-592.6999,-168.60612,2829.8254
-600.21436,-156.30362,2828.148
-597.38696,-152.70065,2827.4888
-595.74023,-146.08647,2827.4292
-595.9164,-138.43408,2827.983
-603.9114,-144.3648,2829.7117
-604.4956,-147.21794,2831.872
-609.7215,-144.8895,2834.269
-613.29065,-139.36508,2836.1965
-611.3935,-134.09381,2839.023
-598.4422,-121.247055,2830.221
-596.51776,-105.45622,2826.2534
-602.3894,-92.322975,2829.7454
-594.7398,-78.383934,2825.518
-585.04285,-57.94841,2826.2007
-581.78235,-48.940094,2827.0703
-578.92755,-41.050674,2835.9797
-568.1377,-32.738922,2835.0212
-565.4567,-18.401352,2840.62
-559.67267,-12.661194,2840.0166
-546.2595,0.068222046,2845.9343
-534.11273,17.043015,2849.522
-519.8917,33.37973,2853.1072
-510.18155,57.979767,2859.219
-490.43665,67.30096,2866.1294
-476.58444,80.14899,2876.4246
-438.75253,94.34367,2873.1274
-414.07928,110.706924,2881.785
-387.62817,118.94838,2887.9155
-363.11954,126.6999,2894.3145
-343.253,133.93564,2899.1843
-320.521,139.39177,2903.7292
-294.6893,155.47098,2913.914
-262.2281,167.46204,2923.631
-225.5878,176.37512,2934.4827
-195.77448,187.77292,2943.9688
-170.33566,189.5583,2954.4414
-147.66086,194.86276,2964.9526
-123.8998,198.94019,2977.6064
-105.37363,201.82681,2991.5583
-90.44175,203.7192,3003.59
-76.53112,203.66052,3013.5288
-67.704575,196.24915,3018.799
-59.18907,193.22682,3027.2915
-50.90038,191.19624,3038.114
-43.0217,190.0968,3051.398
-37.25708,189.61336,3062.725
-32.907677,188.21124,3070.333
-29.27587,187.93074,3077.9592
-29.605392,183.61317,3083.4304
-31.45623,178.5172,3088.0132
-34.55191,175.75394,3090.485
-41.945892,173.56148,3094.4443
-47.058525,170.10599,3098.3384
-52.619442,167.36255,3106.1782
-59.862022,163.86421,3104.9182
-73.56711,164.2186,3104.3965
-80.2468,160.17822,3104.93
-90.06675,151.66307,3104.886
-97.079796,146.67485,3105.5393
-103.68552,140.2561,3104.4395
-114.478775,133.13219,3108.4995
-123.679665,128.48373,3106.1047
-128.55609,128.01608,3107.068
-139.74802,118.64966,3109.7112
-147.35104,114.90207,3107.2573
-154.47134,113.267006,3103.9187
-159.21474,108.724365,3091.4
-168.39944,99.590866,3082.5251
-174.65315,94.875305,3067.248
-179.6889,91.57299,3054.4575
-189.17987,84.72363,3046.6936
-195.20335,78.47008,3038.0864
-212.8582,62.781143,3061.2395
-223.08731,59.75035,3055.585
-230.05319,62.670486,3047.3938
-230.39598,65.529785,3035.412
-240.2237,61.262207,3012.4077
-242.41531,55.36229,3000.492
-242.17867,47.70923,2989.692
-243.12462,38.121994,2984.8296
-246.01982,32.515305,2983.1858
-247.2753,24.726166,2974.7356
-250.98233,15.097305,2962.6655
-256.59082,5.547409,2956.438
-261.0244,-3.7028198,2949.4192
-263.99542,-9.965347,2941.3726
-267.5688,-14.372009,2938.0508
-269.73175,-21.625153,2933.5662
-271.20975,-30.193909,2934.003
-273.12823,-37.331116,2933.5068
-273.87466,-41.268738,2930.8413
-275.18097,-48.9131,2929.844
-276.36624,-53.329285,2926.3257
-280.7784,-58.519394,2924.3577
-284.96878,-66.48714,2924.1362
-291.615,-69.721756,2926.2532
-295.64536,-72.74596,2922.9404
-296.16827,-80.61296,2919.6826
-299.534,-85.208466,2919.3096
-308.7364,-97.61311,2918.8945
-316.7526,-106.145294,2914.5356
-322.9692,-111.36247,2912.6948
-328.65918,-116.672516,2912.6934
-330.40063,-118.36752,2909.1914
-331.5928,-115.91159,2907.6604
-332.90994,-114.72191,2907.27
-331.45703,-110.99892,2907.3953
-332.2314,-105.63548,2910.7114
-332.65744,-95.86247,2910.2537
-332.762,-95.13161,2912.139
-331.36285,-89.1667,2915.545
-332.2604,-83.5014,2918.1125
-331.19955,-82.41235,2919.8835
-332.96054,-82.14732,2920.7815
-335.0053,-77.97975,2922.0085
-335.96085,-73.51816,2924.1133
-337.36682,-74.53548,2924.0461
-337.32843,-72.821045,2923.4346
-339.1557,-67.593796,2925.3464
-340.4268,-66.03566,2926.124
-337.45428,-62.961075,2931.2998
-333.278,-60.448547,2933.739
-330.854,-57.543106,2935.4434
-331.30933,-57.3367,2939.701
-326.60358,-54.81299,2937.914
-319.83325,-52.52266,2933.835
-309.84116,-51.07045,2924.033
-302.73633,-52.866043,2919.1382
-296.12332,-49.73094,2908.365
-295.64835,-49.03911,2893.703
-295.85815,-53.2778,2866.7134
-302.78082,-33.28456,2878.3232
-307.16074,-22.444305,2873.759
-320.14752,-20.173355,2875.272
-368.4973,7.5273895,2949.024
-411.29773,27.21289,2990.1626
-445.46613,74.42981,3026.4377
-451.68903,108.18245,3044.2302
-454.82846,140.34004,3058.547
-447.22565,174.50606,3054.2292
-441.9604,185.91467,3065.6953
-429.6249,194.82861,3067.873
-414.08356,202.67166,3068.4138
-416.23666,258.09418,3012.2192
-412.77274,294.63693,2987.8325
-388.07925,301.9763,2992.1658
-369.02417,302.4114,2988.9124
-351.79968,307.1469,2980.7112
-336.90863,304.8595,2968.0728
-322.04984,300.70288,2952.7607
-307.5764,296.58966,2935.707
-293.6454,296.90045,2922.7688
-277.24353,294.03107,2910.393
-259.40103,286.74854,2895.049
-241.92545,274.61212,2871.4724
-224.80939,269.9932,2852.343
-206.9613,266.81555,2836.8176
-187.73291,266.6402,2820.9546
-171.65628,268.6094,2786.5127
-156.13718,271.29126,2763.91
-136.37637,283.48285,2750.655
-121.68097,291.82397,2724.9375
-110.04052,292.2572,2695.1406
-105.55334,292.61957,2669.5037
-106.521805,295.10507,2647.8428
-95.05003,302.1708,2639.1155
-97.28211,308.7352,2630.6377
-97.55928,307.00262,2616.7803
-87.940674,307.08575,2618.2944
-82.05167,299.38498,2604.1006
-65.501114,290.335,2584.4192
-60.56298,289.4721,2575.298
-61.626274,285.5239,2570.5845
-53.410683,279.05838,2575.2224
-43.853294,273.84424,2581.8005
-33.5011,260.34122,2586.3274
-20.122627,248.83318,2586.2761
-7.302887,241.34827,2584.373
1.3689728,231.59644,2578.3943
8.094063,219.83824,2572.6575
16.68084,214.97809,2568.0603
173.28532,108.51933,2623.7073
219.83473,88.45191,2638.4734
288.2619,59.90007,2602.7273
321.91296,48.05867,2555.715
334.6401,42.72264,2507.8477
337.31458,43.47548,2469.446
335.74442,47.220093,2438.6565
328.2433,49.779495,2413.305
317.6635,49.34134,2394.1677
304.6811,49.5856,2381.821
296.61786,45.84549,2372.4983
290.03912,45.007263,2368.0312
285.0661,48.77571,2365.3398
276.80923,49.38063,2367.5068
271.23743,49.24141,2371.478
264.60822,45.797195,2378.8584
258.4273,42.74875,2382.5815
253.56616,40.743286,2386.8872
251.62767,37.774094,2391.2373
246.72192,40.066757,2397.5288
243.75598,40.064713,2400.6367
241.12451,43.008423,2405.7993
235.45807,53.61737,2409.5076
233.38785,60.903503,2413.9429
234.06438,63.840714,2418.7131
235.30212,68.08287,2424.2952
236.17953,72.762924,2431.5278
236.6338,79.90381,2441.9575
238.19876,86.26628,2455.9004
238.31912,89.980865,2469.6343
232.8697,82.89084,2489.5684
226.25076,81.60744,2509.7927
217.86607,77.30867,2525.1477
209.203,80.88547,2545.5889
201.30591,86.546234,2572.407
192.80809,91.65288,2599.1116
186.06046,97.829346,2626.079
178.92946,98.792946,2643.5596
173.69298,93.21805,2658.8882
172.17195,93.55303,2673.0042
160.1806,82.96089,2687.2595
154.31487,81.37569,2700.8494
147.80927,84.46712,2715.567
138.66946,86.495,2736.3088
126.5386,91.44558,2764.2122
88.47971,101.19085,2815.2065
68.15491,104.14073,2844.9592
57.528065,104.4746,2875.4868
40.886326,104.32728,2902.9614
28.04116,104.34308,2926.066
7.192726,101.646614,2945.7876
-12.13863,96.2587,2968.6597
-34.96085,92.41243,2988.1768
-59.384403,91.67227,2999.0967
-84.3133,93.45941,3014.0007
-104.35668,95.08366,3025.528
-129.77715,99.56222,3049.2808
-147.62717,104.02318,3073.3257
-175.01498,109.416016,3098.3713
-207.51483,118.04114,3119.102
-228.35721,125.49965,3131.3987
-249.69058,133.15883,3147.294
-274.8408,134.2796,3172.9695
-295.77087,138.79102,3189.1814
-314.47113,139.58932,3205.3953
-332.50735,140.73242,3215.7166
-346.87894,145.61821,3222.1187
-362.1306,143.32799,3235.6213
-376.77902,142.41078,3251.3062
-384.8225,139.24075,3258.8623
-392.4901,142.35132,3259.6733
-409.21222,141.67673,3269.0276
-422.04608,137.31816,3275.209
-450.1032,134.19516,3295.0444
-475.17264,134.52083,3311.7756
-485.3064,132.55725,3326.8164
-497.75153,126.370926,3338.7976
-504.5792,123.65782,3344.3267
-506.97806,124.040245,3354.5369
-510.59152,124.75673,3360.326
-511.69073,122.44806,3363.1287
-511.5557,119.036,3364.3848
-507.23828,121.80111,3363.957
-502.6617,119.36813,3361.3838
-496.07062,115.64034,3359.61
-484.8611,115.766846,3346.4148
-483.73923,112.95932,3340.6636
-467.6363,115.04648,3325.041
-452.87173,116.10301,3315.2349
-447.31534,118.097725,3310.2476
-433.75958,120.92518,3297.5093
-421.89774,121.72677,3288.8086
-410.4531,125.961945,3273.6523
-400.72147,130.96143,3267.8308
-386.77292,137.42496,3252.3857
-367.80472,150.20108,3234.96
-342.52505,159.33607,3214.3418
-328.25143,167.90948,3208.2046
-294.3631,181.16566,3188.2969
-252.35623,195.93819,3147.3213
-220.51546,208.49734,3120.067
-194.6893,216.52945,3094.5547
-160.7872,228.04895,3062.2192
-131.70186,239.17343,3029.8918
-107.19204,251.03145,3005.954
-87.018326,260.78946,2978.8948
-71.82414,268.38385,2958.2466
-56.878746,274.51913,2929.8425
-47.182224,277.4322,2909.0813
-39.995735,278.38882,2888.402
-34.612667,279.61877,2874.7769
-33.373737,280.40176,2869.6023
-31.90242,278.97568,2864.1826
-34.090893,276.88986,2866.0608
-37.222282,274.3369,2868.2107
-37.951992,270.72018,2868.8618
-38.5813,265.66147,2868.0725
-39.05024,259.37872,2868.1194
-39.51858,252.53432,2866.374
-40.206215,248.99982,2865.8499
-38.77089,247.3063,2865.6812
-34.902588,244.77115,2863.365
-28.529171,242.12201,2860.93
-24.913523,240.53102,2861.6848
-17.013378,237.94733,2856.0017
-13.269036,232.58264,2854.6409
-12.870203,228.13303,2860.13
-10.489763,222.58086,2866.709
-6.4177094,219.17848,2873.4656
-1.140089,217.79549,2879.7104
3.5288467,215.02946,2883.4011
9.49258,208.92519,2884.8708
22.849304,199.87149,2868.0059
34.587463,188.11473,2858.7861
42.65908,179.6676,2850.3992
51.997177,176.62422,2840.1956
59.228004,173.976,2839.317
56.63069,171.10677,2840.4788
53.93756,173.07805,2844.185
50.029762,170.41725,2850.7905
43.11985,171.77858,2854.8162
40.0607,164.25089,2855.1243
30.352074,166.54117,2849.9675
21.658154,166.5138,2847.4165
9.387101,158.88199,2848.846
10.186025,145.62671,2844.437
18.783821,155.87494,2841.543
24.387146,162.3652,2835.1292
27.543272,162.9437,2830.1982
30.193773,162.80121,2826.217
33.942177,159.73201,2816.9497
37.796844,159.58058,2805.9158
41.48332,161.08304,2799.0593
48.675743,162.04318,2788.2192
56.1734,161.97226,2781.7942
61.16262,164.28754,2786.1736
65.992645,165.66626,2786.5361
68.551315,159.95886,2784.148
68.46871,154.60567,2782.853
66.12716,150.8149,2790.6392
60.485916,147.46364,2801.9622
53.55383,144.13586,2817.2705
46.61944,144.81854,2828.9458
37.20114,144.25491,2843.8013
23.04345,141.74911,2863.952
6.493923,141.8175,2885.5994
-12.254765,145.15045,2909.7952
-34.09817,143.77643,2937.7712
-60.87579,148.17453,2967.2898
-83.460205,151.27477,2992.4465
-109.59631,152.28192,3016.1523
-138.80429,156.64957,3042.4375
-167.3179,159.2178,3067.7866
-198.83014,155.52176,3092.843
-229.48027,157.93425,3111.899
-260.6685,155.29886,3140.2861
-311.28473,171.03687,3150.4355
-336.9867,167.2958,3163.0464
-370.2749,162.93994,3174.4482
-409.0595,174.22748,3178.906
-438.58148,177.16423,3188.007
-461.84683,176.02623,3199.7002
-479.51843,177.60089,3204.096
-497.25507,177.94226,3206.913
-511.7116,179.77513,3200.6602
-520.7918,184.63895,3196.1362
-527.40656,183.78113,3186.6294
-528.8302,183.63737,3183.0544
-526.68115,186.22958,3180.7578
-521.6034,190.60188,3168.0134
-515.0408,197.51562,3156.347
-504.54034,204.84113,3159.1677
-492.56635,209.47389,3151.2217
-477.92593,214.07216,3148.38
-459.11102,221.20416,3134.9697
-440.40576,230.85,3121.5234
-417.10767,243.09454,3113.795
-389.73187,253.11948,3113.823
-363.4664,262.6217,3107.6975
-331.7742,273.15833,3094.6157
-301.91757,285.76123,3081.05
-270.36948,287.34482,3071.969
-235.61536,299.184,3056.1414
-199.68936,306.12698,3041.4377
-160.09654,317.82108,3019.9973
-103.82339,321.34323,3004.7944
-43.828518,330.42664,2981.2085
2.8613472,338.72586,2954.6477
34.928524,343.12378,2941.8108
65.17637,346.9378,2925.196
89.65611,352.13794,2905.9155
113.47879,350.94983,2873.2415
139.01797,346.3745,2840.9202
157.367,343.8202,2806.1135
170.08934,337.17935,2772.585
181.71341,334.27274,2737.7307
190.04744,332.71893,2709.5356
197.12907,330.7939,2683.8958
201.12323,329.33884,2655.4924
203.98962,327.06503,2633.679
205.74329,324.10236,2612.1401
206.03482,322.2427,2591.032
207.04373,320.27734,2568.2053
206.45404,313.9234,2547.022
206.43594,308.4776,2529.069
208.9429,304.4889,2515.6584
211.21773,302.6383,2499.7615
216.22812,302.4417,2485.5435
219.50128,299.9264,2471.5034
224.45139,292.75443,2456.9143
231.38892,291.14734,2447.2085
245.53427,291.93683,2443.018
259.5225,292.41174,2436.1326
274.66577,287.54526,2436.177
292.7663,288.57724,2442.7935
303.12552,286.98566,2452.0754
311.25885,285.35632,2457.0364
321.0054,287.5354,2453.4407
321.70703,275.17532,2449.3894
326.5285,259.3363,2448.0315
326.55487,251.78178,2446.9966
298.63004,257.97696,2458.062
307.086,243.12683,2449.2773
275.12582,289.0594,2448.6023
240.19183,311.5219,2437.5461
222.60071,312.1513,2425.6985
207.28206,306.9345,2409.3308
202.62712,290.2376,2392.1602
195.8628,271.01028,2383.1658
192.38988,253.50958,2366.54
213.17671,225.74736,2340.4338
228.60243,200.52963,2321.0457
232.317,182.19193,2294.876
236.57413,173.05536,2277.6895
238.58359,169.11017,2261.5393
236.84454,168.87189,2242.0894
236.50755,161.82275,2225.8652
233.8879,149.44046,2206.3584
230.03151,134.26239,2187.9924
224.92223,116.86832,2165.151
219.15863,93.41762,2142.2112
210.3083,65.79553,2118.6426
198.64716,34.34871,2096.0508
187.05365,14.260544,2076.1162
177.22105,-8.600525,2059.9116
164.63368,-25.714203,2043.1857
154.05011,-43.024628,2025.0859
141.92754,-54.93068,2005.8191
129.2489,-66.75342,1986.6161
113.459915,-82.427216,1966.3695
100.076935,-98.15495,1946.2644
89.016846,-111.03911,1930.971
81.64296,-120.72905,1918.4662
74.75559,-128.95898,1906.9187
69.82472,-134.9825,1899.6362
66.286804,-134.1705,1893.5997
64.883545,-132.83638,1890.9054
64.72687,-130.74487,1888.051
64.94968,-126.31824,1883.7855
65.270645,-120.89078,1877.2278
66.96299,-117.59715,1873.9558
69.72423,-111.1062,1874.1329
68.62424,-105.69473,1872.3579
67.799515,-98.40265,1871.5884
69.59047,-88.951904,1870.9144
73.58047,-75.25137,1875.6108
71.53061,-63.76149,1873.6697
70.1978,-49.2836,1872.6754
66.647705,-35.55049,1872.2667
64.15987,-22.901886,1872.4661
62.116386,-12.915985,1871.9834
60.103653,-2.0615997,1873.7618
60.580444,5.637085,1874.8335
62.393402,11.980591,1877.5991
65.343575,15.278336,1880.134
71.15724,12.049728,1883.1255
76.03387,8.178314,1887.3591
79.46431,-8.484421,1892.614
85.80154,-22.08583,1899.0972
93.47697,-37.93608,1904.5287
99.31451,-57.900955,1910.6875
105.03909,-79.9301,1919.5463
104.968994,-102.551926,1924.2236
107.15427,-123.0379,1930.0647
112.728325,-139.5911,1938.1191
121.59333,-156.51378,1946.9608
132.81323,-169.8886,1958.7137
147.3116,-179.20708,1969.8145
157.50452,-186.39105,1983.0571
168.0603,-191.57155,1998.9487
181.16486,-191.49144,2014.4806
194.20822,-190.6178,2029.2275
204.05103,-190.9182,2043.3696
218.79024,-183.63893,2060.652
232.04819,-175.22066,2076.02
245.14334,-161.98257,2089.0422
255.48941,-145.73277,2104.998
265.3637,-127.1181,2121.5364
276.63623,-105.92337,2138.0898
285.16864,-83.36543,2149.3098
291.81522,-61.82344,2157.9695
297.7422,-38.440506,2166.5652
300.67548,-16.409042,2175.529
302.57355,8.297913,2186.1199
302.65076,30.441238,2187.3875
302.6194,52.62877,2192.3516
299.63348,69.51619,2201.5696
297.7566,84.89619,2200.241
292.17285,97.9091,2202.38
287.25464,111.86615,2205.2546
282.71848,120.06742,2202.3477
278.6775,123.94018,2195.4238
276.2668,126.98021,2189.1099
274.92587,124.22995,2181.15
273.91406,121.20506,2172.171
272.9945,120.045235,2161.798
269.9579,118.300446,2151.3176
266.3118,116.98392,2138.9736
263.81418,114.39087,2123.5618
256.3787,111.62636,2112.9822
247.50392,107.179115,2096.5117
236.66338,103.94531,2082.3696
224.41931,98.47692,2066.3545
209.58908,97.02997,2048.773
195.51485,97.41438,2030.9954
180.3729,93.54359,2016.1106
164.44997,91.78507,2001.1577
147.16408,90.28881,1986.3519
125.97524,87.7249,1972.6216
106.29225,84.74679,1959.0746
85.131035,81.227554,1944.0938
65.23634,75.806625,1932.2782
45.797386,77.04556,1922.9453
28.422302,74.83624,1914.4202
13.394566,71.4442,1902.9192
-1.052578,68.826675,1892.8802
-13.665939,65.63957,1887.2399
-23.854572,63.572388,1881.722
-31.84043,59.649002,1875.8492
-40.41436,53.622375,1868.6398
-47.70124,45.512146,1861.6509
-52.04443,39.644455,1859.003
-53.338238,35.239075,1860.1848
-49.36448,33.09088,1864.3259
-47.44424,25.841568,1867.9087
-40.704884,19.832047,1878.0763
-32.424747,13.364944,1889.0035
-19.779152,9.645279,1901.259
-9.094797,3.7374725,1914.551
2.8513737,-4.485138,1930.1803
12.95252,-12.684906,1943.6989
23.153389,-21.296799,1957.1062
33.738564,-26.8452,1970.9658
43.30112,-31.783997,1982.2582
55.60036,-32.658737,1992.034
64.09741,-35.336716,1999.5934
71.54581,-38.221985,2004.978
74.82156,-42.18361,2006.5222
75.54588,-43.42505,2004.3322
73.39662,-44.177795,2000.91
71.03778,-38.916534,1996.2434
65.288704,-36.548935,1989.4191
57.67404,-33.236298,1980.7908
46.74923,-29.142838,1971.7455
33.25644,-22.83458,1962.1802
18.40072,-17.83873,1951.9839
1.586379,-11.458801,1938.9753
-15.9391165,-1.6514587,1929.2534
-35.522423,9.571136,1919.0095
-54.36119,26.208878,1910.5577
-71.9344,47.974106,1906.2401
-89.80697,71.30382,1899.249
-107.5867,95.27111,1896.8539
-124.86977,122.99482,1897.3715
-142.95415,149.49823,1897.264
-161.06805,176.38104,1901.0941
-180.49477,201.17157,1903.4355
-199.10182,226.54552,1906.5574
-215.35503,248.66939,1908.7987
-231.1595,273.4745,1914.3362
-245.65273,293.92715,1917.122
-258.77414,313.52124,1923.242
-270.3444,327.48325,1927.7189
-281.16528,340.0797,1933.0333
-291.81412,351.77435,1941.6696
-300.26727,360.41348,1950.6733
-308.25037,364.01624,1956.3291
-316.1904,365.2356,1961.8511
-323.42316,364.17584,1965.1627
-330.40186,359.49042,1967.088
-337.82892,354.36444,1972.5933
-344.8415,349.5721,1979.734
-350.9774,341.66428,1986.2264
-355.62656,332.02286,1990.473
-362.84607,322.54468,1999.3351
-366.09503,311.62933,2002.4144
-368.85748,302.90308,2008.1713
-371.20508,293.56647,2014.391
-374.13382,286.6313,2023.7836
-376.12012,275.52625,2028.6719
-376.90927,262.90726,2031.3488
-377.3564,253.3081,2039.5378
-376.13333,242.68648,2043.281
-374.6082,231.4462,2046.6968
-370.22873,224.93814,2050.446
-365.4588,217.38795,2056.1091
-360.58707,211.10028,2063.1746
-349.65353,206.12631,2063.297
-326.61432,198.70851,2058.6418
-303.359,182.28358,2048.1865
-281.89435,168.21396,2038.0493
-264.79617,154.1353,2031.5417
-249.50671,144.69952,2027.402
-237.38353,139.01917,2028.9854
-223.22592,130.44563,2027.1747
-214.2684,123.0758,2031.3845
-200.34482,119.41431,2034.9646
-181.01822,117.125824,2034.6947
-159.957,110.57409,2033.9204
-135.95988,108.777695,2030.4427
-110.01843,103.06221,2021.9568
-83.59595,97.32141,2013.3091
-203.23907,342.14258,1947.7002
-195.62228,339.70004,1957.5026
-186.22304,337.62662,1966.3206
-178.33478,336.21643,1978.3834
-173.58952,338.26083,1993.0256
-166.26704,336.52457,2008.1532
-157.27513,337.49588,2025.1344
-147.84575,335.8695,2043.8431
-133.97963,335.87967,2065.4534
-123.871025,341.7024,2090.6672
-113.54634,343.07394,2116.221
-100.656975,344.27594,2147.385
-93.04659,346.35025,2174.3428
-86.44234,344.19678,2194.291
-79.59936,342.21622,2215.8052
-74.28149,343.88147,2244.0002
-69.77235,342.1362,2266.6628
-66.10478,339.43576,2286.3877
-62.43844,337.35846,2303.9502
-56.31826,331.28256,2314.7048
-48.59227,328.23306,2329.8691
-42.08089,325.4596,2343.9763
-34.502754,323.1034,2353.239
-28.208416,321.9244,2360.512
-23.010197,324.18912,2371.5356
-15.942761,325.4176,2382.0542
-8.251476,324.53882,2381.5225
-2.4841394,326.35107,2389.9783
2.7131395,326.09125,2396.0989
11.19488,326.43912,2398.145
23.094658,325.80325,2390.946
33.413467,323.46335,2386.1462
44.699966,321.52728,2381.9695
53.127426,322.64478,2379.5068
63.29473,326.04245,2372.883
69.46321,324.78418,2368.0664
84.17854,321.8467,2353.3015
96.65032,325.18964,2340.9243
111.90994,326.0025,2318.4
122.05257,325.79462,2304.721
133.32341,323.57483,2283.2432
141.56271,322.15604,2268.7458
152.76387,321.54694,2247.0073
163.86871,322.7942,2226.7698
170.85834,327.96194,2209.7456
180.89961,332.91058,2187.8416
190.14372,340.96982,2165.8586
199.45735,348.4218,2139.729
208.63077,351.8651,2115.2117
214.07484,355.64075,2089.6921
219.61758,358.9524,2069.3748
224.4927,362.9364,2046.6334
228.53268,363.4322,2024.0906
231.37312,366.93042,2008.4233
235.19182,366.79047,1991.2814
241.33078,371.32486,1978.5934
248.10355,373.43912,1961.3971
255.17947,373.8432,1946.1588
263.80222,373.54633,1929.8895
271.02338,372.51978,1912.9443
281.3885,371.3209,1897.8616
289.69324,370.34613,1883.2738
302.60498,366.95728,1867.976
314.73956,364.8069,1853.65
328.6923,360.64447,1838.1901
341.92383,359.35474,1822.7363
357.086,360.21625,1809.0825
372.2931,356.98203,1791.4269
390.01437,354.48163,1775.417
410.02142,350.9244,1760.4713
430.69165,349.8037,1742.8978
452.1558,346.30597,1725.7499
473.28027,341.02338,1706.7036
497.98624,339.635,1692.7487
521.9643,340.98456,1681.6882
547.4144,341.53192,1671.8823
575.8979,348.82288,1666.7792
602.0598,352.85257,1658.7671
628.6688,355.39474,1651.1837
654.44116,357.4348,1642.855
679.78314,357.0923,1634.2312
705.7853,359.04602,1628.5266
735.36334,355.58832,1613.0781
762.0932,353.07562,1604.9958
783.08875,343.0249,1592.4413
797.6741,346.98334,1583.1006
810.06995,340.18616,1565.4393
823.5369,333.609,1554.4185
834.8127,329.41034,1544.8722
847.2407,323.7294,1528.1138
850.7403,317.56744,1513.4803
855.42035,312.31125,1502.4675
859.4815,305.50702,1482.4944
859.137,345.62653,1416.5686
855.41223,373.90472,1384.1166
843.39667,391.95456,1347.7837
831.748,398.64386,1327.4435
814.6702,406.61734,1309.3939
795.489,409.9584,1282.0884
788.53033,367.70828,1263.2147
781.7781,320.06323,1252.5215
776.44434,286.17566,1256.2059
766.4464,263.26373,1239.444
750.10455,262.1978,1147.3296
718.0593,263.85315,1061.1399
686.70154,256.8775,1011.3287
668.66345,252.73457,989.3504
659.1673,250.50684,979.1749
654.3155,249.35541,974.2994
651.8673,248.77081,971.9162
650.63983,248.4766,970.73914
650.02936,248.32959,970.1559
649.7343,248.25719,969.8696
649.6104,248.22351,969.7366
649.6065,248.21255,969.6945
649.6045,248.20728,969.67346
649.6035,248.20483,969.66296
649.603,248.20386,969.65765
649.6028,248.2035,969.655
649.6027,248.20355,969.6536
649.60266,248.2038,969.653
649.6026,248.20409,969.6526
649.60266,248.20444,969.6524
649.60266,248.20483,969.6522
649.60266,248.20522,969.65204
649.6027,248.20561,969.652
649.6027,248.20602,969.652
649.6027,248.2064,969.6519
649.6028,248.20682,969.65186
649.6028,248.2072,969.65173
649.60284,248.2076,969.6517
649.60284,248.20798,969.6517
649.6028,248.20839,969.6516
649.60284,248.20879,969.65155
649.60284,248.20918,969.6515
649.60284,248.20958,969.6514
649.6029,248.20999,969.6514
649.6029,248.21039,969.65137
649.6029,248.21075,969.6513
649.60297,248.21115,969.65125
649.60297,248.21156,969.6512
649.60297,248.21198,969.6512
649.603,248.21234,969.6511
649.603,248.21274,969.65106
649.6031,248.21315,969.651
649.6031,248.21356,969.65094
649.6031,248.21393,969.6509
649.60315,248.21432,969.6509
649.60315,248.21474,969.6508
649.60315,248.21513,969.65076
649.6032,248.21553,969.6507
649.6032,248.21591,969.65063
649.6032,248.21634,969.6506
649.6033,248.2167,969.6506
649.6033,248.2171,969.6505
649.6033,248.2175,969.6504
649.60333,248.2179,969.6503
649.60333,248.21829,969.65027
649.6034,248.21869,969.65027
649.6034,248.21907,969.6502
649.6034,248.21951,969.65015
649.60345,248.21991,969.6501
649.60345,248.22028,969.65
649.60345,248.22069,969.65
649.6035,248.22107,969.64996
649.6035,248.22148,969.6499
649.6035,248.22185,969.64984
649.6036,248.22226,969.6497
649.6036,248.22269,969.6498
649.60364,248.22305,969.64966
649.60364,248.22343,969.6496
649.60364,248.22383,969.64954
649.6037,248.22423,969.6495
649.6037,248.22464,969.6495
649.6037,248.22504,969.6494
649.60376,248.22543,969.64935
649.60376,248.22586,969.6493
649.60376,248.22623,969.64923
649.6038,248.22662,969.6492
649.6038,248.227,969.6492
649.6038,248.22742,969.6491
649.6039,248.2278,969.64905
649.6039,248.2282,969.649
649.6039,248.22858,969.6489
649.60394,248.22902,969.6489
649.60394,248.2294,969.64886
649.604,248.22978,969.6488
649.604,248.2302,969.64874
649.604,248.23058,969.6487
649.60406,248.23099,969.6487
649.60406,248.23137,969.6486
649.60406,248.23175,969.64856
649.6041,248.23218,969.64844
649.6041,248.23259,969.64844
649.6041,248.23294,969.6484
514.1483,429.1167,933.3962
161.56573,454.54294,946.5636
-27.420464,392.02856,917.6082
-64.988655,385.13855,880.0034
-81.90886,382.12238,859.0895
-89.86662,380.78156,848.15454
-93.71606,380.1607,842.57495
-95.60757,379.8647,839.75934
-96.54429,379.7223,838.34717
-8.12429,383.24197,829.15106
94.821396,287.9723,924.2499
151.44023,222.68463,967.6503
180.25197,185.7453,987.3963
194.67993,166.24576,996.6768
201.88522,156.24664,1001.156
205.4826,151.18689,1003.3527
142.50116,164.59238,946.6603
112.209885,171.78276,912.2826
97.599945,175.57712,893.6564
90.457794,177.53368,883.9975
86.931946,178.52843,879.0842
85.181946,179.0306,876.6079
84.31743,179.28532,875.3695
83.894775,179.41602,874.75476
83.70015,179.48698,874.4578
83.682846,179.54843,874.3602
235.19354,217.34439,982.5831
324.3883,231.77335,1012.64484
371.13995,239.48824,1020.98456
394.87936,243.67352,1023.45764
284.91855,124.836655,681.3334
299.54626,382.62787,634.9943
414.44687,476.59082,675.8777
468.65808,519.2592,716.6549
494.11493,538.34753,741.5621
506.33798,547.2003,755.0334
512.31226,551.4386,762.0066
515.2634,553.5084,765.54956
516.7295,554.5304,767.3342
517.45856,555.036,768.2268
517.81714,555.28076,768.6635
517.9935,555.39905,768.8768
518.0422,555.40283,768.90686
518.06647,555.4048,768.9219
518.0786,555.4059,768.9294
518.0847,555.4065,768.93317
518.0877,555.40686,768.93506
518.08923,555.4071,768.93604
518.09,555.4073,768.9366
518.09033,555.4075,768.9368
518.0905,555.4076,768.93695
518.0906,555.4078,768.937
518.0906,555.40796,768.9371
518.09064,555.4081,768.9371
518.09064,555.40826,768.9371
518.0906,555.4084,768.93713
518.0906,555.40857,768.9372
518.0906,555.4087,768.9372
518.0905,555.4089,768.9372
518.0905,555.40906,768.93726
518.0905,555.4092,768.93726
518.09045,555.40936,768.93726
518.09045,555.4095,768.9373
518.09045,555.40967,768.9374
518.09045,555.4098,768.9374
518.0904,555.41,768.93744
518.0904,555.41016,768.9375
518.0904,555.4103,768.9375
518.09033,555.4104,768.9375
518.09033,555.4106,768.9375
518.09033,555.41077,768.93756
518.0903,555.4109,768.93756
518.0903,555.4111,768.93756
518.0903,555.4112,768.9376
518.0902,555.4114,768.9377
518.0902,555.4115,768.9377
518.0902,555.4116,768.93774
518.09015,555.4118,768.93774
518.09015,555.412,768.9378
518.09015,555.4121,768.9378
518.0901,555.4123,768.9378
518.0901,555.4124,768.93787
518.0901,555.4126,768.9379
518.09,555.4127,768.9379
518.09,555.4129,768.9379
518.09,555.4131,768.938
518.08997,555.4132,768.93805
518.08997,555.4133,768.93805
518.08997,555.4135,768.93805
518.0899,555.4137,768.9381
518.0899,555.4138,768.9381
518.0899,555.41394,768.9381
518.08984,555.4141,768.93823
518.08984,555.4143,768.93823
518.08984,555.4144,768.93823
518.0898,555.4146,768.93823
518.0898,555.41473,768.93835
518.0898,555.4149,768.93835
518.0897,555.41504,768.93835
518.0897,555.41516,768.93835
518.0897,555.41534,768.9384
518.0897,555.4155,768.9385
518.0897,555.41565,768.9385
518.0897,555.41583,768.9385
518.0897,555.416,768.93854
518.08966,555.41614,768.9386
518.08966,555.41626,768.9386
518.08966,555.41644,768.93866
518.0896,555.4166,768.93866
518.0896,555.41675,768.93866
518.0896,555.41693,768.93866
518.08954,555.4171,768.9388
518.08954,555.41724,768.9388
518.08954,555.41736,768.9388
518.0895,555.41754,768.93884
518.0895,555.4177,768.9389
518.0895,555.41785,768.9389
518.0894,555.418,768.9389
518.0894,555.41815,768.9389
518.0894,555.41833,768.93896
518.08936,555.41846,768.93896
518.08936,555.41864,768.939
518.08936,555.41876,768.9391
518.0893,555.4189,768.9391
518.0893,555.41907,768.93915
518.0893,555.41925,768.93915
518.08923,555.4194,768.9392
518.08923,555.41956,768.9392
518.08923,555.4197,768.9392
518.0892,555.41986,768.9392
518.0892,555.42,768.93933
518.0892,555.42017,768.93933
518.0891,555.4203,768.93933
518.0891,555.4205,768.93933
518.0891,555.42065,768.93945
518.08905,555.4208,768.93945
518.08905,555.42096,768.93945
518.08905,555.4211,768.9395
518.089,555.42126,768.9395
518.089,555.4214,768.9395
518.089,555.4216,768.9396
518.0889,555.4217,768.93964
518.0889,555.4219,768.93964
518.0889,555.422,768.93964
518.08887,555.4222,768.9397
518.08887,555.4223,768.93976
518.08887,555.4225,768.93976
518.08887,555.4226,768.93976
518.0888,555.4227,768.9398
518.0888,555.4229,768.9398
518.0888,555.4231,768.9399
518.08875,555.4232,768.9399
518.08875,555.4234,768.93994
518.08875,555.4236,768.94
518.0887,555.4237,768.94
518.0887,555.4238,768.94
518.0887,555.424,768.94006
518.0886,555.4242,768.94006
518.0886,555.4243,768.94006
518.0886,555.4245,768.9401
518.08856,555.4247,768.9402
518.08856,555.4248,768.9402
518.08856,555.425,768.9402
518.0885,555.4251,768.9403
518.0885,555.4253,768.9403
518.0885,555.4254,768.9403
518.08844,555.4256,768.9403
518.08844,555.4257,768.94037
518.08844,555.4259,768.94037
518.0884,555.4261,768.9404
518.0884,555.42615,768.9404
518.0884,555.42633,768.9405
518.0883,555.4265,768.9405
518.0883,555.42664,768.94055
518.0883,555.4268,768.94055
518.08826,555.42694,768.9406
518.08826,555.4271,768.9406
518.08826,555.42725,768.9406
518.0882,555.4274,768.9407
518.0882,555.4276,768.94073
518.0882,555.42773,768.94073
518.08813,555.42786,768.94073
518.08813,555.42804,768.94086
518.08813,555.4282,768.94086
518.08813,555.42834,768.94086
518.0881,555.42847,768.94086
518.0881,555.42865,768.9409
518.0881,555.42883,768.9409
518.088,555.42896,768.941
518.088,555.42914,768.94104
518.088,555.4293,768.94104
518.08795,555.42944,768.94104
518.08795,555.42957,768.9411
518.08795,555.4297,768.94116
518.0879,555.4299,768.94116
518.0879,555.43005,768.94116
518.0879,555.4302,768.94116
518.0878,555.43036,768.9412
518.0878,555.43054,768.9413
518.0878,555.43066,768.9413
518.08777,555.4308,768.9413
518.08777,555.43097,768.94135
518.08777,555.43115,768.9414
518.0877,555.4313,768.9414
518.0877,555.43146,768.94147
518.0877,555.43164,768.94147
518.08765,555.43176,768.94147
518.08765,555.4319,768.94147
518.08765,555.43207,768.9416
518.0876,555.43225,768.9416
518.0876,555.4324,768.9416
518.0876,555.4325,768.94165
518.0875,555.4327,768.9417
518.0875,555.43286,768.9417
518.0875,555.433,768.9417
518.08746,555.43317,768.9417
518.08746,555.4333,768.9418
518.08746,555.4335,768.94183
518.08746,555.4336,768.94183
518.08746,555.4337,768.9419
518.08746,555.4339,768.9419
518.0874,555.4341,768.94196
518.0874,555.4342,768.94196
518.0874,555.4343,768.942
518.0874,555.4345,768.942
518.08734,555.4347,768.942
518.08734,555.4348,768.942
518.08734,555.435,768.94214
518.0873,555.4351,768.94214
518.0873,555.4353,768.94214
518.0873,555.4354,768.9422
518.0872,555.4356,768.94226
518.0872,555.4358,768.94226
518.0872,555.4359,768.94226
518.08716,555.4361,768.9423
518.08716,555.4362,768.9423
518.08716,555.4364,768.9423
518.0871,555.4365,768.9424
518.0871,555.4367,768.94244
518.0871,555.4369,768.94244
518.08704,555.437,768.94244
518.08704,555.4372,768.9425
518.08704,555.4373,768.94257
518.087,555.43744,768.94257
518.087,555.4376,768.94257
518.087,555.43774,768.9426
518.0869,555.4379,768.9427
518.0869,555.4381,768.9427
518.0869,555.43823,768.9427
518.08685,555.4384,768.94275
518.08685,555.43854,768.9428
518.08685,555.4387,768.9428
518.0868,555.43884,768.9428
518.0868,555.439,768.9429
518.0868,555.43915,768.9429
518.08673,555.43933,768.9429
518.08673,555.43945,768.94293
518.08673,555.43964,768.943
518.0867,555.4398,768.943
518.0867,555.43994,768.94305
518.0867,555.4401,768.9431
518.0866,555.44025,768.9431
518.0866,555.4404,768.9431
518.0866,555.44055,768.9431
518.08655,555.44073,768.9432
518.08655,555.44086,768.9432
518.08655,555.44104,768.94324
518.08655,555.44116,768.94324
518.0865,555.44135,768.9433
518.0865,555.44147,768.94336
518.0865,555.44165,768.94336
518.0864,555.4418,768.94336
518.0864,555.44196,768.9434
518.0864,555.4421,768.9434
518.08636,555.44226,768.9434
518.08636,555.4424,768.94354
518.08636,555.44257,768.94354
518.0863,555.44275,768.94354
518.0863,555.4429,768.94354
518.0863,555.443,768.94366
518.08624,555.4432,768.94366
518.08624,555.44336,768.94366
518.08624,555.4435,768.94366
518.0862,555.44366,768.9437
518.0862,555.4438,768.9437
518.0862,555.444,768.9437
518.0861,555.4441,768.94385
518.0861,555.4443,768.94385
518.0861,555.44446,768.94385
518.08606,555.4446,768.94385
518.08606,555.44476,768.944
518.08606,555.4449,768.944
518.086,555.445,768.944
518.086,555.4452,768.944
518.086,555.4453,768.94403
518.08594,555.4455,768.94403
518.08594,555.4457,768.9441
518.08594,555.4458,768.9441
518.0859,555.446,768.94415
518.0859,555.4461,768.94415
518.0859,555.4463,768.9442
518.0858,555.4464,768.9442
518.0858,555.4466,768.9443
518.0858,555.4468,768.9443
518.0858,555.4469,768.9443
518.08575,555.4471,768.94434
518.08575,555.4472,768.9444
518.0857,555.4474,768.9444
518.0857,555.4475,768.9444
518.0857,555.4477,768.9445
518.0857,555.4478,768.9445
518.08563,555.448,768.9445
518.08563,555.4481,768.9445
518.08563,555.4483,768.9446
518.0856,555.4485,768.9446
518.0856,555.4486,768.9446
518.0856,555.4487,768.9447
518.0855,555.44885,768.9447
518.0855,555.44904,768.9447
518.0855,555.4492,768.94476
518.08545,555.44934,768.9448
518.08545,555.4495,768.9448
518.08545,555.44965,768.9448
518.0854,555.4498,768.9448
518.0854,555.44995,768.9449
518.0854,555.45013,768.94495
518.0853,555.4503,768.94495
518.0853,555.45044,768.94495
518.0853,555.4506,768.945
518.08527,555.45074,768.94507
518.08527,555.4509,768.94507
518.08527,555.45105,768.9451
518.0852,555.45123,768.9451
