65.72094,72.65708,2717.2546
66.04511,70.751656,2715.0112
66.81934,70.58684,2708.4438
66.662186,70.08536,2705.226
60.97557,64.55678,2697.3113
54.14512,62.87721,2688.382
46.76721,63.090103,2680.874
37.801006,62.02363,2670.3848
30.386284,63.24963,2663.6274
21.249886,64.931015,2653.5244
13.561657,72.42745,2640.7227
-3.4578235,72.43238,2626.4666
-19.2459,64.12626,2616.512
-29.05396,61.342506,2609.58
-38.78545,58.646477,2603.528
-48.775154,62.948154,2590.2231
-61.04389,70.02522,2575.2861
-76.20724,76.69528,2567.088
-83.54472,73.94437,2561.6611
-96.857506,71.94438,2550.3652
-103.28922,70.936356,2546.8828
-113.64717,74.42027,2541.79
-124.933975,75.31221,2538.9934
-128.44382,76.411705,2538.118
-132.18295,77.92154,2533.5205
-135.93825,78.09323,2523.8374
-140.0355,78.72372,2517.101
-145.05826,80.99553,2506.042
-149.98836,83.06759,2500.7302
-152.85945,84.311295,2491.743
-152.63062,83.35501,2488.3882
-150.26924,83.214714,2485.1687
-146.30568,81.03852,2478.229
-144.0446,80.06101,2476.573
-137.21231,78.83712,2471.8582
-127.81219,81.55414,2459.4229
-124.73975,80.83073,2457.2737
-117.878006,83.36063,2453.5398
-111.830215,83.81309,2449.3442
-104.88332,83.91019,2448.0928
-98.51166,82.50484,2446.316
-94.55225,81.48645,2444.2285
-87.6006,80.766205,2437.6523
-80.64852,79.51805,2432.5693
-78.649254,78.86294,2429.8193
-72.143715,81.30916,2425.8157
-69.76069,82.30961,2424.5142
-67.707596,82.23429,2424.0032
-62.75049,81.64036,2423.5508
-61.41228,80.387436,2424.8665
-59.786785,80.20018,2426.0718
-57.808125,80.20358,2427.1074
-56.65895,80.958496,2427.6304
-54.6961,80.21581,2430.9177
-52.75246,80.04463,2433.3645
-54.408962,79.641045,2437.3918
-56.275635,79.07446,2439.3215
-61.137833,78.45261,2444.026
-70.86241,80.57278,2452.594
-78.58661,84.16507,2458.6099
-83.52122,83.95233,2462.8325
-89.01566,81.56057,2471.9407
-93.296425,83.2002,2479.2124
-100.6328,89.91759,2487.0264
-105.784805,87.077614,2497.9824
-110.837814,87.62417,2506.5503
-117.51387,87.222046,2513.3289
-129.23279,84.50339,2529.4832
-131.53333,84.23842,2534.3179
-131.15126,87.26253,2538.862
-130.3457,88.31735,2546.914
-126.059875,88.83233,2551.0737
-117.09214,87.5285,2559.427
-109.19737,77.44792,2573.1694
-107.15331,69.91867,2584.4229
-103.21876,64.932976,2593.4097
-102.41529,60.214096,2599.3179
-92.67221,57.517193,2606.6462
-79.32832,56.778446,2621.68
-71.72989,54.804367,2629.98
-54.227936,51.80543,2644.5552
-43.618134,52.80027,2658.897
-38.118263,55.703873,2667.6414
-32.310837,57.05776,2674.2505
-18.930515,50.8594,2687.173
-7.375037,50.962173,2707.2214
-0.52128893,53.813477,2721.5056
-0.015333671,58.657337,2734.8335
3.5133874,63.999428,2742.9912
6.8096576,65.993904,2750.1396
9.707525,67.069786,2753.8147
11.133773,63.971817,2759.5293
12.148439,64.15912,2774.9578
9.132923,59.51499,2784.7507
6.54063,58.834324,2793.0515
3.1952841,58.114647,2800.0684
-0.16636913,53.648987,2808.0352
-5.534409,50.273346,2818.4062
-9.982368,50.007023,2825.1099
-23.259626,44.57719,2843.1382
-32.501648,41.67898,2851.9683
-38.25819,42.09067,2855.6348
-48.06798,46.6836,2860.7175
-59.85797,47.842518,2867.2356
-69.12436,49.181477,2869.461
-82.50546,44.23771,2873.2468
-99.36795,43.100307,2878.943
-109.03657,44.18201,2884.703
-117.310616,45.115273,2890.4434
-127.76737,46.49314,2890.4714
-134.73883,41.459,2899.399
-142.14003,38.018192,2907.8235
-146.923,35.214836,2915.7727
-155.73123,32.972813,2918.1602
-156.73387,33.14695,2917.5654
-158.05585,32.619556,2920.789
-159.83333,32.351486,2922.333
-166.11763,37.984447,2922.9966
-165.9681,30.307962,2926.353
-165.27026,27.150145,2927.0122
-163.40985,28.65865,2927.4368
-159.1115,26.315004,2931.514
-155.94472,26.837265,2934.7036
-155.33969,27.310093,2934.6997
-149.1335,26.834875,2936.463
-133.26283,28.24372,2934.0198
-126.572495,28.425062,2930.3013
-118.77727,25.994581,2929.9817
-106.19618,20.135443,2934.1567
-94.03674,13.076126,2940.7898
-86.83839,9.236911,2942.9868
-81.985664,8.981466,2943.2944
-76.21776,10.592187,2944.3704
-65.69809,16.45754,2944.7708
-60.523907,19.264406,2944.1912
-56.47245,23.154024,2942.4146
-51.669147,27.554516,2941.3296
-47.53328,35.56023,2939.0952
-43.473797,39.46321,2942.7473
-43.193275,39.040848,2944.3167
-40.342506,45.125847,2938.0789
-40.72399,42.181824,2940.3296
-38.71614,42.124016,2940.674
-38.477787,41.760628,2940.2793
-39.05632,41.206966,2940.145
-42.013096,40.23094,2942.2542
-45.160423,40.255188,2941.8228
-47.003036,39.265667,2938.568
-51.00829,35.605537,2938.267
-50.81035,35.171383,2938.9436
-52.157124,35.623756,2939.3125
-59.604877,34.063713,2937.5007
-66.791916,31.24355,2933.913
-74.61065,29.994226,2930.0486
-78.53081,29.40675,2929.7664
-79.997444,30.349974,2930.3054
-91.19709,35.715076,2923.1472
-97.529205,36.66234,2921.8826
-105.31307,35.233826,2918.151
-116.77669,32.547283,2918.2344
-117.27617,26.723028,2916.6487
-118.118,29.111954,2915.367
-122.29744,30.291843,2915.3328
-123.217354,31.38913,2913.7004
-130.83353,30.229258,2907.2844
-142.21916,28.10287,2900.266
-144.52867,29.676598,2897.8228
-145.58894,31.024933,2898.463
-150.76833,33.6345,2896.6824
-153.36115,36.03954,2896.8591
-155.68039,36.855892,2896.5583
-155.34639,35.46582,2895.28
-157.8573,35.27589,2894.8457
-160.59047,35.342796,2894.3008
-161.70103,36.608185,2894.0205
-161.03812,30.777029,2893.9521
-163.40752,33.15207,2893.7136
-165.50671,34.407093,2892.516
-166.39708,37.07583,2893.1396
-167.58919,37.16256,2891.8
-167.89807,40.05285,2891.1602
-168.17075,38.558075,2891.2996
-167.22653,40.478054,2890.1086
-165.09543,41.016777,2890.1396
-164.39888,45.256866,2891.537
-163.24939,45.50127,2893.5806
-161.52316,44.9343,2894.2192
-156.64305,45.456783,2893.7869
-148.81232,43.37309,2895.2937
-144.83463,42.134098,2893.4043
-139.70117,38.511494,2892.8804
-133.20435,33.753193,2892.0989
-125.880226,33.279957,2891.4346
-124.76858,34.515625,2891.7424
-123.786415,40.384262,2898.3066
-123.4624,39.727806,2896.4717
-121.86327,39.958267,2896.2131
-121.36945,40.247486,2896.6194
-121.722435,41.2367,2896.6128
-121.296036,44.902126,2896.9246
-121.1768,47.187244,2896.5854
-124.69698,50.94477,2900.0688
-123.67133,51.149517,2899.3691
-123.65708,51.58737,2898.6467
-124.21419,51.72523,2896.7415
-125.28156,52.162865,2896.697
-129.14227,53.67124,2897.4746
-130.56406,55.220448,2900.6868
-133.60367,58.426357,2903.7568
-135.92729,61.35633,2903.8625
-136.81598,67.62752,2903.1128
-142.34222,79.34263,2903.8584
-142.80197,81.947174,2900.3765
-145.44026,80.542076,2903.3477
-146.78616,79.4935,2908.6812
-147.03142,81.231575,2907.4294
-149.42082,82.250824,2906.7258
-148.8306,79.984825,2906.139
-148.99484,82.00107,2905.196
-148.45697,91.960175,2896.5784
-148.78961,95.15233,2894.8845
-148.0547,95.490036,2894.0427
-147.38242,94.781586,2893.058
-144.48651,94.76526,2889.5332
-143.55022,94.663185,2888.277
-140.56561,95.35653,2887.0186
-136.01039,95.8469,2884.5327
-134.54863,94.089226,2887.3096
-135.17212,90.244995,2888.0337
-133.42505,89.795235,2889.4214
-131.00043,88.96254,2890.2703
-130.39227,86.767624,2893.4004
-129.23044,89.46434,2890.1562
-124.04016,90.11342,2888.1184
-122.75849,89.84454,2887.9634
-120.14357,90.03628,2886.6423
-116.61519,85.92728,2887.1123
-113.61518,86.35675,2884.3027
-112.63087,88.86618,2883.3147
-111.47263,89.40668,2880.7075
-110.18071,88.37162,2879.6128
-118.022446,78.77787,2865.005
-115.790535,93.37226,2861.2876
-110.435684,103.48036,2856.5962
-105.969635,107.60669,2853.3945
-101.76413,109.50319,2850.6924
-96.95905,110.871704,2848.0144
-93.60606,107.965164,2847.162
-87.70256,105.08159,2844.6128
-81.466805,105.05951,2843.17
-74.93901,101.88124,2842.768
-70.92787,95.366,2844.739
-67.39669,90.81689,2844.751
-64.22581,88.42822,2844.9304
-62.074207,87.14809,2844.0913
-55.800392,89.50452,2842.544
-51.181114,87.94006,2840.5073
-48.024834,87.93121,2840.184
-46.199318,81.63174,2841.663
-42.13983,75.59077,2843.4485
-37.097107,72.56573,2844.0857
-35.297638,68.72011,2845.432
-31.350504,66.34587,2847.2246
-27.982605,61.96933,2847.329
-22.337112,58.328728,2847.0925
-19.472126,55.38281,2846.6655
-16.303055,52.278465,2848.195
-13.589064,46.233177,2851.1892
-7.3837495,42.65807,2851.9092
-1.3982358,40.288654,2853.3135
2.7090883,36.966488,2855.0415
6.5033164,34.57904,2855.9668
10.320696,30.91227,2859.478
14.647056,28.568106,2861.5747
18.142015,24.927109,2864.5571
21.303255,20.23013,2866.2827
23.201418,16.59405,2867.7698
25.587643,14.166477,2867.091
22.621094,8.507178,2867.8115
24.656317,7.7108088,2863.6514
22.501778,6.1410494,2862.813
22.979406,1.1424394,2863.6328
25.981422,-1.617357,2864.209
25.578753,-4.451435,2864.546
26.43007,-4.7402525,2863.4304
29.654854,-6.8311143,2862.0715
29.4497,-8.742003,2861.0962
32.460632,-9.031957,2859.5986
30.840382,-9.908207,2858.7644
32.945755,-13.216955,2856.7207
36.916603,-14.343103,2854.8096
42.404045,-16.84383,2852.8525
46.007416,-16.908043,2851.524
53.395668,-18.460175,2850.3442
62.69845,-20.455471,2849.3784
71.72943,-23.611137,2849.0344
83.0466,-25.298717,2849.3027
94.780136,-27.011763,2849.15
106.51399,-26.519567,2849.7036
116.44765,-24.45405,2847.6921
126.9834,-24.18937,2842.9678
136.34271,-26.077776,2843.4814
146.07481,-24.502918,2843.5337
155.37381,-23.837704,2842.6763
163.60812,-23.478853,2840.226
170.41759,-25.179993,2841.8345
174.73679,-25.348463,2841.1812
183.96909,-23.081291,2839.6646
189.2913,-21.17389,2840.3677
192.76358,-18.42285,2839.9658
195.74734,-16.008633,2839.46
197.6239,-13.608132,2837.626
203.79156,-11.24673,2836.2456
213.72093,-10.691635,2844.3433
217.3324,-5.7114124,2854.252
219.36429,0.2817111,2857.6497
225.2515,5.9668036,2863.7134
228.5584,13.827015,2868.5693
229.97293,22.364655,2869.9258
232.02591,28.296616,2868.4336
231.52802,35.2097,2867.162
232.70512,45.535664,2864.5732
234.49466,52.93709,2861.2168
233.87885,59.73667,2860.305
237.0238,66.30478,2859.431
238.9745,69.00772,2857.778
239.70947,72.4563,2855.5535
237.85635,76.95088,2852.6714
238.71368,78.56084,2848.6353
239.86139,81.41251,2843.9155
239.93762,81.900566,2840.665
246.56953,85.72618,2836.2107
249.59729,88.278076,2832.8628
251.44089,86.27597,2829.395
253.73184,84.53343,2824.7388
257.1082,80.33764,2822.174
258.65173,74.573135,2820.2795
259.464,69.15581,2819.4517
262.3145,63.842537,2819.4473
262.61646,60.274292,2818.5415
257.50903,52.040863,2820.1794
252.64447,46.011,2822.6836
248.3422,42.690025,2822.418
243.71426,34.641865,2821.7305
240.1538,27.563103,2822.654
236.58153,21.658932,2822.4944
231.758,12.824186,2824.9897
225.1507,3.3325,2826.4731
217.21715,-5.1169176,2827.4138
212.10849,-13.325857,2827.7517
206.15642,-19.973972,2827.712
200.22125,-26.716444,2823.954
195.52376,-32.819122,2823.5352
192.23949,-39.6637,2823.0088
187.52185,-44.22976,2821.5176
185.40863,-46.24476,2819.8774
183.45914,-50.227417,2816.5244
176.90927,-53.251156,2814.4624
170.02687,-58.6933,2813.157
162.85046,-63.522408,2811.6982
156.37598,-64.81377,2807.9941
150.7656,-69.05351,2805.585
146.05264,-72.985306,2803.5571
140.82697,-76.91135,2798.8706
135.00833,-84.65082,2796.6755
130.67798,-90.96182,2794.915
126.05644,-94.43466,2788.871
123.37511,-97.70146,2783.433
125.18034,-103.859985,2779.6719
123.095856,-108.52034,2771.7622
123.08586,-114.36282,2767.4504
122.71921,-122.25324,2764.0728
120.19139,-131.40329,2761.1943
114.976776,-137.89044,2759.8362
115.23804,-143.74608,2761.6074
115.98529,-150.44511,2760.896
114.32152,-156.72818,2758.918
112.39424,-160.86636,2755.2883
110.44105,-165.4366,2752.6707
108.7628,-169.02068,2748.0332
106.94487,-173.20483,2743.8213
105.61075,-179.36838,2738.5747
103.587296,-185.62854,2735.2168
98.94838,-188.88907,2734.482
95.83188,-193.83203,2730.1074
90.65971,-198.84497,2729.3875
84.125534,-202.61641,2729.6611
79.39795,-207.28131,2727.9229
72.678314,-210.84938,2731.1821
68.82455,-212.60849,2735.099
65.848274,-214.21414,2736.8486
56.640232,-212.66643,2750.9194
51.081375,-214.41994,2760.6309
52.54128,-213.8122,2766.2896
53.797142,-212.59555,2774.5605
59.75317,-210.20255,2777.2764
63.185097,-211.93448,2780.265
68.28027,-207.8642,2782.1396
72.361084,-203.95859,2788.2432
74.362625,-200.54097,2791.294
75.618385,-198.07915,2793.0093
74.27697,-195.26613,2796.258
72.880974,-190.58685,2799.4067
70.37646,-184.20483,2800.6355
69.17894,-179.17195,2803.5828
69.18724,-176.09636,2805.995
67.969025,-171.21776,2810.1519
66.82764,-170.27937,2811.2144
65.48663,-167.70563,2810.0493
64.15624,-167.60364,2808.3755
62.5819,-168.9232,2809.7349
59.645912,-168.30464,2811.1458
59.37313,-168.11955,2809.1255
53.14913,-168.8359,2799.558
48.046135,-170.47165,2790.4097
42.549736,-175.55777,2785.1147
38.33168,-176.6049,2778.0513
36.82098,-181.92879,2772.8296
41.929054,-179.53052,2767.0425
49.858143,-176.52744,2764.8433
60.24717,-178.39459,2763.8079
66.00509,-180.11617,2760.9028
83.60068,-188.30101,2765.9307
82.04321,-178.17776,2792.9204
72.3757,-177.95694,2807.144
75.13371,-171.36374,2821.46
60.183334,-174.40646,2832.6792
50.153862,-165.80356,2840.9302
45.700012,-157.26233,2849.896
42.994972,-155.43842,2853.3506
35.992355,-148.7505,2849.7705
38.199806,-139.4831,2847.106
37.06127,-130.12544,2842.1025
39.392685,-122.52691,2841.5154
40.32823,-117.61925,2841.7666
42.52194,-118.00195,2842.7612
46.033737,-118.3402,2845.1086
49.089485,-118.42525,2848.3755
51.15441,-114.502075,2855.499
46.571438,-108.09861,2859.1274
47.281487,-98.540596,2863.3389
46.37487,-95.88992,2869.255
46.435913,-94.80899,2876.5703
46.464806,-93.39947,2881.5742
44.69861,-93.84471,2888.0757
45.95301,-86.3053,2896.1
42.25769,-84.41579,2901.2412
40.15426,-82.08468,2904.5466
38.3946,-79.83929,2904.0312
27.418495,-78.0659,2901.0344
18.850262,-76.84718,2900.9602
16.969978,-78.037605,2903.037
11.349174,-75.86751,2902.38
6.5288544,-73.75104,2896.0344
-0.76808596,-71.979095,2890.1099
-5.5927763,-69.314285,2887.121
-7.107819,-68.98129,2882.3662
-11.267655,-62.65506,2879.1226
-12.258909,-57.253807,2876.2742
-13.702142,-54.152695,2875.7593
-17.562622,-52.089176,2871.9634
-15.298625,-49.60759,2865.8645
-23.582365,-50.514725,2857.3506
-30.698986,-52.889103,2850.0706
-42.55137,-55.80608,2847.0762
-58.412895,-60.39509,2837.0327
-77.61677,-65.30522,2833.3325
-92.39038,-66.81435,2831.9028
-109.723495,-62.805626,2839.1875
-123.681496,-65.03554,2847.936
-145.29114,-68.21449,2855.0815
-159.88048,-70.09664,2861.1074
-172.60492,-70.45201,2865.4595
-186.84843,-73.7032,2865.7393
-200.52304,-72.33937,2866.855
-219.2438,-75.49559,2861.6763
-239.38963,-70.54927,2860.9077
-252.37369,-65.170784,2859.1963
-261.17456,-66.80249,2856.0483
-266.2569,-68.86203,2850.023
-272.35663,-70.564545,2837.485
-284.89545,-73.76851,2825.6506
-298.93103,-74.312164,2815.5632
-314.52026,-71.20369,2808.2388
-321.30652,-62.679153,2803.1519
-323.96048,-52.049805,2799.6267
-317.45697,-31.231195,2833.518
-307.70108,-12.7512,2860.7085
-295.61163,6.190504,2877.2566
-283.1454,20.974834,2889.9204
-286.20587,64.657455,2912.3682
-282.91687,93.54584,2925.1301
-273.56818,109.07579,2926.5483
-267.5472,127.655556,2931.8574
-258.50525,133.64418,2928.116
-245.08733,141.35237,2932.8877
-233.69986,142.37103,2933.326
-220.10887,138.14839,2926.5027
-209.36176,131.03261,2921.5332
-193.8578,121.93887,2914.6575
-179.60367,114.25325,2911.852
-170.44177,96.901596,2920.1367
-158.83942,79.77515,2931.6013
-141.51675,68.17319,2935.2983
-119.675964,56.086998,2947.567
-86.15221,38.089783,2960.0232
-41.05367,13.519869,2972.9424
17.794823,-19.621326,2977.601
49.005272,-54.570633,2967.8967
71.319565,-97.434586,2958.2476
85.11186,-136.14784,2940.6978
93.445435,-169.06592,2933.9053
99.69339,-192.9362,2935.9524
98.54834,-217.9678,2933.1807
97.07425,-241.9604,2930.1023
108.56557,-267.8747,2935.462
102.05008,-284.85413,2937.5881
96.94782,-300.31165,2938.8872
93.71701,-312.2055,2939.207
87.106544,-327.7765,2936.3506
77.34216,-339.03748,2929.5864
67.89839,-345.16595,2923.1501
59.23246,-347.91846,2919.8335
45.418037,-353.56927,2914.8242
30.596645,-354.30414,2907.729
15.450742,-356.4443,2907.5566
5.2223163,-355.31116,2908.2197
-8.168827,-354.6929,2903.5347
-23.597733,-353.89008,2900.8809
-40.88184,-352.44534,2895.5657
-61.708084,-351.72455,2891.001
-84.9155,-351.882,2883.8647
-103.47803,-345.40924,2876.656
-117.40395,-331.89117,2873.6858
-134.56998,-320.9816,2870.9458
-151.95128,-311.65088,2863.1855
-170.20001,-303.20343,2858.1465
-185.75447,-294.38092,2851.8174
-194.20511,-283.62796,2846.7725
-203.52899,-273.50775,2840.94
-216.48224,-263.64313,2831.8994
-223.42569,-252.19467,2824.7168
-223.34885,-238.72577,2820.751
-221.6989,-220.98792,2824.5474
-220.10233,-199.46939,2824.6606
-234.13893,-166.22359,2836.4546
-250.89304,-137.30219,2843.9019
-272.04364,-107.8732,2853.3555
-279.50043,-87.49123,2859.7847
-278.4333,-74.42328,2866.1138
-277.3613,-59.871384,2872.9185
-277.59253,-48.66082,2877.2598
-283.37195,-35.448513,2883.1628
-286.0046,-24.795433,2890.1875
-288.08832,-11.4832945,2893.186
-291.1217,-0.4530449,2898.627
-297.2541,12.099644,2906.462
-301.6806,20.498482,2913.7632
-303.77078,32.880608,2920.8542
-305.25555,40.557137,2923.6875
-305.24213,46.919044,2923.6636
-305.40753,51.68975,2925.1904
-303.36346,57.30392,2927.7354
-302.78452,63.09835,2925.5156
-303.41626,68.41279,2924.3125
-297.6698,72.33674,2928.626
-294.11884,75.729065,2922.8271
-289.13007,75.84485,2920.146
-278.62775,83.122925,2915.2236
-268.78772,85.65473,2910.0793
-261.0693,89.6867,2901.108
-256.28674,89.64629,2897.0647
-247.83522,81.84566,2892.606
-240.38593,73.9106,2886.4543
-224.93124,65.951965,2879.4644
-205.72565,60.511757,2876.7373
-191.31227,55.268158,2871.2607
-178.76694,55.09706,2864.1953
-131.6615,67.06802,2867.6401
-93.34749,72.141266,2867.3809
-59.32187,70.61254,2861.2021
-40.22538,68.7593,2852.88
-17.656954,60.97496,2848.332
3.1123276,51.17685,2843.7603
24.96574,34.0246,2840.3599
43.885437,27.671007,2832.4941
53.518436,23.10183,2820.558
83.18813,12.411717,2822.456
87.37753,-3.2739964,2823.499
87.42595,-17.575409,2831.9424
114.35188,-0.3322296,2841.854
127.37372,8.5539255,2851.031
135.51157,13.318148,2856.5215
144.26486,15.239679,2856.7856
153.4317,13.728751,2847.3691
158.52162,10.951028,2836.6475
161.92981,8.408297,2825.4712
168.2858,5.649069,2811.4932
180.69603,4.5317726,2798.5962
211.07224,-0.46121073,2767.9678
227.7641,-3.4327028,2735.3235
230.22299,2.0509024,2712.1753
227.10925,1.9791247,2685.2573
220.57236,3.0837822,2660.7944
214.47868,6.6755023,2637.0847
205.93033,8.434113,2609.8013
199.13925,15.710573,2584.126
183.63232,15.707043,2556.4287
169.33919,16.27826,2525.4568
154.40591,20.090797,2494.4814
139.43906,20.251804,2462.8662
124.962265,22.009731,2433.0366
108.53403,23.634644,2406.6592
91.4769,27.693954,2379.5264
75.462944,33.231026,2357.0088
57.506413,35.107452,2338.7654
42.285736,36.5461,2323.6729
27.383785,36.497757,2312.8574
12.398324,37.160534,2304.4114
-3.3706112,38.592743,2298.5874
-16.067146,40.283146,2296.021
-28.005405,47.89378,2293.5632
-37.955063,50.487846,2293.7717
-46.66436,50.916595,2295.1987
-55.96714,51.396835,2298.1602
-72.02231,51.73367,2277.6504
-68.59621,55.46776,2266.451
-66.96921,57.82975,2263.0244
-65.21023,61.78306,2264.0361
-64.25371,66.08883,2267.1191
-63.843277,69.42856,2267.2122
-62.640167,73.02355,2268.72
-64.15231,74.60315,2269.7065
-64.13228,76.90184,2270.999
-61.485703,77.6985,2271.0095
-58.62993,77.57205,2271.7961
-53.282402,78.02586,2266.001
-49.863846,79.32767,2262.0005
-43.1018,79.54965,2262.2007
-41.976067,76.99788,2263.5151
-38.31647,73.51938,2263.9526
-40.56346,70.93637,2261.5486
-39.379906,64.198975,2259.2532
-36.920425,59.747356,2260.4219
-40.741127,56.811676,2259.0745
-42.79454,54.766663,2261.6687
-46.957405,51.87677,2260.8188
-49.707527,48.88764,2250.9082
-51.586395,47.353172,2244.9822
-58.19779,46.24485,2235.901
-59.645252,44.58529,2230.552
-61.42353,41.430862,2225.8877
-59.48546,39.136158,2219.9238
-50.43416,38.934563,2210.7612
-42.518616,34.15086,2209.1567
-35.361656,31.352299,2211.0898
-28.781668,29.712868,2216.6416
-14.548878,30.929428,2230.9429
-6.2668657,30.864988,2245.5952
-5.352572,32.25675,2240.0374
-0.34783602,33.97613,2234.5708
-0.3734281,38.55014,2238.8325
2.0138936,40.136467,2248.254
0.9340302,38.90902,2259.891
-0.59069467,37.448814,2266.6548
-0.51763576,38.082558,2273.3013
-1.8614572,39.29982,2273.8696
-5.0000067,38.830193,2275.3057
-16.036493,38.311615,2282.6743
-24.358444,38.293385,2285.518
-32.451866,36.097755,2284.3027
-36.888123,35.90737,2281.8599
-40.276672,37.93805,2278.2217
-47.18693,39.90183,2277.0596
-51.99006,38.11084,2273.9604
-54.0065,36.677513,2267.243
-54.811905,34.757942,2260.5273
-56.02361,34.668182,2252.7715
-57.51117,34.96159,2246.4526
-51.43593,31.687674,2234.501
-49.031975,32.55945,2226.976
-44.646477,31.5037,2219.924
-42.41262,28.287283,2219.462
-40.034122,27.226307,2217.58
-35.9293,29.86459,2218.9744
-27.48785,25.859661,2219.646
-15.44869,23.921415,2221.3506
-0.38836575,20.755924,2224.7715
15.953461,18.157566,2231.102
29.30939,16.72893,2237.4875
45.931717,14.514489,2245.9375
66.69303,14.933277,2255.152
86.95494,13.0863,2264.6787
108.33128,11.331819,2276.4385
126.370125,5.0920115,2293.8408
144.63905,2.4128582,2309.738
163.81264,1.1670277,2324.0996
192.68542,1.3264892,2338.5063
214.60889,1.7050819,2352.4663
231.89017,-0.6278827,2363.6802
249.93997,-3.0368185,2377.8982
267.35626,-9.00632,2391.662
286.46643,-13.858282,2405.105
300.8919,-22.472248,2420.1245
319.16272,-27.190264,2434.354
337.92276,-32.6416,2446.5532
353.56982,-36.11216,2454.3457
376.39813,-39.86135,2465.8342
393.89453,-43.4901,2472.92
407.42038,-46.991386,2479.0293
418.9174,-51.72092,2485.162
428.30716,-56.264206,2488.7527
442.64014,-60.213287,2493.287
455.002,-62.882267,2495.4111
463.93073,-68.84426,2496.3071
466.36105,-79.77103,2502.3442
468.7826,-83.56058,2508.8782
478.24643,-89.744644,2514.397
487.18732,-94.02176,2517.7217
495.71298,-96.144424,2519.8828
494.328,-102.70069,2523.9917
499.60858,-107.635284,2527.56
503.03284,-115.291275,2529.2476
508.75385,-120.45325,2530.5518
513.9877,-128.78629,2530.13
518.88074,-134.82742,2529.355
524.44995,-141.55981,2529.0376
525.5233,-150.34087,2529.3955
525.91473,-157.69942,2533.4106
528.78644,-163.20943,2532.6372
529.46545,-174.35367,2530.234
531.7147,-184.64897,2529.962
536.3996,-192.02179,2526.7627
538.16943,-199.74603,2522.3765
540.21173,-210.81308,2518.3145
540.2036,-222.61305,2514.7146
539.94403,-232.67789,2511.4062
538.89355,-243.61713,2505.9795
536.9014,-252.78117,2502.532
534.2921,-263.03452,2497.2832
532.15356,-271.376,2493.358
529.72784,-280.19458,2486.7095
522.5359,-284.81622,2485.7183
516.3422,-290.5541,2483.416
506.2441,-294.37054,2480.624
499.9682,-296.8048,2476.9758
494.98932,-298.2082,2475.8071
486.5645,-301.85364,2472.42
478.138,-303.63956,2467.8801
479.4032,-304.19202,2468.754
475.43286,-305.0929,2466.4382
469.0536,-306.02472,2459.6924
465.52228,-306.68585,2456.4475
459.75922,-305.62012,2452.1558
452.85492,-305.69565,2447.0576
445.15875,-304.13147,2441.5151
438.5033,-304.4292,2437.545
430.6638,-301.7653,2432.743
425.1458,-303.14426,2427.6506
419.95987,-306.7906,2419.7915
414.3858,-306.53256,2413.1992
405.79834,-305.7741,2409.8608
394.74094,-304.28555,2409.85
387.364,-307.571,2405.1553
381.14062,-305.76996,2396.7776
374.43295,-305.92267,2392.5176
368.73444,-307.25937,2381.4727
361.1969,-303.42163,2372.3894
349.18842,-293.14056,2374.6375
340.0339,-280.69257,2377.975
334.60938,-274.33472,2366.736
337.28784,-262.20325,2356.5325
331.8207,-251.76767,2343.1543
320.8722,-236.80446,2342.9229
308.06998,-222.67818,2334.0386
292.3988,-205.8422,2326.7466
276.3842,-187.3815,2316.997
258.37482,-169.02145,2307.899
242.28062,-149.32874,2297.7646
225.20627,-128.68297,2290.4868
207.48741,-109.192314,2277.9314
188.25856,-87.88782,2261.1733
170.88516,-67.25965,2253.4993
151.09592,-46.31192,2239.0264
133.38045,-27.658375,2225.2651
115.88849,-9.437127,2210.3237
103.57956,7.08778,2202.1243
89.3835,22.588017,2189.495
76.39267,40.24963,2180.5195
62.65878,58.579147,2171.851
50.152767,78.13405,2164.1052
43.183147,93.21559,2158.7065
28.666338,115.314415,2153.2598
19.665047,133.64185,2149.3174
8.726633,153.02213,2144.9033
3.5714793,163.64862,2143.0352
-2.6444988,174.56305,2141.706
-5.2714014,186.51047,2142.4116
-7.366318,201.14127,2145.9468
-8.932349,201.35306,2150.2378
-12.998577,207.28198,2152.3374
-29.43707,203.85115,2170.1426
-36.775867,207.26437,2183.8691
-36.97998,208.30804,2190.7869
-35.238842,208.99005,2193.5432
-30.402443,206.56854,2198.622
-21.856407,202.81238,2205.5808
-11.751481,197.12827,2211.3604
-4.742876,192.11334,2215.0898
-1.7549117,189.63208,2229.078
-0.24898267,187.83484,2245.2368
2.8785644,181.75346,2264.4062
13.820106,172.6919,2285.4204
24.967203,163.11319,2299.0493
30.99461,152.05667,2328.1936
45.85765,140.69418,2349.1387
59.139095,123.19832,2362.7915
70.34602,110.13013,2377.662
80.5587,93.47611,2416.37
93.67283,77.86752,2433.8079
114.70026,60.988274,2445.6182
128.50967,43.72695,2445.081
145.1492,29.655678,2441.4385
157.19846,20.249954,2439.059
161.24033,6.629365,2437.5596
167.76971,-6.980461,2436.4253
175.85611,-16.364521,2436.2153
176.1377,-29.722866,2439.4885
193.04907,-39.082016,2472.1743
196.77406,-45.33207,2502.5703
185.56178,-48.760612,2548.859
177.79468,-54.55758,2583.2078
168.18744,-68.30789,2599.3213
160.25848,-73.5403,2609.984
162.28302,-81.91633,2612.1548
164.74857,-89.85245,2616.9177
162.80899,-97.554245,2633.9346
159.58218,-95.7765,2644.4666
153.91402,-84.88796,2655.6235
137.32468,-78.49867,2664.5825
128.33139,-77.18562,2686.0552
117.755035,-81.954025,2693.8552
116.35794,-75.61525,2706.3276
105.44502,-76.87207,2726.7822
93.51402,-73.84276,2738.5574
73.598656,-71.19756,2757.496
57.20576,-67.29872,2777.1626
40.565224,-64.879684,2797.5205
38.95174,-74.414825,2847.267
33.259323,-81.94594,2905.7065
26.5755,-81.12219,2923.9688
18.92641,-82.6551,2943.13
9.102856,-89.64717,2958.1743
2.7189748,-95.62798,2985.3853
1.729916,-100.14598,3012.388
-3.7497907,-98.63759,3036.1135
-4.0333986,-95.52859,3060.071
-5.905173,-91.599,3076.8167
-8.044248,-90.48219,3086.514
-8.551186,-90.18349,3098.0317
-16.011894,-86.201706,3101.1077
-20.021763,-85.46091,3102.0007
-23.477833,-88.781845,3100.7935
-29.90237,-90.33795,3098.484
-39.44999,-95.145386,3099.4229
-50.265556,-100.90862,3100.8884
-69.01723,-102.88347,3104.3855
-86.63698,-104.95487,3103.3203
-100.79203,-112.96707,3101.7888
-119.73805,-117.31749,3094.2988
-139.71008,-122.33837,3094.794
-161.53412,-119.78215,3078.832
-187.8109,-109.30622,3069.8552
-201.3696,-131.32736,3050.504
-215.3288,-147.74913,3031.9805
-241.14537,-143.96031,3020.5222
-255.67819,-163.25426,3003.5151
-270.2166,-158.42358,3000.0625
-300.2836,-150.69156,2993.1172
-312.57196,-140.76144,2987.0933
-318.53937,-145.4544,2976.6045
-343.5886,-140.80252,2967.8892
-363.10504,-138.12439,2955.0835
-371.76874,-132.42043,2949.4316
-392.60938,-113.61699,2955.8252
-400.42346,-109.05123,2960.04
-440.2376,-86.608215,2963.0278
-459.7016,-74.72062,2962.3328
-481.05664,-65.00446,2961.2197
-492.63916,-57.33088,2960.227
-502.95117,-50.662964,2962.3057
-524.5551,-44.101818,2953.8235
-537.98804,-40.29773,2946.5127
-551.04,-32.813324,2942.5337
-558.87286,-22.396954,2941.0034
-559.0655,-15.994073,2936.767
-561.8305,-9.069172,2939.7607
-559.2669,-7.9445558,2944.4202
-559.04565,-2.9708805,2948.088
-559.52106,4.184567,2944.6035
-570.0581,8.210399,2941.6147
-569.73505,10.184912,2946.8403
-555.2909,14.251673,2938.0496
-553.5164,20.14563,2939.6953
-550.7925,27.05817,2930.079
-554.1858,31.235113,2934.7751
-559.6935,34.883457,2938.2603
-567.08795,46.43865,2943.7383
-564.8141,52.256115,2948.1707
-561.26227,58.35353,2952.6543
-545.01605,60.896294,2950.7817
-541.95667,63.800564,2948.524
-536.71936,69.07943,2951.999
-528.89197,74.35927,2948.3706
-519.21497,77.62346,2948.7363
-513.36694,74.74637,2949.4727
-508.20605,81.035065,2947.4897
-498.17712,80.26422,2948.0469
-490.02728,77.56853,2948.8562
-476.6405,73.383575,2949.8457
-466.4816,74.06802,2959.3208
-456.20883,80.9731,2960.4622
-456.73615,85.9411,2975.3179
-446.82703,83.52899,2977.925
-438.69305,81.172485,2978.9648
-426.59344,75.14038,2980.772
-414.35516,68.25566,2983.4697
-406.96262,66.08542,2985.0527
-399.7749,65.81879,2992.5908
-392.4995,60.269943,2998.0354
-386.5229,60.743378,3002.3384
-381.45474,55.027164,3004.4736
-368.5422,52.91513,3004.1382
-358.98212,48.349808,3006.6187
-351.95715,37.102715,3004.3333
-343.40186,35.43509,3006.9014
-332.41437,35.77423,3010.9412
-325.8022,29.453842,3008.7302
-318.6588,25.422611,3010.1504
-313.60825,22.52451,3010.0464
-305.8388,18.358599,3008.6997
-298.2697,14.2253,3009.9502
-290.9416,13.817389,3009.5176
-291.37112,7.685449,3006.2454
-294.70972,3.7608578,3002.7617
-296.7365,1.2517279,3001.442
-293.93787,-2.3366437,3000.555
-293.49713,-1.4008083,3000.7148
-297.95514,2.5006168,2991.816
-302.79227,-0.14694071,2985.9785
-304.10144,-11.206414,2988.966
-310.1289,-19.978758,2987.8972
-311.50793,-27.889519,2985.7568
-315.59338,-39.168236,2986.6636
-298.4981,-53.967422,2991.6528
-292.00958,-65.01582,2986.7197
-294.64014,-84.53818,2998.4102
-302.08917,-103.23004,3011.2808
-302.17557,-118.37515,3012.4807
-298.7904,-128.57599,3010.2412
-297.95355,-137.81766,3011.709
-295.05142,-151.11295,3004.6516
-296.74463,-161.01025,3000.1208
-303.16473,-171.55676,2997.1453
-308.70334,-179.89337,2995.6584
-301.7707,-180.85052,2987.8818
-298.2194,-184.51834,2981.4482
-304.7646,-190.82465,2970.5286
-314.99875,-200.68538,2965.08
-319.30267,-209.24963,2960.4807
-323.96024,-215.75258,2955.086
-336.23822,-224.20332,2945.9675
-346.08813,-231.93115,2941.1638
-346.39258,-241.20216,2938.776
-340.3374,-232.36942,2931.8813
-341.2597,-239.71082,2939.6797
-346.4825,-255.94855,2959.5413
-351.0509,-268.5183,2968.7734
-357.7525,-275.94965,2970.0886
-366.1015,-281.3064,2970.3792
-372.38818,-290.06458,2969.8784
-374.29016,-292.604,2967.5728
-377.8584,-296.09332,2963.875
-383.37775,-299.9224,2956.1785
-389.7658,-302.40137,2954.5928
-394.76605,-320.2135,2940.7383
-405.2431,-325.23358,2937.4236
-406.216,-326.63962,2932.4897
-411.96545,-331.21716,2930.6196
-411.51544,-332.71298,2933.5942
-412.6261,-342.90793,2943.2612
-418.41907,-351.8877,2955.2856
-422.41736,-357.64294,2958.373
-426.13693,-357.2147,2960.7803
-422.199,-355.8851,2958.73
-423.6996,-357.40082,2951.7168
-415.76215,-354.37817,2939.3413
-416.5254,-352.38196,2935.5796
-433.02734,-355.54773,2946.9526
-425.2317,-352.18115,2960.4749
-421.8755,-346.40094,2969.5708
-422.79236,-336.40076,2974.9473
-423.09875,-332.9797,2982.3853
-422.41852,-332.65552,2981.8608
-412.3601,-312.1599,2985.7695
-412.76105,-286.55325,2987.7695
-406.22086,-275.28943,2989.2231
-403.47784,-265.41895,2990.617
-406.61035,-262.74103,2991.043
-405.72052,-242.61728,2998.7754
-404.16238,-237.14987,3003.548
-405.5537,-220.53168,3008.353
-408.4253,-210.83353,3011.5405
-411.2528,-207.88626,3018.9175
-409.57736,-208.07043,3016.0483
-413.33215,-200.59406,3013.835
-419.6499,-195.47986,3013.5952
-420.32062,-191.65968,3011.4058
-428.0936,-192.41315,3012.7178
-426.95917,-182.27248,3016.7341
-421.94495,-172.39465,3025.5542
-416.049,-162.8068,3029.4963
-414.2896,-153.11613,3032.709
-405.3205,-137.19333,3036.2979
-399.93884,-133.9593,3042.0334
-397.49585,-126.66243,3045.6882
-391.5351,-115.90744,3050.7512
-395.2583,-108.80598,3050.5327
-382.62616,-103.20592,3058.6448
-371.39508,-96.82886,3064.672
-374.2303,-100.958755,3059.0908
-363.4653,-93.60507,3063.3677
-352.67447,-92.08145,3065.9922
-342.5585,-86.29472,3072.6865
-332.04504,-79.4162,3078.3286
-321.63486,-74.21688,3083.0093
-320.69885,-68.24556,3077.163
-310.28412,-63.192394,3071.1602
-293.94507,-60.10654,3063.4229
-278.3467,-51.778152,3058.7793
-266.74786,-48.929184,3061.0579
-252.8209,-43.902336,3063.185
-239.2009,-39.457157,3065.0088
-231.48431,-35.52616,3066.2234
-223.48158,-32.958035,3068.261
-217.94876,-30.455448,3069.4014
-218.21147,-29.035566,3084.3735
-219.38126,-25.48463,3092.6184
-218.69212,-23.515774,3098.086
-218.48332,-21.229435,3100.191
-218.62555,-18.757267,3102.2798
-217.73532,-18.565022,3102.467
-216.63953,-17.642002,3102.97
-221.3987,-18.353676,3104.3506
-228.92451,-18.52449,3101.466
-234.8274,-18.826702,3099.3037
-244.057,-19.331572,3095.6567
-250.60445,-21.313938,3094.8909
-257.5124,-21.635754,3088.694
-265.903,-24.181446,3089.1826
-282.4442,-20.572311,3086.832
-290.4449,-22.815756,3084.1199
-301.8194,-28.996964,3079.8076
-309.25848,-32.48879,3074.1445
-315.4177,-38.45089,3067.745
-326.66296,-42.27867,3061.0469
-335.44104,-47.077904,3057.2388
-337.77197,-49.118286,3052.9666
-348.1596,-56.341934,3046.4102
-355.06195,-60.65815,3043.1035
-361.34705,-62.78474,3038.185
-366.8119,-69.098694,3033.252
-380.79462,-72.98038,3026.1108
-390.57947,-76.26918,3021.0015
-399.40396,-76.875854,3017.1816
-411.61316,-79.873,3007.98
-419.21198,-84.69851,3002.3164
-413.34454,-114.23775,2988.231
-420.46466,-122.09531,2981.803
-423.55902,-126.26846,2979.7615
-424.60223,-127.49967,2982.3262
-439.0711,-131.53175,2980.353
-444.6515,-135.69263,2979.9365
-448.07916,-140.33565,2978.204
-455.82123,-142.034,2971.4067
-460.64386,-145.40721,2967.1787
-462.80103,-152.62003,2963.494
-467.44464,-161.45093,2959.7407
-470.2971,-174.41757,2954.6423
-471.91895,-186.83655,2952.245
-472.18915,-195.74615,2952.0166
-470.17218,-206.07883,2951.0022
-467.5255,-217.64795,2952.6807
-461.47058,-233.43875,2953.7612
-458.88452,-244.63011,2955.6265
-454.55884,-251.95169,2960.4556
-449.4706,-264.80023,2961.0557
-447.51248,-270.6855,2964.1282
-448.22644,-278.7107,2963.0774
-450.03003,-288.91772,2960.9614
-450.11105,-296.94788,2962.1375
-449.88776,-302.7074,2960.0447
-446.36383,-312.74973,2959.9219
-443.7866,-321.25418,2958.5767
-457.23502,-331.50464,2955.1025
-467.70197,-338.89734,2948.0483
-473.65897,-345.13657,2939.6187
-477.44357,-352.11542,2935.7212
-474.77872,-356.30853,2933.8938
-467.01227,-359.01065,2931.9958
-462.64948,-361.11276,2929.915
-451.0946,-362.64368,2926.8594
-442.99573,-361.35556,2929.3118
-437.567,-353.6224,2933.355
-433.8205,-354.86465,2931.4873
-426.28412,-351.3255,2933.7634
-421.64642,-347.6051,2936.5928
-420.313,-346.7894,2936.5554
-426.5816,-345.07776,2935.2134
-431.34973,-340.06238,2934.008
-435.94446,-334.28955,2935.0225
-444.0229,-332.6789,2932.5693
-449.0763,-328.82025,2932.1238
-452.2256,-323.0583,2934.0972
-459.1966,-318.84595,2935.802
-460.27844,-313.47925,2947.1792
-455.67853,-311.16302,2949.9758
-457.16577,-306.37305,2950.7402
-462.49936,-303.80548,2949.4714
-459.5277,-300.0866,2952.1814
-455.03903,-296.17468,2952.083
-453.17117,-288.68515,2953.039
-453.0454,-285.91544,2948.699
-452.43207,-277.83847,2944.3494
-463.0877,-266.08856,2944.9229
-463.8525,-266.65808,2926.2021
-465.95813,-255.3099,2920.0374
-472.16895,-243.95401,2912.8657
-481.7422,-246.44946,2898.3616
-491.95724,-233.88753,2899.8691
-495.2868,-219.26315,2899.9658
-483.55493,-183.78996,2938.0679
-477.7516,-153.22818,2955.3342
-474.5448,-121.67239,2966.8098
-476.33856,-90.33387,2972.3572
-476.26276,-76.087616,2976.4153
-480.40643,-62.699223,2973.5908
-487.67117,-47.40206,2969.7256
-499.77728,1.9636154,2949.9805
-499.84396,35.65565,2940.6216
-502.3109,54.573387,2943.1123
-505.65222,66.78831,2938.8882
-505.3706,80.63774,2936.6646
-506.52283,89.20599,2927.6606
-504.2405,93.96051,2920.1987
-499.31464,97.012115,2914.133
-491.21216,102.41088,2904.7373
-478.80692,103.29114,2894.4106
-464.6618,99.54527,2884.0747
-453.38638,94.537674,2876.3472
-439.38208,93.57944,2861.7388
-423.7386,92.992065,2846.959
-404.5341,92.7115,2830.5088
-381.9579,89.94888,2817.3965
-362.37137,90.31412,2807.1094
-336.62244,95.72945,2793.9966
-318.12964,100.75354,2771.691
-293.0768,94.43362,2761.3677
-277.259,89.86301,2749.6921
-254.98068,81.70181,2743.6099
-224.69528,74.70611,2729.938
-200.93112,69.03716,2722.6973
-174.4277,57.84021,2709.6414
-148.95659,50.031593,2700.8438
-131.05548,38.693798,2683.1777
-126.66544,31.789747,2662.059
-117.2511,26.424812,2640.1636
-105.373566,17.646023,2623.4749
-89.26547,8.151923,2619.0442
-76.62459,1.3663616,2618.6685
-59.193493,-12.117788,2627.9023
-46.098675,-22.705914,2634.161
-29.218468,-30.689777,2635.7666
-16.064474,-39.749413,2635.6514
1.5087509,-49.995235,2637.308
18.874857,-55.813545,2630.6157
40.715435,-63.271435,2628.7222
54.37848,-71.13358,2591.108
79.72509,-81.83916,2576.703
93.543686,-86.9881,2564.0693
104.53456,-93.35881,2555.018
116.13808,-98.530754,2548.668
129.36676,-103.668274,2542.793
138.78575,-107.783424,2539.6316
144.68768,-111.51553,2539.8574
145.8284,-115.92842,2539.0205
153.33762,-126.81148,2537.1992
160.723,-136.33194,2535.2031
169.4675,-138.20432,2536.569
170.9408,-140.58548,2542.1812
170.97034,-142.61255,2547.7827
171.36845,-151.0961,2553.5188
170.2128,-156.24121,2557.648
172.23369,-162.12366,2560.8145
177.36119,-166.85742,2566.3052
176.84557,-167.91583,2570.505
176.21524,-169.92313,2572.211
175.02475,-171.935,2571.6301
173.3747,-169.38812,2565.572
171.36058,-166.88734,2563.1514
169.65924,-167.73505,2561.0342
167.08496,-166.40384,2559.9302
162.5932,-165.64034,2556.9653
156.86316,-162.93167,2553.9805
149.67871,-160.65274,2550.3125
138.77785,-159.56265,2543.2432
116.164635,-161.13434,2552.9487
95.709274,-159.92572,2552.4001
73.2882,-158.7367,2549.976
56.48239,-151.08914,2558.71
46.901318,-144.8394,2569.9565
38.3273,-139.048,2583.268
34.862,-133.34395,2593.038
27.838936,-130.99648,2599.2397
18.134457,-130.46106,2600.4263
14.532049,-127.47784,2608.5867
-3.3980713,-127.46413,2606.1218
-14.573423,-123.364,2615.0432
-24.825207,-117.57841,2630.2437
-33.348328,-115.175385,2648.5303
-39.42649,-112.29189,2670.0579
-51.121284,-110.49861,2704.112
-62.1806,-110.86339,2726.9336
-71.88473,-110.78146,2754.843
-82.25977,-112.326164,2777.5015
-92.46326,-111.87391,2796.7827
-113.54868,-109.570694,2808.7168
-127.189926,-109.74492,2819.585
-149.98807,-104.264366,2827.2744
-175.38725,-99.87294,2832.4832
-198.63374,-93.982315,2841.448
-222.72833,-91.44873,2854.5054
-243.8513,-85.106926,2873.3372
-260.9369,-81.80661,2898.087
-280.5763,-76.89998,2918.8809
-304.7987,-72.70755,2939.708
-327.07556,-68.46132,2956.193
-346.34836,-64.1756,2974.7065
-364.58087,-61.633167,2995.143
-382.33362,-58.369583,3011.082
-397.752,-56.674873,3024.7686
-416.71277,-55.404472,3035.3232
-430.961,-53.980667,3045.6714
-443.96063,-51.30438,3052.9297
-456.4184,-47.52416,3062.8813
-467.878,-49.77871,3070.9907
-478.21564,-55.075356,3082.0977
-486.27307,-56.006184,3087.5327
-495.74606,-62.47628,3094.4019
-508.15613,-62.619392,3105.9155
-516.58716,-62.55126,3118.7039
-517.9378,-61.91097,3129.1943
-523.10876,-66.25738,3138.2754
-524.6861,-67.54004,3141.8245
-525.2134,-63.15805,3148.2007
-526.5414,-60.790028,3152.2878
-527.9617,-62.956665,3154.978
-529.7686,-65.95003,3156.0085
-530.5193,-63.364532,3156.2407
-529.4375,-66.231995,3154.489
-527.7919,-69.66369,3152.9683
-527.2796,-72.1122,3144.1042
-529.6041,-74.37085,3138.5005
-526.05615,-76.800385,3130.7078
-519.7732,-76.60188,3124.4211
-515.5197,-74.22491,3119.3765
-509.85333,-73.7537,3112.1426
-502.91608,-71.32463,3103.7708
-494.04163,-66.70645,3089.309
-481.93832,-59.55342,3080.3162
-470.36548,-52.7595,3065.5222
-459.03088,-39.021084,3050.7485
-441.60205,-32.53285,3037.1165
-424.16437,-25.968119,3031.5469
-396.42654,-15.277164,3018.0269
-366.78845,-7.6278114,2995.1875
-336.18018,1.3157148,2973.3718
-314.01154,9.103577,2950.6858
-287.06473,19.321262,2926.7212
-264.53784,29.981316,2901.7024
-242.24925,42.819958,2878.4014
-225.25105,53.785896,2852.5706
-211.59872,64.8065,2828.059
-199.85156,68.7913,2806.4868
-194.01367,73.37511,2787.3833
-188.93422,73.03403,2771.3755
-183.74452,74.00343,2758.3425
-178.41345,73.953224,2749.502
-174.89581,71.881615,2742.6455
-173.2522,70.33078,2739.2734
-173.33752,67.81413,2738.0664
-172.0738,63.510742,2737.691
-172.44151,57.962215,2737.372
-172.62892,51.312275,2737.6943
-172.51865,43.448986,2736.9873
-172.92195,38.958946,2737.723
-171.83261,35.761444,2740.4365
-169.10345,31.900562,2741.668
-164.3735,27.917042,2743.5352
-160.46442,26.556305,2743.4744
-152.9913,24.091805,2738.031
-149.71606,19.027245,2736.687
-147.30426,15.525709,2738.371
-140.27509,6.339593,2746.6504
-129.66473,-0.44316196,2752.6973
-121.31485,-3.1624522,2758.1003
-113.38329,-6.5361814,2759.6626
-105.266205,-11.806124,2757.5562
-96.48277,-25.080677,2753.2466
-83.40741,-33.311985,2736.7114
-75.67421,-40.72322,2726.354
-66.42143,-43.95282,2716.4258
-63.368195,-45.801533,2718.1565
-65.81503,-46.356445,2714.9326
-66.880974,-42.681366,2714.127
-72.927,-44.882744,2721.8357
-78.385155,-43.95642,2725.6724
-87.19064,-49.733383,2728.7856
-102.28903,-47.78746,2729.852
-111.25644,-47.242737,2726.4482
-118.70143,-53.577206,2720.5713
-126.88827,-62.93306,2719.2102
-123.95044,-50.332413,2719.2537
-121.40608,-43.847923,2716.3428
-120.62662,-42.599144,2712.7534
-117.444244,-41.01976,2704.9092
-115.676575,-42.35759,2695.025
-114.72181,-42.68209,2687.879
-111.58528,-42.577095,2684.128
-108.30232,-42.55903,2680.559
-100.97539,-45.140236,2679.308
-89.317986,-48.36798,2685.3062
-83.63105,-49.09661,2688.7068
-84.37465,-53.403717,2688.268
-87.398705,-57.44216,2688.7246
-90.05809,-60.182594,2694.6416
-94.690765,-61.16503,2699.5051
-100.04776,-62.490692,2708.607
-107.81299,-61.290504,2720.3945
-116.62492,-61.169586,2733.0461
-128.53482,-61.924946,2747.1665
-142.61856,-61.583923,2765.3083
-157.94473,-58.304886,2785.5686
-174.36118,-56.73799,2803.2239
-192.63065,-51.052925,2822.936
-209.65094,-47.789696,2842.747
-228.70097,-45.855076,2859.5977
-247.92136,-42.449814,2880.0762
-266.9901,-41.406357,2901.3237
-284.891,-36.87478,2910.707
-303.4376,-34.048172,2923.808
-318.7802,-25.668694,2937.1548
-333.1717,-14.645707,2945.641
-343.14478,-16.68055,2954.6992
-355.21265,-19.774113,2965.4092
-385.8286,-26.445265,2989.4487
-403.3805,-32.065876,3009.0996
-414.6896,-35.975815,3025.9155
-424.22583,-39.343018,3038.3955
-428.40637,-40.69729,3048.7227
-428.81055,-41.76661,3053.949
-429.7921,-41.718586,3061.7153
-428.53403,-46.93762,3065.6958
-427.93127,-49.526825,3067.808
-424.5549,-48.52005,3069.2932
-418.53223,-49.38749,3069.437
-411.7864,-46.466095,3068.2354
-407.36432,-40.92903,3068.849
-399.98032,-38.67575,3062.391
-387.11182,-33.5326,3056.079
-373.08987,-30.03706,3048.6045
-359.22028,-24.408607,3042.993
-343.47095,-14.943205,3037.5723
-321.00305,-3.6964564,3029.5852
-299.2846,5.993638,3019.252
-272.9312,15.88796,3005.1567
-247.7869,27.536865,2991.0723
-217.43549,33.386845,2970.5337
-191.4572,45.555695,2950.2183
-163.24548,53.61432,2930.3218
-139.7706,63.863247,2908.8574
-98.75267,70.139084,2889.6042
-59.58081,79.61331,2868.974
-32.096455,87.58453,2847.05
-12.70271,93.97731,2831.603
6.6813107,101.07175,2811.5156
18.956207,106.63969,2796.5583
21.020477,110.34781,2770.2544
26.207287,111.41112,2746.621
26.693817,113.284454,2724.309
18.33302,115.907455,2703.7715
13.298714,120.84557,2686.44
11.232672,123.901115,2674.0684
7.964365,128.23204,2666.4263
5.1526976,132.60516,2658.629
2.8451605,135.8924,2653.3696
1.0259572,138.24597,2644.7734
-1.3847601,142.71536,2639.3179
-0.5980246,146.18184,2633.0547
-0.530934,145.29062,2627.1511
0.34574127,145.8169,2623.086
2.3051686,146.5185,2616.9136
6.060853,148.2911,2609.5808
10.775927,152.89084,2601.4663
13.452783,153.91771,2591.022
16.459639,154.78261,2582.2168
19.013363,157.24973,2569.7173
26.839243,159.4288,2555.1714
35.501064,162.1919,2540.018
43.61965,160.58804,2526.6514
55.001175,160.90361,2510.0076
57.57145,162.7746,2487.4487
63.16586,161.41055,2468.6077
73.88153,160.19159,2448.044
82.012085,137.8172,2419.1355
95.14928,112.90596,2399.9294
103.40282,98.379776,2384.5337
107.29952,85.76405,2361.6812
114.31809,69.173965,2353.024
130.44069,78.34102,2352.2832
132.47906,77.28508,2346.8735
133.65494,65.18472,2342.0967
134.99377,50.5428,2333.745
133.83105,30.196213,2321.4185
136.90532,7.476453,2314.124
139.62723,-12.791136,2302.0586
144.50864,-37.234734,2281.4194
145.50331,-59.21589,2268.0315
136.03221,-74.968666,2251.8452
144.91653,-87.39682,2243.35
153.19247,-94.85998,2239.9658
158.00812,-97.83705,2238.3518
161.24059,-105.93996,2235.579
154.6076,-116.81085,2227.393
148.31116,-130.65082,2216.892
134.6518,-143.7279,2205.5679
117.90377,-161.01959,2193.4724
97.60252,-181.21062,2178.617
71.19158,-201.36258,2167.7979
54.407463,-214.72394,2161.1748
41.545876,-231.42957,2157.024
30.582195,-245.16612,2150.3828
24.782818,-258.53543,2145.4976
18.915188,-266.24673,2139.689
11.30246,-274.6136,2130.308
1.4688578,-285.6018,2120.9397
-6.5367517,-296.22754,2111.0464
-13.825468,-305.1999,2102.9385
-18.114136,-311.72083,2096.0156
-22.771278,-319.7902,2086.0352
-26.748821,-325.94464,2079.3057
-30.808283,-327.86295,2070.0857
-35.516777,-329.49536,2062.12
-38.301174,-330.00146,2054.6562
-41.468212,-328.73938,2044.3577
-42.838615,-324.67566,2035.0092
-45.43297,-323.91595,2025.271
-47.881577,-320.5973,2016.7832
-52.484444,-316.74884,2009.7462
-55.45513,-310.49512,2005.5109
-53.54136,-301.45255,2004.3259
-48.97856,-287.5011,2009.9061
-52.231644,-277.21283,2004.9863
-56.20862,-264.73737,1998.0334
-63.035507,-252.40706,1991.6902
-68.61596,-240.72116,1986.6243
-72.58226,-231.20648,1983.0023
-76.186874,-222.05655,1979.3206
-77.650635,-215.19058,1976.0693
-77.40659,-208.99258,1976.3767
-75.00179,-206.11858,1977.2031
-72.66754,-208.96791,1975.8037
-72.35144,-211.40387,1976.0896
-79.81728,-221.116,1978.4846
-78.52223,-229.29129,1988.728
-77.06094,-238.16632,1998.1517
-81.85826,-249.19737,2002.5012
-87.21672,-262.229,2006.633
-101.957535,-265.9151,2013.0663
-111.6077,-269.4942,2019.7698
-115.9534,-273.49753,2023.2697
-114.402084,-280.89984,2027.4585
-109.56613,-287.63416,2030.4681
-99.38837,-293.0058,2033.5144
-94.55139,-295.33502,2032.303
-88.81149,-295.60608,2029.1018
-78.30672,-292.3877,2031.3816
-67.1396,-288.1077,2031.2329
-57.790237,-284.4334,2023.9902
-42.27955,-275.76987,2026.8445
-24.557318,-267.4723,2018.6809
-9.967419,-253.646,2022.9435
1.1346197,-236.38095,2033.8965
12.519304,-218.11429,2045.2273
26.98618,-198.29391,2053.2915
36.519314,-176.29,2061.9556
43.189907,-154.77618,2070.4978
51.562424,-133.80534,2074.941
56.678017,-113.85857,2080.3154
62.390053,-92.34924,2084.794
64.51982,-73.65167,2084.6406
67.08232,-54.32419,2086.5706
70.016846,-41.011894,2087.0076
69.38568,-28.290726,2085.6387
66.9491,-18.328365,2084.608
65.99176,-7.8115454,2083.5024
62.657215,-2.5795388,2081.3196
57.226624,-0.69618165,2079.06
55.025547,-0.88857776,2075.9731
53.706047,-7.7793674,2072.9487
52.923973,-16.891193,2071.627
50.029816,-26.315311,2080.2656
47.792126,-36.10186,2083.7104
46.569866,-46.69393,2087.9795
48.74547,-59.6138,2092.2017
46.378433,-70.438034,2093.1006
43.126453,-82.078964,2094.0918
39.17586,-92.58819,2090.1736
32.28009,-102.31438,2088.6072
24.406815,-108.22841,2084.8213
18.98118,-112.604645,2080.4412
12.778757,-122.51832,2070.7534
4.470692,-128.53915,2061.9236
-4.853735,-134.77576,2050.3176
-20.418827,-140.35194,2039.6315
-36.053185,-144.68422,2030.5186
-54.45332,-148.25891,2020.8118
-71.82583,-154.36969,2011.7285
-88.22496,-156.76993,1996.459
-103.72856,-160.33896,1987.3298
-118.56467,-163.79608,1976.1562
-134.24406,-165.41199,1967.1886
-150.59967,-167.7189,1957.3029
-163.77249,-168.56244,1949.9712
-174.15926,-171.69717,1941.8223
-186.68857,-174.28613,1937.6978
-200.02985,-176.96803,1934.8164
-211.6459,-177.28284,1933.0901
-217.51544,-179.15408,1931.8228
-216.48679,-180.18643,1932.5789
-222.23172,-182.15546,1932.7354
-219.74026,-185.14665,1940.7777
-216.7793,-187.65533,1948.8312
-207.77423,-188.51627,1959.1609
-202.15292,-191.86612,1963.9395
-195.72504,-196.12622,1972.2552
-190.6477,-200.83029,1976.5393
-184.73627,-206.2656,1979.4441
-176.49129,-210.19452,1982.7004
-167.63419,-214.79317,1983.3682
-152.62492,-218.78232,1989.0457
-141.93742,-223.80728,1990.5276
-132.67918,-228.55222,1992.3755
-128.69221,-233.30783,1993.3213
-127.43991,-235.27585,1993.3328
-128.68663,-237.11679,1992.6099
-125.21831,-237.71628,1993.2307
-126.24902,-239.81741,1993.1609
-127.70907,-241.81601,1991.0106
-133.06868,-241.99123,1989.8036
-140.2148,-240.43008,1985.2245
-148.207,-240.52087,1976.9646
-161.1922,-236.3086,1969.7805
-174.86856,-229.26825,1960.5516
-190.87674,-220.28781,1952.262
-204.7034,-207.35092,1940.7479
-216.48553,-189.8889,1930.0796
-232.49222,-168.00085,1920.647
-248.11159,-145.72746,1913.3999
-263.7239,-119.36214,1906.0107
-282.93216,-92.3339,1902.342
-300.28845,-65.81256,1895.7305
-327.1614,-35.921654,1888.22
-348.8118,-8.256498,1885.0654
-369.04782,17.819347,1876.3359
-386.6592,45.11251,1873.4106
-407.664,70.88003,1872.478
-422.6554,93.19095,1872.0481
-435.35754,109.71727,1869.4685
-449.90506,128.49445,1864.2831
-459.69202,143.67166,1861.1708
-465.7917,154.50592,1860.1309
-473.02942,161.36664,1857.3435
-481.99005,167.76941,1854.4849
-491.39343,171.85342,1851.929
-501.61746,172.47562,1849.8606
-510.2928,173.62885,1847.7202
-515.0908,171.70914,1847.8159
-519.6256,166.79861,1848.3485
-524.7976,161.11499,1848.313
-527.266,153.80534,1849.3474
-530.1582,145.31496,1849.2688
-531.39264,138.32632,1851.4786
-530.7037,129.98517,1853.5823
-528.22894,123.049866,1857.8552
-527.51355,112.39695,1859.8248
-526.7101,100.55331,1860.3364
-522.2202,90.27539,1864.9902
-518.7751,79.56691,1866.9556
-515.4415,67.44477,1869.7509
-509.60986,58.187824,1874.9388
-501.1812,49.708496,1878.596
-491.6117,38.945644,1886.5205
-480.90894,31.545444,1889.1106
-463.3288,21.786312,1891.1702
-448.69937,7.936998,1885.4106
-435.05786,-2.733862,1878.8735
-423.12653,-13.217969,1873.4834
-410.3246,-20.733791,1869.7152
-395.24622,-29.963034,1872.0747
-381.75494,-38.952003,1871.3037
-368.58337,-45.92841,1870.9646
-351.55627,-50.99459,1873.0425
-332.00574,-56.72867,1876.2983
-311.50537,-63.04999,1875.7908
-288.8676,-66.64953,1875.6873
-267.53464,-72.25624,1871.9507
-244.95888,-77.60507,1867.0914
-384.6684,132.16525,1980.9724
-379.02167,130.51636,1983.687
-370.45233,128.6102,1987.4285
-363.1292,127.105095,1992.1833
-359.00504,129.31822,1999.908
-353.01172,128.73111,2006.905
-343.05707,129.13179,2015.2684
-333.65527,128.23625,2025.8909
-314.42535,125.15134,2036.8059
-299.88254,129.4273,2048.919
-285.0805,130.22281,2061.0015
-260.73816,127.70387,2076.9512
-247.32524,129.15286,2093.013
-236.26537,125.88757,2107.0608
-224.74155,123.75483,2120.9995
-208.8252,123.768135,2138.5154
-198.33035,123.06474,2151.5269
-189.42307,121.661545,2162.9785
-179.70155,119.05006,2175.5762
-171.15198,112.445305,2184.7798
-157.07382,108.59793,2195.8157
-147.25517,106.87538,2205.48
-137.62259,105.242386,2211.9292
-129.84991,103.92729,2218.2217
-121.46936,105.022095,2228.7998
-110.99463,106.72268,2236.2695
-104.87488,105.224335,2237.6675
-95.56321,107.65905,2242.8857
-87.677826,106.81152,2248.2148
-79.06552,106.54237,2251.0576
-71.8887,105.08276,2248.2026
-66.17032,103.52557,2245.3372
-57.877914,102.08614,2242.5088
-51.29898,104.13809,2239.9167
-45.591667,107.92821,2236.1387
-42.31334,109.30768,2229.5164
-35.86898,108.01407,2219.3975
-28.02747,111.44505,2211.1104
-20.860353,112.06826,2197.4597
-12.698813,112.04851,2185.397
-5.627244,109.59691,2169.2417
4.1258593,107.74414,2153.6099
15.391344,104.6209,2136.6294
26.750626,104.82094,2118.076
38.479816,105.946396,2103.7244
51.59646,108.01822,2083.9897
65.22403,113.05359,2063.2112
76.053215,118.027695,2040.8042
86.75139,120.43514,2016.7019
92.32333,123.13461,1993.5297
100.36694,125.84855,1971.5137
106.56337,128.36606,1950.696
111.43875,127.62634,1930.1725
116.93744,130.3464,1913.2161
120.704216,130.13495,1896.2686
127.95465,133.62463,1884.8655
134.24927,135.01236,1870.1233
139.59549,135.16934,1857.7776
145.02333,135.00247,1845.5588
148.52686,134.62848,1832.3209
155.35718,134.22516,1820.5238
160.26904,133.41122,1811.1841
169.86157,130.44745,1800.7869
178.28558,129.04,1791.5321
188.70789,125.65527,1781.4198
198.56938,125.162476,1771.3628
212.00298,126.45831,1760.7427
224.62704,123.66552,1749.4216
239.64532,121.996445,1738.8035
258.30255,118.79248,1727.4341
277.66895,117.93335,1715.0796
297.0594,115.202385,1703.3743
315.9872,110.77428,1691.6279
341.48825,108.58772,1680.2234
364.32983,110.55108,1670.5029
387.28622,112.783424,1660.468
414.5864,121.142715,1651.0168
439.17645,126.415,1640.9487
465.57166,129.16626,1632.3057
491.94144,130.69662,1624.8076
516.7403,130.64955,1617.2993
543.30725,132.36052,1609.5325
571.2063,129.77464,1599.278
596.3544,128.52654,1589.4158
614.9606,119.99359,1582.2461
627.19604,125.59488,1577.84
638.1095,119.86878,1563.5178
650.0262,114.475395,1553.5188
661.5397,110.14436,1541.2687
672.49,105.583984,1526.7461
675.1572,100.12256,1508.9417
681.08514,94.2893,1489.192
685.81696,86.94235,1468.5483
690.5768,127.505554,1445.9369
690.979,154.50642,1430.4863
685.32874,172.35278,1411.7573
675.28687,177.0274,1388.3484
665.6577,178.76729,1365.8147
654.8522,178.39581,1344.5703
650.79895,133.50635,1322.238
640.08594,85.28325,1298.4155
625.0487,53.55893,1272.749
620.0505,26.965055,1233.4197
626.51025,14.727461,1175.4062
624.7875,13.675211,1138.7097
622.74207,7.869025,1117.2058
621.71936,4.965933,1106.4539
621.208,3.5143862,1101.0779
620.95233,2.7886128,1098.3899
620.82446,2.4257264,1097.0459
620.76056,2.2442832,1096.3739
620.72864,2.1535616,1096.0378
620.71265,2.1082006,1095.8699
620.70465,2.0855203,1095.7859
620.7007,2.0741801,1095.7439
620.69867,2.06851,1095.7229
620.69763,2.0656748,1095.7124
620.69714,2.0642571,1095.7072
620.6969,2.0635486,1095.7046
620.6968,2.0631943,1095.7032
620.6967,2.063017,1095.7026
620.69666,2.0629282,1095.7023
620.69666,2.0628839,1095.7021
620.69666,2.062862,1095.702
620.69666,2.062851,1095.7019
620.69666,2.0628452,1095.7019
620.69666,2.0628424,1095.7019
620.69666,2.062841,1095.7019
620.69666,2.0628405,1095.7019
620.69666,2.06284,1095.7019
620.69666,2.06284,1095.7019
620.69666,2.06284,1095.7019
620.69666,2.06284,1095.7019
620.69666,2.06284,1095.7019
620.69666,2.06284,1095.7019
620.69666,2.06284,1095.7019
620.69666,2.06284,1095.7019
620.69666,2.06284,1095.7019
620.69666,2.06284,1095.7019
620.69666,2.06284,1095.7019
620.69666,2.06284,1095.7019
620.69666,2.06284,1095.7019
620.69666,2.06284,1095.7019
620.69666,2.06284,1095.7019
620.69666,2.06284,1095.7019
620.69666,2.06284,1095.7019
620.69666,2.06284,1095.7019
620.69666,2.06284,1095.7019
620.69666,2.06284,1095.7019
620.69666,2.06284,1095.7019
620.69666,2.06284,1095.7019
620.69666,2.06284,1095.7019
620.69666,2.06284,1095.7019
620.69666,2.06284,1095.7019
620.69666,2.06284,1095.7019
620.69666,2.06284,1095.7019
620.69666,2.06284,1095.7019
620.69666,2.06284,1095.7019
620.69666,2.06284,1095.7019
620.69666,2.06284,1095.7019
620.69666,2.06284,1095.7019
620.69666,2.06284,1095.7019
620.69666,2.06284,1095.7019
620.69666,2.06284,1095.7019
620.69666,2.06284,1095.7019
620.69666,2.06284,1095.7019
620.69666,2.06284,1095.7019
620.69666,2.06284,1095.7019
620.69666,2.06284,1095.7019
620.69666,2.06284,1095.7019
620.69666,2.06284,1095.7019
620.69666,2.06284,1095.7019
620.69666,2.06284,1095.7019
620.69666,2.06284,1095.7019
620.69666,2.06284,1095.7019
620.69666,2.06284,1095.7019
620.69666,2.06284,1095.7019
620.69666,2.06284,1095.7019
620.69666,2.06284,1095.7019
620.69666,2.06284,1095.7019
620.69666,2.06284,1095.7019
620.69666,2.06284,1095.7019
620.69666,2.06284,1095.7019
620.69666,2.06284,1095.7019
620.69666,2.06284,1095.7019
620.69666,2.06284,1095.7019
620.69666,2.06284,1095.7019
620.69666,2.06284,1095.7019
620.69666,2.06284,1095.7019
620.69666,2.06284,1095.7019
620.69666,2.06284,1095.7019
620.69666,2.06284,1095.7019
620.69666,2.06284,1095.7019
620.69666,2.06284,1095.7019
620.69666,2.06284,1095.7019
490.3107,152.07555,935.64496
303.80453,221.56317,893.51843
202.62323,249.34868,853.9861
183.42062,268.73883,834.51135
173.81932,278.4339,824.774
169.01868,283.28143,819.9053
166.61835,285.7052,817.47095
165.41818,286.91708,816.2538
164.8181,287.523,815.6452
186.51402,187.83807,793.6571
223.68472,77.17789,796.6306
242.27007,21.847797,798.1174
251.56274,-5.8172455,798.8607
256.20908,-19.649767,799.2324
258.53223,-26.566029,799.4183
259.69382,-30.024158,799.5112
250.91211,1.2609844,749.4352
246.52124,16.903557,724.3971
244.3258,24.724842,711.87805
243.22809,28.635485,705.6185
242.67923,30.590805,702.4888
242.40482,31.568466,700.92395
242.26761,32.057297,700.1415
242.199,32.301712,699.75024
242.1647,32.42392,699.5547
242.14755,32.485023,699.4569
333.55005,171.214,726.59863
379.25128,240.57852,740.1695
402.10187,275.26077,746.95496
413.52716,292.6019,750.34766
439.682,308.35434,821.69183
452.7594,316.23053,857.3639
502.6114,319.94562,888.0582
527.53735,321.80316,903.4054
540.00037,322.73193,911.079
546.2319,323.1963,914.9158
549.34766,323.42847,916.8341
550.9055,323.54456,917.79333
551.68445,323.6026,918.27295
552.0739,323.63165,918.5127
552.2687,323.64618,918.63257
552.366,323.65344,918.6925
552.4147,323.65704,918.72253
552.439,323.65887,918.73755
552.4512,323.6598,918.745
552.4573,323.66022,918.7488
552.4603,323.66046,918.7506
552.46185,323.66058,918.7516
552.46265,323.66064,918.7521
552.463,323.66064,918.7523
552.4632,323.66064,918.75244
552.46326,323.66064,918.75244
552.4633,323.66064,918.75244
552.4634,323.66064,918.75244
552.4634,323.66064,918.75244
552.4634,323.66064,918.75244
552.4634,323.66064,918.75244
552.4634,323.66064,918.75244
552.4634,323.66064,918.75244
552.4634,323.66064,918.75244
552.4634,323.66064,918.75244
552.4634,323.66064,918.75244
552.4634,323.66064,918.75244
552.4634,323.66064,918.75244
552.4634,323.66064,918.75244
552.4634,323.66064,918.75244
552.4634,323.66064,918.75244
552.4634,323.66064,918.75244
552.4634,323.66064,918.75244
552.4634,323.66064,918.75244
552.4634,323.66064,918.75244
552.4634,323.66064,918.75244
552.4634,323.66064,918.75244
552.4634,323.66064,918.75244
552.4634,323.66064,918.75244
552.4634,323.66064,918.75244
552.4634,323.66064,918.75244
552.4634,323.66064,918.75244
552.4634,323.66064,918.75244
552.4634,323.66064,918.75244
552.4634,323.66064,918.75244
552.4634,323.66064,918.75244
552.4634,323.66064,918.75244
552.4634,323.66064,918.75244
552.4634,323.66064,918.75244
552.4634,323.66064,918.75244
552.4634,323.66064,918.75244
552.4634,323.66064,918.75244
552.4634,323.66064,918.75244
552.4634,323.66064,918.75244
552.4634,323.66064,918.75244
552.4634,323.66064,918.75244
552.4634,323.66064,918.75244
552.4634,323.66064,918.75244
552.4634,323.66064,918.75244
552.4634,323.66064,918.75244
552.4634,323.66064,918.75244
552.4634,323.66064,918.75244
552.4634,323.66064,918.75244
552.4634,323.66064,918.75244
552.4634,323.66064,918.75244
552.4634,323.66064,918.75244
552.4634,323.66064,918.75244
552.4634,323.66064,918.75244
552.4634,323.66064,918.75244
552.4634,323.66064,918.75244
552.4634,323.66064,918.75244
552.4634,323.66064,918.75244
552.4634,323.66064,918.75244
552.4634,323.66064,918.75244
552.4634,323.66064,918.75244
552.4634,323.66064,918.75244
552.4634,323.66064,918.75244
552.4634,323.66064,918.75244
552.4634,323.66064,918.75244
552.4634,323.66064,918.75244
552.4634,323.66064,918.75244
552.4634,323.66064,918.75244
552.4634,323.66064,918.75244
552.4634,323.66064,918.75244
552.4634,323.66064,918.75244
552.4634,323.66064,918.75244
552.4634,323.66064,918.75244
552.4634,323.66064,918.75244
552.4634,323.66064,918.75244
552.4634,323.66064,918.75244
552.4634,323.66064,918.75244
552.4634,323.66064,918.75244
552.4634,323.66064,918.75244
552.4634,323.66064,918.75244
552.4634,323.66064,918.75244
552.4634,323.66064,918.75244
552.4634,323.66064,918.75244
552.4634,323.66064,918.75244
552.4634,323.66064,918.75244
552.4634,323.66064,918.75244
552.4634,323.66064,918.75244
552.4634,323.66064,918.75244
552.4634,323.66064,918.75244
552.4634,323.66064,918.75244
552.4634,323.66064,918.75244
552.4634,323.66064,918.75244
552.4634,323.66064,918.75244
552.4634,323.66064,918.75244
552.4634,323.66064,918.75244
552.4634,323.66064,918.75244
552.4634,323.66064,918.75244
552.4634,323.66064,918.75244
552.4634,323.66064,918.75244
552.4634,323.66064,918.75244
552.4634,323.66064,918.75244
552.4634,323.66064,918.75244
552.4634,323.66064,918.75244
552.4634,323.66064,918.75244
552.4634,323.66064,918.75244
552.4634,323.66064,918.75244
552.4634,323.66064,918.75244
552.4634,323.66064,918.75244
552.4634,323.66064,918.75244
552.4634,323.66064,918.75244
552.4634,323.66064,918.75244
552.4634,323.66064,918.75244
552.4634,323.66064,918.75244
552.4634,323.66064,918.75244
552.4634,323.66064,918.75244
552.4634,323.66064,918.75244
552.4634,323.66064,918.75244
552.4634,323.66064,918.75244
552.4634,323.66064,918.75244
552.4634,323.66064,918.75244
552.4634,323.66064,918.75244
552.4634,323.66064,918.75244
552.4634,323.66064,918.75244
552.4634,323.66064,918.75244
552.4634,323.66064,918.75244
552.4634,323.66064,918.75244
552.4634,323.66064,918.75244
552.4634,323.66064,918.75244
552.4634,323.66064,918.75244
552.4634,323.66064,918.75244
552.4634,323.66064,918.75244
552.4634,323.66064,918.75244
552.4634,323.66064,918.75244
552.4634,323.66064,918.75244
552.4634,323.66064,918.75244
552.4634,323.66064,918.75244
552.4634,323.66064,918.75244
552.4634,323.66064,918.75244
552.4634,323.66064,918.75244
552.4634,323.66064,918.75244
552.4634,323.66064,918.75244
552.4634,323.66064,918.75244
552.4634,323.66064,918.75244
552.4634,323.66064,918.75244
552.4634,323.66064,918.75244
552.4634,323.66064,918.75244
552.4634,323.66064,918.75244
552.4634,323.66064,918.75244
552.4634,323.66064,918.75244
552.4634,323.66064,918.75244
552.4634,323.66064,918.75244
552.4634,323.66064,918.75244
552.4634,323.66064,918.75244
552.4634,323.66064,918.75244
552.4634,323.66064,918.75244
552.4634,323.66064,918.75244
552.4634,323.66064,918.75244
552.4634,323.66064,918.75244
552.4634,323.66064,918.75244
552.4634,323.66064,918.75244
552.4634,323.66064,918.75244
552.4634,323.66064,918.75244
552.4634,323.66064,918.75244
552.4634,323.66064,918.75244
552.4634,323.66064,918.75244
552.4634,323.66064,918.75244
552.4634,323.66064,918.75244
552.4634,323.66064,918.75244
552.4634,323.66064,918.75244
552.4634,323.66064,918.75244
552.4634,323.66064,918.75244
552.4634,323.66064,918.75244
552.4634,323.66064,918.75244
552.4634,323.66064,918.75244
552.4634,323.66064,918.75244
552.4634,323.66064,918.75244
552.4634,323.66064,918.75244
552.4634,323.66064,918.75244
552.4634,323.66064,918.75244
552.4634,323.66064,918.75244
552.4634,323.66064,918.75244
552.4634,323.66064,918.75244
552.4634,323.66064,918.75244
552.4634,323.66064,918.75244
552.4634,323.66064,918.75244
552.4634,323.66064,918.75244
552.4634,323.66064,918.75244
552.4634,323.66064,918.75244
552.4634,323.66064,918.75244
552.4634,323.66064,918.75244
552.4634,323.66064,918.75244
552.4634,323.66064,918.75244
552.4634,323.66064,918.75244
552.4634,323.66064,918.75244
552.4634,323.66064,918.75244
552.4634,323.66064,918.75244
552.4634,323.66064,918.75244
552.4634,323.66064,918.75244
552.4634,323.66064,918.75244
552.4634,323.66064,918.75244
552.4634,323.66064,918.75244
552.4634,323.66064,918.75244
552.4634,323.66064,918.75244
552.4634,323.66064,918.75244
552.4634,323.66064,918.75244
552.4634,323.66064,918.75244
552.4634,323.66064,918.75244
552.4634,323.66064,918.75244
552.4634,323.66064,918.75244
552.4634,323.66064,918.75244
552.4634,323.66064,918.75244
552.4634,323.66064,918.75244
552.4634,323.66064,918.75244
552.4634,323.66064,918.75244
552.4634,323.66064,918.75244
552.4634,323.66064,918.75244
552.4634,323.66064,918.75244
552.4634,323.66064,918.75244
552.4634,323.66064,918.75244
552.4634,323.66064,918.75244
552.4634,323.66064,918.75244
552.4634,323.66064,918.75244
552.4634,323.66064,918.75244
552.4634,323.66064,918.75244
552.4634,323.66064,918.75244
552.4634,323.66064,918.75244
552.4634,323.66064,918.75244
552.4634,323.66064,918.75244
552.4634,323.66064,918.75244
552.4634,323.66064,918.75244
552.4634,323.66064,918.75244
552.4634,323.66064,918.75244
552.4634,323.66064,918.75244
552.4634,323.66064,918.75244
552.4634,323.66064,918.75244
552.4634,323.66064,918.75244
552.4634,323.66064,918.75244
552.4634,323.66064,918.75244
552.4634,323.66064,918.75244
552.4634,323.66064,918.75244
552.4634,323.66064,918.75244
552.4634,323.66064,918.75244
552.4634,323.66064,918.75244
552.4634,323.66064,918.75244
552.4634,323.66064,918.75244
552.4634,323.66064,918.75244
552.4634,323.66064,918.75244
552.4634,323.66064,918.75244
552.4634,323.66064,918.75244
552.4634,323.66064,918.75244
552.4634,323.66064,918.75244
552.4634,323.66064,918.75244
552.4634,323.66064,918.75244
552.4634,323.66064,918.75244
552.4634,323.66064,918.75244
552.4634,323.66064,918.75244
552.4634,323.66064,918.75244
552.4634,323.66064,918.75244
552.4634,323.66064,918.75244
552.4634,323.66064,918.75244
552.4634,323.66064,918.75244
552.4634,323.66064,918.75244
552.4634,323.66064,918.75244
552.4634,323.66064,918.75244
552.4634,323.66064,918.75244
552.4634,323.66064,918.75244
552.4634,323.66064,918.75244
552.4634,323.66064,918.75244
552.4634,323.66064,918.75244
552.4634,323.66064,918.75244
552.4634,323.66064,918.75244
552.4634,323.66064,918.75244
552.4634,323.66064,918.75244
552.4634,323.66064,918.75244
552.4634,323.66064,918.75244
552.4634,323.66064,918.75244
552.4634,323.66064,918.75244
552.4634,323.66064,918.75244
552.4634,323.66064,918.75244
552.4634,323.66064,918.75244
552.4634,323.66064,918.75244
552.4634,323.66064,918.75244
552.4634,323.66064,918.75244
