-326.86346,200.7423,2808.6743
-326.2407,198.64606,2805.1265
-320.63712,192.43082,2792.7576
-324.2129,194.58618,2782.9622
-329.87488,198.03072,2783.5977
-341.55365,203.03056,2777.4302
-348.82208,201.44435,2772.426
-363.03656,200.08833,2750.2734
-373.63763,203.36029,2734.4753
-386.07224,215.20508,2719.5774
-392.99622,213.5837,2711.1794
-401.70636,210.71259,2698.2297
-407.7727,212.33844,2690.324
-424.53116,216.90408,2679.5488
-444.40945,221.05573,2667.2593
-454.59647,225.25061,2653.221
-463.02014,234.56622,2627.6238
-472.7556,240.97675,2621.5942
-481.79218,241.01152,2617.1719
-487.24564,237.01328,2613.832
-498.69006,235.76285,2604.491
-513.27856,236.85524,2593.5522
-523.4511,245.56708,2583.2346
-532.6162,250.63348,2575.5464
-536.96045,250.31348,2568.4631
-542.7792,248.60995,2565.059
-548.1022,248.71404,2554.4148
-547.14215,246.25397,2552.8254
-551.9498,244.00905,2527.0715
-556.6155,247.79843,2512.6619
-554.5436,245.41467,2508.809
-552.00714,245.21216,2507.44
-548.7952,244.88098,2509.5854
-545.37665,247.79956,2505.1182
-542.784,245.3989,2501.154
-537.1016,236.73444,2487.2112
-534.261,237.69218,2489.253
-531.41394,236.60835,2492.5156
-527.739,240.64923,2494.093
-521.7522,241.35873,2493.367
-517.4903,241.52841,2494.9048
-510.3387,239.28307,2497.3567
-504.01154,242.8732,2498.4966
-497.3551,243.41632,2500.0742
-492.19843,237.73784,2500.9502
-491.73495,235.42564,2500.4202
-487.26175,234.94904,2501.3696
-484.35233,233.55653,2503.0605
-478.0915,229.31216,2504.4858
-468.37933,228.5285,2509.9587
-466.08417,229.09915,2512.0852
-468.9651,231.08353,2510.5203
-467.3623,232.026,2511.9072
-463.17413,234.4303,2516.817
-463.61523,238.4683,2518.0425
-465.1494,245.27007,2524.635
-465.51654,245.02293,2527.906
-465.84045,242.40906,2532.6685
-473.9526,249.91173,2543.3586
-479.01004,254.08736,2548.1816
-483.8983,250.73465,2554.1726
-490.70856,245.71661,2554.2048
-493.76642,239.06332,2555.8503
-501.35217,230.79593,2556.7188
-507.54016,229.1302,2566.9707
-522.24066,238.59558,2573.85
-533.2892,247.70215,2585.3445
-537.456,249.66614,2583.6062
-542.9647,244.17159,2591.5505
-543.3742,239.78261,2600.9375
-542.6997,239.55714,2600.0015
-539.375,236.7526,2606.5188
-528.5385,236.2706,2625.6873
-522.7095,240.46936,2634.27
-520.946,245.75465,2641.7957
-518.1299,237.84772,2675.5872
-514.0133,229.47617,2685.46
-508.85745,227.62383,2689.3528
-487.0669,214.4269,2703.689
-476.20282,206.03487,2712.9102
-468.59222,212.87422,2720.4114
-462.32764,209.65878,2726.8413
-457.87878,209.44711,2730.5688
-446.8056,205.2683,2741.2517
-441.2308,202.59041,2746.3914
-407.84027,191.23506,2771.0547
-392.34058,190.12457,2789.1406
-384.05835,188.00055,2805.1333
-380.72302,184.33896,2814.503
-381.85315,184.43959,2820.9133
-381.5567,183.71506,2825.191
-382.62595,186.98233,2828.9873
-387.07126,197.12355,2844.441
-391.11224,200.14983,2852.4397
-396.2328,194.30522,2859.622
-400.00446,192.4623,2867.1687
-401.42035,187.46681,2870.3638
-404.60013,191.48325,2870.433
-408.88864,192.78835,2877.2356
-415.78235,188.97957,2892.8118
-426.84027,195.49101,2897.8735
-439.34763,201.40556,2905.9373
-447.2128,205.44565,2911.2585
-459.7907,207.4238,2921.0742
-472.37976,207.84386,2923.4258
-480.02734,209.61938,2925.1223
-487.6366,194.49005,2927.801
-513.21497,196.3044,2944.2495
-521.51556,195.8122,2956.989
-520.6294,188.66484,2954.2285
-527.9329,190.96497,2956.139
-549.10333,188.82404,2953.9827
-556.737,179.45705,2953.856
-564.2294,165.22392,2951.5386
-562.0397,151.5271,2953.5452
-550.1965,134.63257,2954.3223
-549.1353,125.44896,2959.786
-549.89526,125.69468,2965.1492
-569.494,111.79458,2973.0195
-551.0344,92.58197,2969.4482
-534.6239,83.63281,2965.4724
-533.92163,75.86722,2963.4114
-525.9289,65.05145,2963.619
-491.91437,56.42119,2956.9849
-473.99792,50.327576,2946.6062
-455.24982,44.975693,2944.1096
-441.31592,27.326904,2946.3066
-434.93698,14.854782,2945.1296
-426.44025,4.8244476,2944.998
-416.21616,-9.362961,2953.6543
-408.90704,-17.348785,2958.253
-375.38403,-27.197723,2951.2112
-357.3161,-30.503632,2944.1394
-335.29346,-22.204636,2951.197
-317.5185,-19.448593,2953.442
-297.90823,-11.76741,2953.626
-286.7796,-6.057373,2951.1458
-276.18927,-7.953476,2954.7976
-269.8617,-2.801468,2960.5266
-265.5661,1.3268433,2962.9045
-261.89005,12.314957,2958.738
-251.2607,2.9201965,2964.2363
-249.89331,2.4840088,2961.6904
-248.80261,0.7720642,2958.7202
-249.91966,-2.510971,2956.4355
-252.24867,-10.466309,2934.8357
-256.18442,-19.845978,2929.053
-251.91284,-13.241959,2938.3381
-252.43945,-11.247269,2940.58
-256.51538,-13.458862,2936.0845
-260.58926,-14.000809,2934.416
-261.54187,-33.411453,2921.6477
-259.5089,-43.35956,2908.5107
-262.07886,-45.154648,2905.1233
-266.7202,-32.552826,2917.4573
-278.99277,-3.9839935,2916.8767
-277.4419,-11.899399,2917.5837
-291.49628,-10.742264,2921.9827
-306.8909,-15.967148,2908.7112
-309.5264,-13.85321,2909.186
-317.9295,-11.688248,2903.047
-320.6826,-14.719742,2900.6978
-322.65314,-9.020782,2908.1252
-323.40588,-11.608597,2906.6123
-325.344,-10.248947,2911.8384
-326.40628,-3.47258,2911.116
-344.29492,0.06253052,2897.3108
-344.56638,-8.97345,2897.3499
-353.1761,-5.7237854,2888.233
-353.98193,8.559158,2894.8171
-352.2685,6.3355865,2901.559
-353.56583,4.885544,2901.1812
-356.91528,0.17686462,2902.988
-363.0345,-8.883972,2910.2449
-365.57684,-11.667114,2916.0059
-366.7382,0.31204224,2917.7117
-368.23416,-7.440399,2920.048
-371.0893,-11.111816,2918.9583
-374.4442,-15.8785095,2918.4878
-377.8195,-20.55272,2918.6204
-377.53885,-21.898071,2914.023
-375.9266,-23.819489,2911.1423
-374.35,-25.496246,2907.8066
-367.9739,-22.634521,2904.5432
-369.5886,-15.115189,2906.7966
-365.99304,-13.872864,2904.2007
-366.38748,-18.188812,2904.2324
-350.13242,-20.643417,2901.7842
-351.88898,-19.042816,2902.0579
-342.10657,-20.18872,2900.0837
-336.84564,-18.224457,2903.3103
-326.94537,-19.185135,2912.6536
-324.07474,-20.20079,2910.068
-322.97272,-15.783142,2905.2803
-315.2506,3.6548157,2900.113
-314.58133,0.072128296,2904.0195
-294.87384,12.100082,2921.8584
-287.4612,17.996063,2921.8884
-296.83673,9.574005,2913.8093
-297.12094,15.1596985,2913.0745
-300.96613,12.525909,2912.6982
-302.3505,17.341278,2915.8284
-304.68546,18.61557,2913.1753
-306.15686,16.022125,2911.5933
-311.65924,0.6437073,2903.279
-318.76147,1.6912537,2903.6084
-316.8635,10.948837,2909.9707
-325.53342,11.83551,2908.9148
-329.0884,17.322968,2912.2327
-326.9862,23.463577,2914.0728
-337.78958,29.692245,2914.7048
-346.7791,42.662292,2917.1938
-349.5442,42.659637,2917.8364
-354.1812,30.364838,2930.089
-353.47806,27.608429,2937.0906
-354.12787,33.09549,2933.9314
-354.7915,36.637604,2933.632
-355.4047,35.448914,2933.0146
-355.97513,36.911896,2930.6514
-357.17572,35.00775,2929.542
-358.07382,36.83914,2928.2244
-359.97778,38.823364,2929.5881
-359.8114,38.721954,2929.9438
-361.25693,37.52359,2935.1626
-363.29935,38.386353,2935.4143
-363.8057,40.93332,2934.5186
-363.739,70.96326,2936.149
-362.58566,81.09239,2932.9458
-364.25528,68.34973,2935.4504
-363.10153,58.721603,2934.5247
-362.9809,56.918808,2934.7043
-362.57333,53.77864,2937.946
-360.24808,57.662567,2939.815
-359.2765,49.885605,2941.8171
-359.02844,50.769547,2941.7012
-360.3844,48.966217,2942.0747
-356.94727,43.707916,2940.2964
-354.2658,38.544434,2938.8293
-349.02676,33.748627,2928.394
-337.82477,31.220856,2910.956
-323.4262,26.65329,2899.4365
-316.43585,15.719147,2855.6602
-287.93127,40.39331,2838.1404
-267.68268,56.6597,2830.8643
-253.16888,63.832703,2821.2876
-240.73024,68.63205,2815.5044
-231.18275,71.59091,2811.6565
-223.06644,68.88284,2802.536
-213.80325,67.15573,2799.239
-203.7025,67.90268,2793.9626
-195.27464,63.899384,2786.9666
-188.47636,55.6351,2778.2512
-223.36482,111.7368,2794.9968
-264.47858,128.00652,2808.884
-303.9909,146.05392,2814.2197
-332.72577,173.02356,2815.0217
-347.57953,203.75208,2806.0352
-357.91064,230.69662,2794.0342
-373.5192,301.24808,2750.5159
-368.27798,324.15363,2750.7444
-363.59503,341.04843,2747.3274
-351.30542,351.03555,2743.1597
-344.16296,354.0185,2737.0999
-343.0872,349.01532,2735.0508
-337.4977,349.4696,2730.985
-328.76044,355.7535,2727.4858
-330.391,350.39114,2726.7417
-333.70435,346.7096,2727.8677
-327.33582,347.3397,2719.9185
-322.16583,349.16724,2715.456
-325.58405,345.58923,2713.2214
-322.2931,349.79626,2710.1077
-320.15375,353.4163,2710.5447
-315.07886,355.21518,2710.2668
-313.5415,355.61044,2708.6338
-312.27374,355.30792,2704.818
-307.63962,355.6587,2703.908
-294.32532,355.83212,2701.959
-286.14734,355.85306,2699.527
-283.0702,355.42334,2697.752
-274.0329,355.17444,2694.4163
-259.517,352.5811,2696.2163
-243.72922,346.2526,2697.0813
-237.86963,338.11966,2700.0579
-228.43977,329.05533,2704.0442
-218.7016,325.50525,2703.4993
-209.35379,324.2425,2705.266
-191.67993,324.1126,2706.6487
-178.84259,330.04074,2708.848
-164.83089,362.41074,2709.9194
-143.14362,376.62616,2709.9744
-120.728035,388.04907,2710.4792
-107.28077,393.90637,2710.842
-99.14109,392.45166,2710.924
-91.05927,383.20428,2713.9482
-88.5264,357.59595,2711.969
-90.763794,338.29675,2712.4832
-85.38128,324.65,2711.2383
-82.69313,314.82452,2711.1228
-78.34042,311.83167,2711.6125
-66.1902,309.01547,2710.2783
-69.09651,302.01233,2712.637
-71.54744,297.00583,2715.3167
-71.27437,301.50983,2721.1543
-65.638306,303.76633,2727.5708
-58.3015,300.3455,2724.765
-52.143356,299.158,2721.8735
-46.07512,301.08478,2718.4465
-43.035675,301.54236,2718.719
-39.016525,300.27393,2715.8547
-38.50827,299.64572,2714.918
-42.755432,303.8386,2713.9463
-43.356537,304.90234,2707.9175
-55.613083,311.88324,2708.318
-63.761993,314.90057,2705.0962
-76.85942,315.9485,2700.4746
-84.36026,316.8954,2697.106
-91.16283,328.95016,2695.9846
-96.03769,337.43265,2696.8672
-98.00667,346.22134,2692.8174
-108.00342,351.62488,2689.3027
-115.57809,365.43018,2691.5957
-121.35118,374.80457,2692.208
-128.70068,390.93878,2696.5317
-127.382935,407.50647,2701.1462
-125.29639,418.86844,2705.9946
-130.22493,429.51184,2711.9204
-137.1676,451.3067,2722.391
-133.1368,467.6989,2740.1313
-124.20987,481.47623,2760.531
-121.67045,494.2934,2773.7302
-116.89537,503.6891,2784.7927
-111.511055,519.4015,2792.908
-108.789856,527.731,2800.463
-107.42752,533.89105,2816.2283
-104.73773,538.4602,2837.0764
-102.89252,541.7446,2856.013
-93.46004,551.87915,2870.983
-82.7319,550.43896,2878.966
-74.36916,546.72107,2891.4714
-67.67606,541.8566,2901.7444
-65.333405,537.4254,2912.871
-65.17691,532.2212,2915.9514
-78.584694,530.60895,2910.9805
-84.79257,527.30475,2918.4902
-87.38535,513.64734,2926.755
-94.19806,513.8275,2927.883
-98.10461,498.9176,2938.951
-99.05339,483.45966,2944.9763
-103.02926,465.23087,2944.9836
-105.52629,449.62274,2947.4973
-115.055336,427.15506,2943.103
-125.32262,411.20517,2947.6587
-151.33176,383.76532,2931.2385
-173.31134,348.77386,2914.5583
-187.0538,329.20874,2902.557
-205.39949,313.0089,2898.8357
-219.9313,308.9284,2895.9922
-217.94121,321.9513,2894.4639
-221.96764,326.97437,2900.7273
-237.4768,339.48608,2896.89
-247.7313,343.73877,2889.9216
-271.86478,337.36984,2881.946
-287.42896,323.18494,2874.98
-305.69318,306.0829,2865.9746
-327.83524,288.0348,2851.45
-345.3577,262.00067,2834.28
-367.62643,230.48688,2814.7063
-386.37015,200.76721,2798.925
-399.05624,163.84442,2786.0696
-411.04333,125.43051,2772.0752
-423.02844,80.218704,2758.068
-428.51477,37.111202,2742.05
-429.25793,-8.94314,2724.5286
-426.14868,-50.964542,2715.7236
-428.0594,-90.482025,2703.8103
-429.52264,-129.23994,2698.3677
-418.76282,-170.61797,2693.6782
-407.39612,-211.30621,2685.797
-391.23523,-254.64801,2688.3647
-374.65765,-289.3203,2690.642
-348.44595,-324.6552,2700.7246
-327.77426,-355.32874,2715.7942
-302.3895,-384.6687,2745.355
-265.34326,-403.33508,2773.6516
-234.23036,-421.6742,2806.7986
-206.16864,-433.8462,2839.8813
-173.15535,-437.4331,2875.4353
-139.08875,-425.40363,2910.1304
-114.21071,-415.15808,2949.2769
-93.76511,-410.54156,2999.0269
-51.274803,-427.55212,3072.3972
-98.828636,-339.90137,3035.2593
-106.35674,-335.71912,3028.9812
-104.38388,-327.45496,3021.6448
-81.97128,-312.44025,3011.0115
-71.31268,-308.08508,3000.41
-57.215607,-297.7226,2989.8394
-44.22852,-281.36923,2976.144
-38.183014,-275.8681,2971.5894
-32.04814,-266.77817,2960.7012
-30.289762,-259.66727,2954.4895
-30.457127,-252.59108,2950.5796
-29.118805,-243.25974,2946.2722
-28.128288,-235.78888,2943.8877
-30.803186,-230.67203,2938.2969
-32.870632,-221.0422,2930.3672
-33.32183,-220.0755,2930.7932
-33.28241,-218.11618,2930.949
-34.116013,-219.77603,2932.149
-37.914814,-219.73183,2928.0227
-43.180542,-218.42581,2925.207
-46.742393,-218.65817,2920.509
-56.18896,-222.96017,2914.5537
-70.6458,-229.36592,2904.5764
-132.19217,-178.48994,3009.6155
-205.06714,-117.51416,3087.3442
-270.64758,-33.585094,3139.5247
-321.05304,61.703934,3137.1987
-337.34045,133.14375,3080.7634
-344.43057,174.518,3025.0642
-319.66367,264.9657,2873.1697
-318.01678,260.11987,2832.7114
-306.5932,255.60219,2800.81
-300.56464,254.43456,2761.5637
-295.51324,254.25314,2725.836
-289.86414,254.48116,2691.2913
-285.59915,258.7716,2652.5938
-275.92572,246.4359,2610.2637
-269.43756,243.66318,2575.1062
-251.25502,235.62694,2540.2954
-233.28403,224.43063,2504.3909
-213.2205,215.86789,2473.4236
-190.65317,206.28484,2448.0564
-162.81131,192.95966,2424.8938
-132.28804,183.23703,2408.418
-102.00569,173.35445,2400.185
-60.851707,156.4123,2392.5947
-15.41024,135.67188,2385.7615
31.305016,111.805176,2390.3013
48.243374,111.76423,2389.631
70.12556,103.866615,2396.8518
100.58646,98.3863,2406.4836
132.96085,88.44628,2418.4531
138.10132,87.55216,2435.324
147.3458,84.90254,2448.365
168.19014,80.87285,2456.35
187.56674,78.4052,2458.8162
210.27187,85.574615,2465.7754
224.90002,88.57201,2467.5425
238.48929,96.241325,2472.8035
261.69205,105.487854,2481.2786
276.8308,115.64136,2480.3958
282.58948,123.62082,2479.587
287.58496,130.73907,2475.5422
281.18896,132.27097,2470.537
275.12036,128.53831,2460.5146
265.91177,117.18758,2446.4695
255.36133,102.07786,2428.7712
240.71338,86.57526,2414.251
220.35939,56.91512,2402.2407
186.13533,20.789536,2394.1768
148.23654,-8.010735,2392.801
96.232574,-47.878357,2393.4937
46.1885,-93.39811,2396.082
-10.845146,-136.70348,2400.0056
-80.36097,-173.9194,2414.1558
-159.64784,-192.47885,2435.5984
-234.45512,-198.8539,2459.8762
-312.0995,-189.99707,2487.5476
-391.6193,-172.22366,2519.1084
-462.0398,-138.2662,2547.7869
-525.8412,-87.24998,2571.6162
-570.8812,-25.165947,2600.5493
-596.6859,45.242336,2626.0803
-621.1288,117.82929,2649.1248
-631.35156,190.78296,2676.535
-568.1232,254.31929,2704.319
-534.3394,307.83282,2718.402
-539.5491,371.55878,2732.239
-537.5177,449.70697,2738.0464
-508.72928,504.0196,2754.5862
-464.5986,544.8098,2763.1782
-415.7458,579.9409,2778.7522
-354.83105,616.54364,2790.2236
-301.65958,611.82715,2808.0083
-244.33923,623.9555,2831.539
-186.61743,646.00195,2845.5166
-128.15477,661.44977,2844.2524
-69.74362,666.912,2842.4326
-5.9156265,665.4718,2841.4348
44.01545,644.20325,2834.235
99.47386,615.5962,2823.3057
150.14325,584.63477,2821.7769
189.67783,544.07825,2815.5984
218.04156,492.70728,2805.3604
235.41022,440.33545,2796.89
258.2835,383.94296,2792.7468
274.94247,319.90158,2785.7178
272.7871,261.859,2786.1475
261.90878,198.94196,2779.5754
250.09027,135.25012,2776.1323
236.23018,71.58183,2780.3506
210.29724,15.4279175,2764.759
187.09467,-47.737976,2754.5774
159.7202,-99.39702,2743.0234
120.099014,-144.90533,2723.5603
74.41881,-177.92978,2706.2559
21.668743,-203.9455,2704.133
-21.772385,-201.31433,2714.4893
-67.97446,-195.16267,2727.1016
-109.9644,-185.5816,2749.736
-139.72374,-162.96434,2762.4316
-167.08127,-130.4667,2778.7585
-185.677,-93.70505,2791.928
-191.72919,-56.625687,2819.0642
-192.79344,-19.47033,2843.1062
-181.3352,18.153168,2864.4827
-165.616,46.98162,2879.0222
-149.7568,71.92905,2890.7537
-122.35997,100.02365,2907.5452
-101.63232,120.97589,2923.4705
-77.73129,146.36078,2935.5137
-63.352074,160.75172,2932.3274
-44.633987,172.90668,2927.7952
-28.787727,174.38525,2918.9993
-20.852036,174.02063,2914.147
-14.397949,174.4646,2908.655
-13.1909485,174.71657,2896.8542
-5.0974045,175.78783,2889.9507
-7.545721,175.37198,2886.99
-12.276075,175.20581,2881.98
-11.645629,174.57585,2873.4878
-20.335266,176.63089,2872.2808
-36.175476,178.31491,2869.1262
-57.57112,186.15506,2860.0781
-85.75037,197.5917,2851.074
-113.29706,206.80324,2837.6306
-135.12376,215.49803,2819.821
-169.95752,230.31444,2811.0242
-204.66934,247.08592,2801.918
-235.55656,261.55396,2795.834
-274.98666,276.9536,2789.882
-310.39944,295.3086,2788.6587
-345.52737,311.40213,2789.1943
-385.79626,319.812,2789.0815
-438.39114,328.91537,2793.546
-483.708,332.48776,2795.7715
-527.7145,336.30005,2796.1655
-563.5095,335.21976,2796.7864
-585.04816,334.18274,2795.3352
-607.3673,329.60382,2791.9658
-624.64856,331.8046,2790.545
-642.76025,327.90982,2779.9153
-661.7608,316.40454,2763.63
-680.65533,301.55322,2744.5366
-691.26196,293.21857,2727.3052
-687.9844,286.49664,2712.281
-689.46155,285.2243,2707.2136
-691.5451,296.4592,2702.7012
-686.08264,305.57486,2687.8533
-675.97705,319.73438,2679.9392
-661.3386,333.75784,2673.436
-648.55566,355.8056,2675.6438
-633.3029,372.41357,2677.3313
-621.15204,394.70847,2678.1528
-612.5067,410.82138,2681.4985
-596.74365,432.40442,2689.2278
-581.4841,456.29507,2694.6082
-563.7219,477.14136,2702.2249
-542.91815,500.1411,2710.0774
-519.95435,515.5815,2711.5247
-491.47232,535.7947,2708.2585
-459.7236,551.8991,2708.607
-426.38266,566.9719,2709.2817
-388.19623,584.4922,2708.6355
-349.04507,595.2081,2706.8225
-305.44888,604.0433,2702.4443
-256.03058,593.95337,2702.8545
-202.06905,595.9679,2689.3945
-140.99467,592.95215,2676.5962
-70.48378,581.46326,2665.7656
-6.2364426,561.73047,2648.3796
60.468445,536.8057,2636.6245
121.391655,510.7987,2629.6697
19.931038,389.95758,2507.5483
-34.807858,285.6374,2433.9512
-69.05369,180.84085,2464.986
-93.990616,99.319145,2531.1685
-99.41331,38.63803,2608.5273
-15.465004,37.324905,2727.201
46.94637,23.071121,2803.81
94.15265,11.164642,2848.5835
127.70981,2.7406006,2873.1238
148.32758,-4.8025208,2881.6619
166.24924,-12.006653,2885.557
184.06273,-17.995972,2885.324
204.58202,-24.52893,2881.2737
235.20923,-27.150696,2867.0361
286.37912,-37.0634,2839.1536
317.3111,-44.8143,2807.2012
329.02963,-37.266342,2774.806
336.77267,-41.176712,2750.6208
316.8528,170.50665,2724.878
300.4923,63.0831,2682.367
316.73508,-15.012817,2641.3484
337.44678,-55.78601,2613.04
357.97336,-63.71643,2582.0513
373.37088,-61.93065,2547.4082
432.03644,-31.190033,2541.0762
422.38425,-13.707947,2508.5542
415.0633,7.995819,2478.2402
414.0011,28.954895,2456.6084
422.32852,46.33815,2440.3591
404.5443,65.058,2418.6963
406.70087,93.48007,2407.8926
407.8082,115.2052,2396.4631
404.3789,137.08124,2386.2393
397.64294,163.50177,2378.6372
389.72595,188.16934,2365.8552
382.8567,208.081,2350.4377
372.39825,229.01407,2333.7307
360.1958,243.00356,2322.3694
359.10223,269.00513,2300.1792
-42.444504,319.71567,2346.8816
-238.16669,341.84998,2314.3232
-365.23492,350.84448,2334.5042
-426.37286,352.1571,2349.8757
-455.87823,344.3598,2350.4468
-474.6554,327.97833,2342.1611
-477.57922,300.33313,2338.3975
-475.98758,274.5976,2325.6252
-460.20923,249.3284,2310.289
-450.22736,225.19226,2288.6416
-436.15964,202.59396,2272.7969
-413.5921,185.28836,2249.382
-387.88345,165.17238,2228.1753
-361.50546,152.10168,2219.0728
-340.77234,152.03076,2212.499
-325.95056,164.02652,2205.231
-316.52383,183.51602,2195.099
-313.31876,205.30658,2183.0928
-316.16943,223.16043,2176.5503
-314.10025,253.08203,2184.7722
-319.08923,281.58203,2195.9292
-323.60004,294.33868,2213.5132
-331.36206,308.241,2243.8403
-347.06714,289.62543,2260.6187
-361.312,284.53128,2275.2285
-378.53116,272.0008,2303.8894
-369.01523,170.17386,2289.7913
-342.1673,90.440094,2294.0664
-312.53476,32.341568,2303.8682
-273.10916,-12.978836,2318.8384
-246.35101,-42.12863,2331.5195
-221.93382,-63.539642,2348.6807
-203.17212,-79.20433,2367.3464
-177.79306,-86.558975,2392.2527
-159.7947,-88.73439,2413.161
-150.80295,-96.42799,2418.803
-142.66846,-103.73813,2421.976
-142.1885,-104.48491,2430.9082
-137.24496,-102.53241,2442.1997
-131.30795,-99.00726,2455.0293
-130.80385,-98.976654,2462.5205
-127.83022,-95.97006,2469.5515
-132.5475,-96.92209,2470.1104
-137.05016,-97.44696,2471.048
-147.40367,-93.25026,2475.3933
-156.6082,-91.3461,2476.3079
-168.36221,-90.23726,2469.8442
-178.14333,-90.700195,2463.8174
-185.26736,-90.77788,2459.192
-194.38022,-88.189835,2455.7852
-202.1227,-88.211945,2448.6748
-212.18633,-89.34184,2434.2935
-217.52654,-92.51201,2424.4614
-225.47899,-92.62927,2409.6843
-231.53568,-93.18161,2399.1997
-234.57088,-99.1492,2378.762
-235.07674,-100.87698,2370.3813
-235.8769,-103.43005,2358.0679
-233.01482,-104.539246,2356.3557
-229.88725,-105.61717,2355.5745
-226.5289,-103.04338,2356.0686
-220.86629,-104.592636,2349.8376
-214.07634,-106.20337,2342.8345
-203.39511,-110.09822,2339.8047
-191.80246,-113.28345,2338.13
-180.60829,-114.77176,2340.394
-167.78934,-117.18094,2340.9412
-152.15248,-119.2973,2341.993
-208.34235,2.1114502,2291.5386
-280.59204,16.097015,2285.6165
-335.10187,46.469444,2313.246
-349.18573,84.90881,2351.338
-340.9765,115.13246,2380.585
-330.80188,132.74875,2400.2039
-309.41675,185.10292,2431.6426
-299.22235,185.05598,2424.8235
-291.07773,184.51666,2417.404
-273.07315,183.76747,2410.6824
-258.04712,182.88705,2407.3423
-238.5489,182.95035,2402.1787
-222.79083,182.9797,2398.588
-202.39449,183.48834,2399.2832
-176.6964,183.24136,2401.1304
-145.36212,183.62634,2405.0718
-118.18283,197.81119,2412.0269
-99.066284,207.39557,2420.9587
-84.53523,212.19514,2423.9841
-67.75209,216.58997,2425.9363
-43.87326,227.29163,2427.9377
-18.39563,239.1286,2432.8828
-1.7027893,249.06252,2430.9314
18.725967,266.4607,2436.724
37.90616,277.6811,2440.0786
59.983826,291.30963,2450.6414
80.47981,305.15225,2457.3442
109.725494,320.5785,2465.6987
137.37996,336.26956,2476.5688
164.18408,351.62665,2483.3408
190.09073,369.80548,2496.2454
216.54877,383.8952,2501.2024
250.76825,396.44574,2508.1177
277.8793,412.72147,2515.068
302.4338,425.35825,2519.022
335.22867,431.66583,2524.5896
364.16708,436.7766,2522.9412
390.08728,441.88248,2518.5166
420.55975,436.43054,2503.3484
450.28006,430.72128,2490.2114
478.641,428.8585,2472.129
504.81763,425.92316,2454.0479
531.4063,417.45438,2436.0073
547.20593,402.7276,2410.0327
566.5973,387.3783,2386.0286
585.29205,367.19836,2365.0088
596.147,347.60126,2341.0203
607.5626,332.825,2315.0076
614.7747,312.92645,2297.0007
608.3933,297.43744,2276.98
603.1919,291.23273,2258.4976
598.61633,287.0677,2247.7598
587.83905,283.47595,2241.4229
570.4244,283.72803,2236.2156
545.71136,282.347,2235.0806
510.3526,280.18646,2233.5374
472.17392,280.10107,2230.7637
437.0674,274.93256,2231.2073
391.0273,267.9665,2236.0698
351.0213,257.485,2238.5378
308.49854,241.70924,2237.6934
265.74835,222.8815,2233.3547
221.89194,199.48633,2228.748
180.95105,169.79326,2221.9294
146.45712,138.96277,2214.9978
113.731476,102.52107,2209.0413
87.89497,65.31035,2203.1282
67.499405,29.197289,2194.706
44.27333,-8.870819,2179.4197
26.638657,-50.42567,2170.2075
7.3267365,-84.23115,2159.068
-1.8811493,-116.586006,2152.0054
-5.557846,-149.73524,2146.4258
-6.827347,-180.8551,2140.649
-8.135605,-208.7769,2132.8154
-11.229813,-236.81589,2126.3286
-6.561859,-258.97485,2120.5825
-0.7711792,-278.53592,2114.21
3.0689392,-287.7054,2114.6562
6.5008545,-297.85977,2115.245
5.7204666,-312.8757,2111.1582
4.8257523,-319.91785,2111.0847
3.9575272,-327.93488,2112.0964
-0.005218506,-329.95523,2116.5725
-1.4848042,-326.9547,2123.8457
-9.17947,-321.96762,2131.9792
-18.985409,-319.98218,2136.5518
-35.520184,-317.47168,2140.8198
-56.167717,-304.23346,2149.4731
-74.56881,-290.60474,2156.2937
-97.28133,-275.79782,2161.1538
-125.651184,-255.3899,2166.1138
-157.31549,-230.69398,2169.0686
-190.6157,-206.35663,2170.504
-226.77185,-181.68813,2175.216
-261.8296,-150.858,2186.5288
-295.32556,-119.94809,2196.6597
-331.6171,-83.98175,2207.1958
-368.80902,-49.983704,2226.972
-398.37503,-10.992477,2252.885
-424.982,28.091232,2277.9795
-436.1238,73.099396,2304.4316
-448.18863,118.12157,2334.1006
-448.6272,164.08255,2364.979
-442.8324,207.0955,2393.279
-433.94843,252.09229,2423.0098
-412.5097,291.59076,2445.9102
-399.78113,327.81387,2478.914
-379.95532,364.47214,2507.8726
-356.40518,394.604,2539.1018
-320.74957,419.2904,2557.0833
-280.91086,454.16272,2577.9905
-245.97717,477.6046,2596.409
-217.50723,505.3197,2619.6719
-171.77847,522.18616,2629.8325
-141.4191,537.1252,2646.4238
-116.21532,555.0635,2668.7058
-81.54348,561.4417,2672.9165
-43.705265,563.0317,2669.0737
-12.425095,567.2235,2667.2
6.6399,578.866,2674.4746
121.948204,468.21085,2697.0793
190.40784,357.1576,2712.806
224.501,443.443,2755.4316
245.6712,517.9342,2771.3772
252.74191,574.30176,2776.874
257.98276,609.46606,2770.2676
246.79213,599.3015,2741.1746
255.72673,605.4492,2724.9744
187.98877,602.9474,2663.6917
168.83966,602.1509,2641.2295
171.06375,549.643,2653.435
174.88043,550.9481,2656.4304
141.38599,548.6582,2642.3665
82.24284,349.32553,2605.3997
31.961304,225.47238,2604.7393
17.765686,136.82442,2623.6772
12.459137,66.1051,2650.6243
-34.074448,15.474991,2691.899
-55.596207,-24.62793,2709.3213
-61.291183,-68.351685,2723.1287
-65.61181,-95.444916,2727.262
-56.635998,-126.18672,2737.122
-48.659706,-152.53815,2747.6375
-41.850815,-174.67215,2772.369
-36.7781,-187.09557,2793.2368
-34.717346,-190.21533,2815.8445
-57.01623,-201.48769,2828.2886
-62.28448,-211.40765,2856.4927
-72.10297,-234.48975,2873.7808
-68.45129,-241.834,2895.7634
-76.74566,-249.79207,2919.592
-83.98036,-260.70038,2940.1243
-210.71611,-172.07944,2879.271
-219.66727,-237.17564,2897.4976
-203.96185,-259.05286,2939.628
-183.24315,-256.7771,2996.2227
-165.04329,-246.82225,3061.1404
-142.66187,-241.86407,3096.111
-121.1555,-233.3518,3127.2095
-108.81642,-227.24725,3147.4333
-105.39801,-224.70688,3176.1274
-99.32507,-213.43082,3196.2375
-97.36643,-202.87549,3217.4458
-95.85867,-197.25096,3241.7761
-100.48954,-195.10452,3260.654
-100.408615,-190.46414,3269.2712
-98.87115,-189.32887,3281.9395
-102.212685,-183.84494,3286.16
-104.09883,-181.40753,3286.9343
-103.72432,-178.74873,3281.6821
-106.79635,-179.1945,3280.0818
-115.12376,-185.15936,3283.1553
-127.37126,-193.6707,3287.1729
-150.3276,-200.28697,3293.6348
-171.33012,-207.14635,3296.0122
-192.6092,-223.7446,3299.2375
-210.39723,-225.54875,3290.2302
-234.95056,-231.12395,3289.1296
-234.95268,-205.25528,3259.6147
-255.1747,-176.32974,3230.2673
-238.22134,-188.7232,3207.0916
-227.10641,-198.25784,3182.2888
-247.90001,-196.14734,3174.2288
-249.08987,-228.48064,3174.7688
-270.62772,-234.66068,3185.11
-305.66602,-236.95926,3189.0237
-311.11664,-221.92297,3177.8713
-318.3079,-230.80002,3171.8574
-343.62967,-221.56924,3158.46
-377.91647,-217.53424,3143.3938
-384.95697,-202.99797,3127.6265
-421.61685,-181.31302,3128.2217
-441.06866,-179.88911,3134.3484
-462.76508,-168.7863,3151.5413
-472.96072,-162.68152,3158.3965
-485.54657,-159.05034,3163.7483
-490.92242,-154.03964,3165.7632
-501.21942,-152.0141,3171.9766
-509.15317,-153.4139,3169.4543
-516.16986,-158.90907,3168.951
-520.08545,-155.506,3167.07
-519.67395,-146.19347,3165.3296
-508.9921,-137.22745,3157.2712
-505.8253,-131.64352,3159.8508
-511.9347,-132.49548,3167.621
-508.18533,-128.63004,3171.467
-499.21786,-125.00333,3168.2502
-489.71735,-117.43173,3156.2734
-479.5806,-114.90379,3157.3013
-497.6986,-114.65254,3161.2393
-492.2205,-109.51405,3162.974
-485.37036,-109.48143,3157.0374
-473.94952,-107.41716,3158.5652
-462.9188,-107.54779,3158.024
-462.28885,-98.2229,3160.879
-458.53445,-92.43962,3164.6086
-454.5052,-91.442764,3172.248
-440.75955,-92.67525,3173.9648
-431.2461,-90.06508,3168.8162
-426.43738,-88.20734,3174.5056
-424.5423,-86.09102,3175.3433
-423.6169,-82.34308,3179.214
-415.43558,-87.910965,3180.5298
-407.22223,-85.45239,3179.2034
-398.3237,-84.51648,3179.4404
-395.98993,-84.60788,3181.3735
-374.43683,-91.86328,3180.38
-364.42285,-92.69748,3190.8076
-356.17975,-89.90346,3194.7712
-354.43332,-80.5813,3206.2195
-342.0787,-83.02548,3207.9768
-330.5206,-80.38318,3204.7388
-309.74103,-86.98868,3202.4963
-289.60114,-95.563,3201.7905
-284.11395,-101.544586,3206.5078
-276.93878,-100.00264,3213.0881
-263.9769,-107.02884,3216.0696
-251.08238,-110.18283,3218.0955
-246.88518,-114.81314,3220.201
-236.55482,-122.83737,3224.477
-229.88573,-127.68155,3228.8008
-217.52031,-135.79553,3221.744
-213.26566,-138.12474,3227.2485
-207.40398,-144.71217,3237.55
-200.15086,-149.926,3234.4724
-190.30966,-152.26979,3233.5703
-190.61456,-152.26796,3235.0667
-183.17015,-155.85507,3233.6145
-181.50854,-162.11125,3239.004
-176.64433,-164.25148,3240.618
-180.02428,-165.51697,3236.4897
-197.23482,-161.95854,3235.5403
-207.87074,-159.1688,3234.899
-212.3282,-159.00029,3234.6318
-228.22182,-156.41574,3238.973
-264.65503,-141.97171,3230.7195
-279.31702,-135.3412,3220.3843
-278.50323,-142.8323,3220.8345
-285.25848,-150.1182,3218.8582
-289.61124,-158.74939,3217.4985
-287.02277,-166.01656,3214.957
-261.73306,-189.79214,3224.751
-254.08055,-206.93521,3223.4153
-241.96364,-218.37526,3227.1387
-250.82442,-225.1402,3232.017
-253.40425,-237.66197,3231.8289
-269.49548,-242.48657,3229.0715
-276.67984,-250.04002,3229.9956
-289.16403,-258.0055,3219.6816
-303.6729,-265.54553,3213.2273
-317.91632,-275.2826,3209.2087
-335.9309,-283.47894,3206.3767
-338.97855,-290.5561,3201.733
-346.18622,-300.71155,3198.1729
-362.0255,-309.48895,3187.2043
-377.86932,-320.6022,3181.311
-393.76483,-333.35803,3176.2036
-408.0591,-346.2711,3171.8855
-439.2462,-366.2371,3162.529
-461.607,-382.15155,3156.7349
-471.03424,-392.96753,3150.0005
-445.96976,-395.33008,3156.9944
-452.6008,-402.66473,3163.2627
-466.49146,-404.86078,3170.2834
-480.1414,-413.61234,3172.1929
-491.05518,-429.09363,3176.606
-503.44055,-440.95688,3178.5361
-519.3965,-451.90857,3172.803
-522.10223,-463.688,3175.1567
-528.89526,-475.72467,3173.6924
-537.19574,-490.924,3169.3452
-549.3739,-502.13916,3167.247
-572.7984,-528.27594,3140.9204
-589.935,-549.33923,3136.9644
-600.5857,-561.33795,3126.0798
-612.3708,-573.3288,3119.9983
-613.35095,-578.45734,3122.3105
-614.48315,-583.3561,3130.7153
-614.56586,-578.8451,3144.8403
-622.24854,-579.40643,3142.5166
-626.25226,-584.7241,3146.6235
-622.93134,-599.55505,3148.0078
-632.959,-613.99817,3133.9048
-637.1383,-626.5967,3108.4333
-638.4453,-634.05084,3104.5637
-643.7066,-610.51135,3125.7637
-625.93665,-592.7705,3147.2341
-619.5038,-580.7313,3158.7593
-620.21936,-563.55676,3162.559
-616.88574,-555.5846,3172.3289
-623.9956,-558.6008,3164.6233
-614.2591,-536.0689,3167.424
-617.1996,-515.6,3168.5957
-612.41327,-507.6473,3169.4526
-610.84955,-498.9389,3170.1162
-615.26904,-496.99353,3169.3716
-608.2936,-457.35245,3176.5242
-602.339,-437.58997,3180.5566
-601.321,-409.9274,3182.4717
-602.31036,-393.1265,3184.0486
-605.48126,-383.3085,3186.8843
-609.88434,-387.2254,3178.8132
-614.0369,-378.02734,3175.1475
-615.2401,-369.82706,3179.18
-615.2631,-361.5768,3174.6426
-627.3262,-364.864,3171.541
-621.19604,-343.41302,3174.0322
-607.57495,-322.3429,3184.4124
-597.1302,-301.02203,3183.2556
-585.908,-283.20728,3189.435
-563.9641,-247.80334,3185.9941
-552.45166,-240.10793,3192.741
-544.72797,-228.97997,3196.9565
-531.80005,-211.5503,3200.536
-527.68835,-205.18025,3207.531
-510.46106,-195.21231,3214.5708
-490.20224,-186.999,3225.5881
-505.52994,-195.78535,3212.7925
-496.11,-190.13338,3219.256
-485.26904,-187.89525,3221.6665
-473.5881,-177.78598,3224.7896
-461.4572,-167.31183,3227.6135
-447.76898,-157.56726,3229.1208
-451.848,-155.96771,3223.4634
-452.86987,-154.9347,3211.659
-449.7726,-155.95158,3194.9543
-442.00336,-149.31677,3183.6724
-434.12656,-143.41043,3176.6738
-552.64655,-109.48711,3315.1616
-625.1192,-0.1749878,3369.621
-649.64954,105.36043,3374.9614
-656.90753,181.86719,3359.9048
-644.245,238.10774,3329.1345
-613.75037,349.52893,3244.4695
-603.462,353.28134,3221.6626
-594.2772,358.63647,3207.7368
-580.15234,365.78595,3194.2205
-567.5751,372.8655,3180.019
-561.28845,370.92352,3162.977
-555.1509,375.96173,3144.9668
-557.09503,375.9873,3128.4358
-547.5187,384.45135,3111.115
-543.75226,398.71133,3104.527
-545.85004,408.3262,3102.7285
-552.91956,415.15466,3105.848
-556.84106,417.45428,3094.8567
-556.9385,416.74188,3072.437
-557.47327,414.3661,3056.205
-554.7384,416.68185,3051.089
-552.3633,419.83316,3047.0212
-565.8353,438.91202,3043.9543
-566.40204,444.93787,3038.9736
-567.64185,448.91602,3041.911
-567.3699,450.51743,3039.453
-567.67694,450.74722,3042.7454
-568.2827,451.3161,3044.343
-568.6719,451.69464,3040.6724
-567.33716,449.84872,3037.8455
-567.6278,447.38577,3026.902
-566.3246,449.18585,3025.489
-566.6074,448.5104,3019.7905
-574.2741,448.69876,3012.461
-576.1467,448.35135,3004.223
-579.5901,441.19437,2992.6177
-588.3142,430.34778,2984.526
-591.1341,411.20288,2983.7988
-596.0056,399.1195,2976.3394
-605.8484,392.95505,2958.078
-615.1416,387.17932,2933.587
-622.5477,385.55823,2904.8315
-637.28174,380.27902,2868.465
-642.6853,374.6734,2837.7043
-651.3698,368.86328,2795.828
-659.6974,353.44638,2761.9128
-665.8297,343.7011,2728.953
-678.9272,326.87158,2698.4849
-696.0106,303.4941,2671.7107
-722.53796,262.78598,2652.295
-746.8021,213.93848,2636.1719
-763.9771,157.55081,2623.035
-774.5471,103.84798,2621.5938
-777.79675,47.45632,2614.3098
-784.45953,-2.71801,2604.0928
-785.248,-53.828243,2598.0935
-780.1614,-101.38461,2597.9985
-791.60547,-148.165,2587.0103
-778.30115,-194.57768,2590.0212
-767.69354,-248.24673,2588.565
-748.8865,-295.59094,2592.2878
-726.4516,-346.78198,2597.149
-703.73505,-396.3722,2591.1284
-675.88416,-441.6828,2605.5525
-633.4587,-470.83765,2623.256
-595.69763,-490.94458,2650.11
-560.84155,-501.97763,2673.5576
-525.47296,-511.45523,2688.7712
-489.2736,-515.193,2697.9915
-457.6526,-512.0814,2711.539
-430.83325,-502.02356,2728.4165
-406.46185,-488.98096,2746.7983
-386.31732,-472.94995,2764.8748
-372.13968,-461.9818,2770.4597
-358.0829,-451.48035,2777.7751
-359.06183,-443.72723,2783.9197
-361.53485,-444.37036,2786.4612
-367.78406,-440.18445,2787.7405
-376.90094,-452.09564,2785.871
-394.46393,-460.04813,2775.945
-417.25983,-480.015,2756.512
-442.64047,-492.50558,2731.7861
-471.3346,-501.75616,2708.8994
-517.1748,-495.37518,2674.4902
-569.0419,-475.70642,2640.2654
-615.03766,-455.3467,2607.598
-664.53687,-407.66705,2583.8066
-702.3029,-358.81976,2561.3965
-739.6847,-298.89655,2549.6147
-765.4341,-236.40672,2540.6777
-783.7168,-169.70447,2536.833
-798.58954,-104.72365,2542.8142
-804.48584,-40.8062,2553.8254
-806.57153,18.123108,2569.0144
-805.7202,88.94246,2594.0598
-787.69965,151.58208,2638.1426
-780.23846,205.84999,2680.0576
-758.951,246.18321,2732.5015
-740.1711,273.79773,2767.7524
-824.1776,145.65764,2777.4768
-686.5341,45.40638,2756.5303
-732.45703,25.789675,2778.4443
-801.4569,-14.726177,2806.8865
-824.4403,-63.475197,2819.3203
-813.1266,-90.49208,2829.3442
-805.7932,-97.73405,2834.9846
-765.42523,-121.433464,2831.0315
-789.8145,-102.194916,2848.861
-773.84595,-37.946503,2829.3408
-777.1558,-37.26288,2825.6575
-761.8746,-11.474243,2828.1958
-740.457,10.144592,2833.38
-721.60315,28.306366,2847.1936
-701.4262,39.72928,2862.4458
-680.1417,47.398956,2869.1716
-660.4089,55.874664,2879.7964
-638.6867,58.560364,2885.045
-616.0261,56.701477,2884.6975
-591.391,55.706512,2891.472
-569.6594,56.3732,2887.6282
-548.13934,56.34012,2883.4902
-526.0343,54.379486,2880.312
-496.00967,46.40741,2895.1191
-468.1021,42.75653,2905.0261
-439.2987,38.45233,2915.1028
-414.91818,37.482697,2907.857
-373.76373,23.902588,2917.033
-340.1052,12.340668,2922.0881
-294.88474,-6.8537903,2934.0022
-249.58533,-33.86232,2941.443
-197.21577,-56.181656,2948.1516
-142.19757,-78.82237,2940.531
-99.337654,-100.79651,2937.3438
-61.703716,-118.922134,2918.5654
-47.936153,-131.54117,2897.614
-18.579502,-153.29428,2876.1526
40.68084,-89.405945,2842.9316
112.37729,-119.76713,2820.0051
190.17487,-169.19089,2790.6526
255.9349,-189.14868,2756.5957
305.07184,-211.1337,2708.2622
340.04062,-221.26767,2650.2363
318.2699,-178.8062,2511.791
297.4482,-178.87827,2462.245
293.2196,-180.44034,2435.7434
91.475945,43.244484,2373.8445
-8.756195,162.05203,2327.6685
-90.98221,243.385,2338.0999
-137.86574,296.74298,2368.7388
-160.03021,323.3988,2394.5771
-174.53815,331.43085,2415.4546
-180.75352,334.8719,2441.0833
-192.07622,331.45673,2457.2412
-207.05188,320.7637,2468.6096
-225.1381,297.19662,2481.4604
-234.66217,260.9449,2493.9246
-244.90707,225.41779,2501.2773
-257.00113,183.1257,2501.9744
-262.02084,137.50742,2498.892
-269.51514,86.24537,2497.4211
-270.27646,35.624226,2496.1885
-258.65875,-17.692726,2489.5693
-243.85806,-67.85112,2486.7563
-226.44159,-112.94563,2479.3418
-204.71844,-163.96855,2474.167
-170.85742,-202.9793,2474.5776
-131.89252,-226.47708,2474.814
-94.85895,-241.20238,2473.4854
-66.86157,-247.59756,2471.268
-50.874756,-248.30232,2461.6516
-32.412582,-248.15372,2450.3342
-25.130367,-250.60011,2432.6677
-14.967945,-250.82698,2416.345
-6.8206367,-248.5016,2399.1055
-3.0806885,-245.45665,2386.8416
4.4692917,-235.164,2380.998
12.426163,-221.81503,2374.5342
21.847168,-204.10313,2372.8088
30.179642,-187.96138,2370.1719
46.4494,-174.41287,2372.9692
62.37274,-159.9845,2376.793
77.13019,-147.96422,2383.822
89.0148,-137.45271,2395.8171
108.13708,-132.30188,2415.2415
122.57717,-125.163025,2433.0898
126.005905,-120.68171,2449.3054
124.49257,-117.85419,2457.1409
122.1824,-117.367775,2461.5356
118.53815,-114.61736,2458.712
108.20241,-110.73289,2451.3079
91.199936,-97.41067,2437.3071
69.86357,-85.5352,2430.1155
26.907837,-63.25962,2412.0623
-23.555962,-36.641212,2402.0535
-113.26658,-5.3360825,2378.031
-160.60074,16.82174,2388.9878
-243.14651,47.33595,2402.9666
-301.00812,68.63983,2432.9463
-364.99976,81.824425,2470.4465
-421.46692,89.89578,2518.7063
-463.23218,87.43495,2570.8657
-489.57794,75.6892,2610.9324
-507.78998,62.883247,2640.928
-512.8669,60.391373,2670.9995
-518.0064,58.701767,2681.0361
-527.9769,63.849136,2690.5159
-540.48987,73.94559,2687.7407
-556.6948,90.93716,2677.8816
-566.84894,100.48026,2671.4314
-575.4214,104.26431,2662.6868
-580.7125,107.65003,2651.325
-582.8509,123.89761,2644.0798
-584.943,136.05035,2638.4392
-577.99023,137.62378,2646.6235
-570.07776,139.94739,2660.7075
-552.3642,140.99023,2673.7544
-512.6736,140.44148,2690.938
-477.34583,125.21985,2721.9841
-450.5705,111.482315,2759.0925
-432.35547,108.588646,2782.2253
-402.1309,97.72883,2787.664
-391.9984,90.78468,2833.4756
-390.4348,90.31178,2875.8809
-371.14313,83.61317,2932.0608
-365.00006,94.22785,2980.6655
-358.9303,98.0345,3007.9612
-351.90063,96.92895,3020.1128
-346.394,96.87344,3022.687
-344.63263,89.35344,3014.9578
-352.32254,79.65976,2996.99
-371.6072,71.241135,2968.0662
-382.3223,67.63216,2930.5234
-400.50916,74.18315,2902.3496
-407.23727,66.5387,2856.2197
-414.63416,64.28462,2830.0984
-420.76593,56.59723,2796.0774
-437.90585,42.29847,2765.044
-454.96997,20.167114,2742.5098
-482.4889,13.1467285,2720.691
-508.2624,6.60083,2697.8247
-526.1406,-8.217804,2683.4346
-547.4811,-14.176788,2681.7441
-567.3072,-20.473434,2686.785
-581.07605,-18.752502,2696.3667
-595.032,-11.567017,2713.0676
-604.9768,-1.7126312,2724.4297
-611.4763,11.148972,2743.199
-612.2299,33.654114,2758.9736
-616.6493,64.42215,2770.3708
-613.94904,90.36897,2772.559
-606.06085,119.28012,2778.7144
-604.61304,144.73537,2768.2913
-612.2787,167.86966,2748.6096
-617.6964,187.97873,2737.2954
-624.3428,208.99739,2717.6274
-627.6983,223.53052,2689.2925
-620.85547,232.26562,2668.1572
-612.9287,240.63985,2643.0747
-610.94214,252.794,2610.0566
-599.9675,248.38725,2580.0425
-582.47754,249.1969,2544.0276
-566.2211,247.10992,2517.5051
-548.10925,239.56715,2489.7915
-525.5427,220.79346,2464.4006
-495.76434,202.90442,2442.7114
-459.36887,178.95248,2431.852
-396.6746,167.4769,2420.417
-342.8323,169.74228,2419.6968
-294.92377,172.87125,2431.8555
-254.45734,177.43745,2429.4116
-209.24477,180.72816,2433.2053
-170.65326,188.89392,2447.5845
-129.93565,205.02315,2459.7766
-109.18733,225.1554,2474.257
-87.125015,250.09409,2486.1365
-64.09396,276.06427,2486.5706
-60.938812,299.40125,2496.7544
-63.391357,322.7832,2505.4536
-46.38553,357.57257,2495.5764
-66.22572,368.56326,2502.2437
-82.55005,373.55823,2504.9844
-90.83989,386.31433,2493.4907
-97.42879,390.67316,2485.722
-110.72034,384.8479,2465.3457
-115.868866,367.4192,2442.6794
-123.628876,342.36493,2419.7646
-129.93228,309.77228,2394.8486
-125.50516,266.90903,2373.4253
-119.329605,227.0277,2369.6663
-125.64722,180.5073,2377.3247
-132.37851,116.75249,2386.2153
-139.37354,70.08074,2388.4707
-149.28233,30.65062,2380.158
-158.16656,-12.1521,2380.0693
-170.07387,-54.578903,2385.5205
-191.05025,-87.28511,2400.7588
-214.51634,-103.150665,2419.8845
-238.25201,-115.573074,2437.9426
-268.07242,-123.82713,2452.9744
-298.50693,-126.420944,2463.4685
-328.30862,-114.19046,2470.2854
-354.1493,-100.58916,2476.6433
-380.07794,-82.79755,2484.33
-404.0397,-56.904694,2493.1738
-424.52563,-35.453613,2497.5833
-443.2271,-16.247742,2501.7712
-458.07565,6.8525543,2501.8694
-466.55145,33.43756,2502.4297
-474.7769,53.21386,2500.712
-481.3557,77.59635,2498.3281
-479.69177,98.33196,2493.6226
-474.86188,118.70625,2487.7625
-467.80664,142.7949,2477.8335
-456.30347,164.87895,2469.3442
-438.63458,189.43376,2461.66
-421.26288,207.20708,2457.7947
-393.1074,232.6078,2461.8726
-367.56158,250.33633,2468.8992
-336.8096,266.45795,2478.9253
-300.32333,287.6849,2497.9624
-271.11185,296.1137,2520.4827
-232.02261,292.38995,2549.837
-193.44212,299.10483,2571.9412
-164.03983,303.4261,2604.548
-132.26036,303.37646,2649.0806
-111.41676,294.41187,2706.27
-90.21173,289.76614,2751.5464
-56.182343,275.45963,2799.652
-26.46521,266.2555,2835.3228
-11.130524,255.64412,2868.67
16.356583,240.34488,2908.7405
38.608414,232.17113,2938.3071
58.81505,210.1228,2974.5916
72.91431,178.57826,3011.2678
80.29443,163.26077,3037.0398
85.06404,134.12697,3053.441
86.55206,118.06136,3065.2722
94.287964,92.04009,3076.643
103.65704,63.52356,3079.8271
106.41502,41.31221,3076.363
104.26462,20.700867,3064.1147
98.39644,7.9455414,3041.021
99.87403,-5.444214,3006.4204
98.142296,-19.639465,2972.131
92.518875,-33.62207,2925.8076
79.03265,-45.694626,2881.2493
65.08017,-48.693817,2820.7732
44.87912,-55.149292,2758.5442
16.712685,-60.348145,2701.3389
-14.663654,-64.479324,2659.317
-59.025703,-61.906494,2611.389
-106.659225,-38.097916,2567.747
-149.61914,-12.004639,2548.5015
-194.94604,14.276764,2530.5684
-241.83542,44.4579,2530.6643
-282.97476,77.293945,2535.6497
-315.4045,106.20804,2547.9468
-346.75378,135.2867,2571.0115
-378.6266,166.67993,2593.6135
-392.72327,203.8714,2631.2793
-401.35614,240.62067,2662.5032
-406.43518,264.91727,2691.8572
-406.6623,303.8073,2732.2102
-404.35922,344.8647,2774.9307
-377.57867,392.29102,2800.65
-333.33362,420.67667,2810.5042
-301.0709,460.74658,2832.9702
-275.89972,506.24966,2855.6726
-243.80835,537.9938,2865.9854
-207.26498,572.8691,2867.6208
-167.59708,599.3989,2860.3582
-130.74155,634.64557,2854.7236
-90.84079,664.79974,2826.9016
-53.414516,691.89453,2804.4702
-16.716679,688.051,2764.5256
13.093319,692.37714,2721.792
41.510826,696.58716,2675.9624
62.196083,700.22455,2629.362
84.2538,703.76514,2576.442
95.864075,702.1544,2517.4695
108.64852,696.873,2453.1848
129.29932,690.78485,2377.747
147.21164,668.84546,2306.3384
184.72455,611.11743,2183.1624
213.79198,558.07495,2086.91
233.66638,495.36542,2006.9564
244.30864,422.77536,1947.144
250.46552,351.7039,1896.99
244.41835,278.3063,1869.0114
235.37393,208.16142,1850.906
225.19986,141.06635,1843.0963
204.9732,79.749016,1845.6792
183.93683,12.4266205,1846.3446
156.8966,-44.29544,1856.7632
129.90314,-89.13313,1872.8949
98.039635,-137.43318,1886.3088
63.09558,-181.10588,1899.0514
31.76685,-218.0627,1916.1646
-1.6352386,-245.94675,1935.7343
-31.308712,-265.42297,1954.0928
-58.019436,-283.7129,1973.3318
-96.435,-322.85187,1997.3655
-111.6349,-313.99448,2016.5123
-129.88745,-331.99103,2041.5009
-149.89587,-374.52036,2077.1821
-165.54953,-360.63403,2077.3472
-181.79364,-374.13553,2085.5005
-209.43791,-363.78308,2068.8403
-234.27573,-365.9239,2060.2932
-257.18427,-370.985,2057.0586
-277.23712,-375.98975,2054.3555
-299.17236,-387.0745,2047.4691
-322.04993,-393.67203,2040.543
-342.10956,-391.36942,2031.6448
-364.7129,-386.68323,2022.7043
-389.4278,-376.86438,2015.2766
-405.27203,-359.9308,2008.6052
-422.64233,-336.4804,2000.7836
-436.38434,-309.2137,1995.3833
-445.20593,-279.104,1991.6846
-460.6054,-250.04465,1989.8451
-471.80975,-221.5173,1987.4243
-488.40402,-192.75597,1984.716
-506.6617,-163.90463,1984.3514
-517.322,-127.45856,1986.1748
-523.62067,-91.76906,1989.5646
-526.2385,-58.45096,1993.245
-526.09625,-26.75222,1999.1044
-526.53845,2.6121826,2005.5457
-525.2883,36.822693,2011.7808
-524.185,68.43967,2016.8972
-523.0842,98.21452,2021.4485
-521.51025,126.081116,2025.7125
-519.72815,153.51161,2033.3357
-515.3463,178.23308,2039.1489
-509.67145,203.60777,2043.5648
-506.31387,224.78816,2045.2776
-501.64374,238.38004,2046.1294
-493.32098,252.6857,2048.0627
-491.1627,262.84595,2045.0363
-489.07153,269.90277,2037.494
-486.03217,270.93143,2030.7134
-482.528,270.44684,2022.802
-475.28412,264.7475,2011.941
-465.1634,254.40764,2002.524
-456.09845,241.19339,1992.2374
-446.56946,228.55486,1981.5343
-433.2649,215.31372,1972.9698
-418.6491,205.17908,1964.6323
-404.87506,194.55786,1951.7726
-389.47876,186.25665,1938.8317
-375.25464,174.54568,1924.7994
-356.13617,165.21947,1912.3158
-342.52844,160.41112,1895.9744
-328.17242,152.8734,1878.2269
-315.05182,142.79323,1863.4819
-297.9664,135.70372,1853.0973
-285.3404,127.469986,1844.3188
-271.60275,121.55043,1838.0739
-255.6117,117.301216,1835.4376
-239.7804,118.579605,1835.6919
-229.38931,119.79171,1834.8231
-213.19067,124.88707,1836.9039
-201.57245,127.87343,1839.4602
-185.78333,137.43506,1844.2224
-176.89528,145.24313,1849.5947
-169.95134,152.13344,1856.2983
-169.4775,163.0745,1860.1494
-165.73648,173.50366,1868.106
-165.36853,179.25699,1874.06
-163.68439,191.12265,1881.5443
-166.33054,201.46799,1890.3405
-169.65837,206.73807,1896.6708
-168.83282,209.35541,1902.3638
-166.42287,210.65527,1906.7207
-169.20404,211.3305,1909.3668
-175.08043,200.14893,1907.6677
-188.53256,191.59598,1900.8013
-199.74664,183.81198,1892.3503
-210.82224,169.39813,1885.5828
-221.64688,149.94254,1880.0428
-231.66504,131.35724,1874.3242
-245.12305,114.01043,1870.4022
-261.2857,95.274925,1865.8313
-276.53577,74.57665,1860.7615
-295.57,61.612473,1857.6152
-313.71143,44.26374,1855.6471
-331.726,34.50554,1854.1095
-347.27777,22.153786,1852.7963
-365.5299,15.954147,1851.6584
-383.30676,12.504768,1848.695
-400.66675,8.246807,1843.724
-415.39352,4.654743,1838.7705
-433.71637,6.8344307,1831.3296
-449.36572,15.412102,1826.6155
-463.20248,19.708044,1822.2704
-481.09998,32.35101,1816.6151
-498.0786,40.7055,1808.3387
-508.97064,52.21341,1808.4724
-521.2225,62.92253,1805.6812
-534.03625,75.840836,1801.3269
-546.3953,88.09774,1794.9335
-556.25183,99.1173,1788.0463
-564.4301,109.109116,1779.5315
-568.3829,117.57642,1772.9264
-573.14453,123.9147,1763.9723
-577.01215,125.00903,1753.3652
-580.63116,123.72697,1742.8983
-580.93164,116.33821,1731.7247
-578.9971,105.79062,1724.1057
-578.41455,93.73909,1714.8568
-572.48083,77.82524,1710.0677
-565.1327,61.332073,1705.0132
-555.4278,44.74865,1704.0034
-545.6671,28.202679,1704.9658
-532.5791,11.7741785,1706.6808
-521.26447,-2.5299702,1709.9734
-504.08185,-13.83503,1715.906
-488.97388,-26.998562,1722.9154
-476.52533,-37.953453,1726.9772
-467.7428,-51.498135,1727.0166
-456.8634,-66.25597,1730.5248
-446.92902,-78.12171,1730.2722
-442.95667,-89.061066,1723.627
-438.9712,-98.531334,1719.3007
-437.97168,-103.773766,1713.1177
-442.4573,-106.40754,1701.5095
-450.70807,-105.21701,1690.6874
-459.31372,-104.13999,1677.2675
-468.64163,-100.075424,1665.0942
-471.60843,-90.7699,1664.5023
-480.74127,-79.56612,1658.1177
-492.64218,-64.7724,1651.1111
-508.8133,-46.005825,1642.6846
-525.8702,-25.125027,1635.3313
-542.7618,1.7447186,1631.5188
-560.1669,30.203434,1631.084
-578.69586,59.657185,1626.8867
-597.3324,92.92007,1625.3138
-616.10126,128.40182,1621.8339
-633.83685,160.91846,1618.3057
-652.3188,199.47406,1614.7001
-669.8679,235.92271,1609.1161
-683.90045,269.13647,1602.5018
-694.97687,302.0506,1596.713
-702.5549,336.4034,1595.8936
-708.3206,367.5255,1591.2457
-710.7379,397.94687,1583.8815
-711.6499,424.408,1578.3884
-710.74207,446.1061,1569.0549
-706.52106,464.70166,1564.9207
-702.8173,476.18665,1557.5776
-696.5856,486.26758,1548.9868
-689.5381,490.8109,1543.7709
-679.6569,490.91782,1537.1085
-672.19525,482.60104,1530.2653
-663.194,471.75568,1524.1566
-658.4422,451.85703,1523.7994
-665.21747,448.45395,1539.8572
-677.5789,426.23,1554.3895
-670.30383,393.1577,1549.658
-664.1556,367.1036,1546.3033
-661.08167,345.07822,1541.6266
-658.5464,325.5584,1542.2986
-659.7928,304.3344,1544.6123
-662.91644,276.73157,1548.7611
-664.97516,248.90897,1556.3538
-667.5059,224.01158,1568.1383
-673.7809,197.58649,1581.5168
-679.9253,174.36911,1596.2158
-686.4735,151.2249,1612.0786
-689.7997,134.69351,1629.0094
-696.91174,118.88197,1647.4835
-696.3801,108.894394,1665.7343
-697.17554,104.41237,1681.891
-693.5957,99.6819,1694.4769
-681.8366,100.95286,1704.1858
-675.9229,96.47538,1708.0936
-661.93384,95.182365,1708.6128
-647.1875,90.62423,1706.4055
-632.3047,85.121666,1701.8607
-613.8645,79.22465,1695.1791
-596.0525,73.58995,1688.1088
-580.31006,67.24757,1679.0266
-561.466,64.249664,1668.7335
-553.7204,56.16578,1654.8074
-538.2418,53.324226,1642.8032
-582.5022,33.105164,2123.6755
-578.46826,34.891846,2120.2488
-573.59625,37.672424,2119.3303
-566.82764,37.74829,2114.1855
-555.98627,35.18756,2102.9324
-550.82697,32.553894,2089.6418
-546.4614,28.81897,2078.8203
-535.4142,32.052032,2067.0222
-525.8446,33.131683,2052.272
-512.98193,34.36734,2037.873
-501.26202,40.756958,2026.094
-483.63742,44.53943,2013.4734
-464.87515,47.948273,2003.3901
-446.12186,53.585724,1994.7583
-426.69946,57.373993,1989.4126
-406.04184,61.24005,1985.8522
-382.06067,63.126556,1985.4558
-358.54803,64.56497,1985.2382
-335.88348,64.344635,1988.617
-318.02213,61.735046,1994.2767
-292.5664,55.38672,2007.1536
-261.79193,52.20642,2017.5612
-233.40552,58.112823,2029.2712
-211.21432,65.06273,2035.6355
-191.63397,72.54585,2042.3167
-177.80724,75.7617,2044.6681
-168.40164,79.88048,2043.3391
-167.68988,76.42996,2039.1771
-168.86012,78.223236,2041.0876
-167.43578,83.61856,2038.5564
-161.1952,87.79608,2033.7845
-159.10008,86.886856,2030.4087
-161.55087,84.93968,2025.2085
-161.28412,83.463425,2022.1039
-164.13531,85.715775,2022.0708
-167.57738,86.3568,2019.5348
-169.80399,87.65027,2019.8247
-172.8887,88.311035,2016.4232
-173.88374,87.09804,2007.2476
-170.94154,82.545166,1996.1284
-164.44394,74.75105,1985.0732
-155.22574,64.87671,1973.5436
-148.65186,66.248474,1964.769
-135.00655,58.37921,1950.435
-122.62203,60.80081,1933.5751
-108.28725,56.028137,1913.072
-94.16875,51.994568,1889.754
-85.08303,56.398468,1866.3254
-78.43205,60.13626,1838.8
-67.57115,61.234528,1812.7705
-56.714478,62.222137,1790.2705
-44.12625,66.27939,1767.149
-32.062347,58.645386,1740.5778
-17.041159,53.32675,1718.2938
-8.529638,51.166016,1699.1542
-3.2684593,50.088806,1684.5814
3.376092,49.545563,1674.7877
7.992485,56.08084,1671.4913
13.05108,57.55658,1667.727
16.929615,59.46646,1664.9453
21.136814,60.046204,1662.6869
24.155613,60.30429,1660.2848
29.750343,56.949127,1657.1652
36.340343,53.025635,1655.6545
43.60463,53.91037,1654.4762
52.297432,52.53531,1651.8694
61.264175,52.459503,1648.9131
71.452965,55.04315,1647.3372
82.47154,49.586456,1645.0879
96.56006,47.007324,1642.61
110.516266,41.847015,1639.2693
128.2261,37.58249,1636.8949
147.84468,33.343506,1632.7247
172.70432,23.85965,1625.0204
197.58487,21.010681,1616.2808
224.43828,20.994263,1604.3848
250.80766,30.99768,1595.6113
276.93192,37.28842,1583.1274
300.41272,46.800323,1571.7101
323.56567,54.57242,1561.4526
346.0986,59.635193,1550.0042
366.49442,62.795807,1539.6707
391.84076,65.575806,1524.3159
412.94952,67.23953,1512.7229
429.80536,70.77585,1504.8018
444.07294,68.246826,1495.3865
452.5759,75.50333,1493.4291
457.2809,81.25032,1491.2227
461.61456,86.14569,1484.6139
466.26428,68.77524,1468.7845
470.1365,70.88179,1461.8872
471.24728,54.528503,1448.0613
473.62476,57.76895,1439.0223
479.18915,61.177673,1427.8865
488.25577,69.944885,1414.6895
497.8851,74.26941,1399.0726
491.43637,107.64978,1403.072
478.8556,101.81677,1400.2383
469.70087,96.41391,1398.666
473.89127,47.22473,1403.4126
457.60223,-2.2815247,1372.7418
434.47623,-32.092575,1321.9509
422.0248,-66.2374,1282.4058
449.67816,-98.51181,1302.7346
502.9074,-100.4314,1317.9586
544.7117,-101.957535,1315.4425
567.06177,-102.09299,1310.3466
578.5485,-102.02309,1306.9803
584.4338,-101.95715,1305.2341
587.47516,-101.91745,1304.4606
589.0724,-101.896545,1304.1904
589.92883,-101.88669,1304.158
590.3949,-101.88359,1304.2262
590.63947,-101.886185,1304.3279
590.7225,-101.897675,1304.4319
590.7902,-101.90321,1304.528
590.845,-101.90585,1304.6106
590.8892,-101.90701,1304.6802
590.92487,-101.90753,1304.7374
590.9534,-101.90756,1304.7838
590.9764,-101.907394,1304.8215
590.9948,-101.90721,1304.8518
591.0095,-101.90689,1304.8763
591.02136,-101.906555,1304.896
591.0309,-101.906235,1304.9116
591.0384,-101.90588,1304.9243
591.04443,-101.90552,1304.9344
591.04926,-101.90518,1304.9426
591.05304,-101.904785,1304.9493
591.0561,-101.904465,1304.9546
591.0585,-101.90411,1304.9589
591.0604,-101.90378,1304.9623
591.06195,-101.90341,1304.9651
591.0632,-101.903076,1304.9674
591.0641,-101.902725,1304.9692
591.0649,-101.902374,1304.9708
591.0655,-101.90201,1304.972
591.06604,-101.90167,1304.9731
591.0664,-101.90134,1304.974
591.0667,-101.901,1304.9747
591.06696,-101.900635,1304.9755
591.06714,-101.90027,1304.9758
591.06726,-101.89996,1304.9764
591.06744,-101.8996,1304.9768
591.0675,-101.89928,1304.9772
591.0676,-101.89891,1304.9775
591.0677,-101.89859,1304.9778
591.06775,-101.898254,1304.9781
591.0678,-101.89789,1304.9784
591.0678,-101.89754,1304.9786
591.0678,-101.89719,1304.9789
591.0679,-101.896866,1304.9791
591.0679,-101.896484,1304.9794
591.0678,-101.89615,1304.9795
591.0678,-101.89581,1304.9797
591.0678,-101.89546,1304.98
591.06775,-101.89511,1304.9802
591.06775,-101.894775,1304.9805
591.0677,-101.894424,1304.9806
591.0677,-101.89409,1304.9808
591.0677,-101.89369,1304.9812
591.0676,-101.89336,1304.9812
591.0676,-101.893036,1304.9816
591.0676,-101.89267,1304.9817
591.06757,-101.892334,1304.9819
591.06757,-101.89197,1304.9822
591.06757,-101.89165,1304.9823
591.0675,-101.8913,1304.9825
591.0675,-101.890915,1304.9827
591.06744,-101.890594,1304.9829
591.06744,-101.89026,1304.983
591.06744,-101.88991,1304.9833
591.0674,-101.88956,1304.9835
591.0674,-101.88919,1304.9836
591.0674,-101.888855,1304.9839
591.0673,-101.888504,1304.984
591.0673,-101.88814,1304.9843
591.0673,-101.88782,1304.9845
591.06726,-101.88747,1304.9846
591.06726,-101.88713,1304.9849
591.06726,-101.886765,1304.985
591.0672,-101.88643,1304.9852
591.0672,-101.88608,1304.9855
591.0672,-101.88574,1304.9856
591.06714,-101.88536,1304.9858
591.06714,-101.885025,1304.986
591.0671,-101.88469,1304.9862
591.0671,-101.88434,1304.9865
591.0671,-101.884,1304.9866
591.067,-101.88364,1304.9868
591.067,-101.8833,1304.9869
591.067,-101.882965,1304.9872
591.06696,-101.8826,1304.9874
591.06696,-101.88223,1304.9875
591.06696,-101.88193,1304.9878
634.9658,-80.88461,1167.443
409.80505,20.282715,1136.7103
258.6537,62.547577,1108.1827
195.13478,51.93112,1103.9343
163.70605,44.729523,1097.9594
148.17705,40.732452,1093.987
140.4722,38.64566,1091.7537
136.63817,37.58322,1090.5752
134.72914,37.050262,1089.9706
125.9136,-118.06586,1064.2146
189.38013,-303.2976,1055.4028
212.71573,-395.1994,1040.8488
222.13754,-440.1874,1031.3225
226.2833,-462.34717,1026.0488
228.21548,-473.33145,1023.2926
229.14668,-478.7973,1021.88654
163.15273,-466.01584,939.87
133.95398,-458.27484,892.76306
120.53599,-453.9927,867.8699
114.14884,-451.74054,855.1165
111.03968,-450.58557,848.66797
109.50761,-450.0006,845.42786
108.75332,-449.7044,843.8124
108.38502,-449.5537,843.0139
108.21517,-449.47406,842.6337
108.1979,-449.41336,842.53613
273.53064,-369.443,817.02405
350.2746,-316.30786,788.80927
386.18744,-285.865,771.97626
403.42667,-269.6359,763.0502
395.99777,152.24753,578.98804
489.72858,306.42264,836.4194
527.08136,293.85764,987.50586
533.087,269.94748,1055.4508
533.3601,254.17953,1086.0044
532.8942,245.45181,1100.2617
532.5224,240.89322,1107.1162
532.3039,238.56815,1110.4724
532.1871,237.39517,1112.1316
532.1289,236.80905,1112.9539
532.1064,236.52518,1113.3547
532.0987,236.38828,1113.55
532.14734,236.39206,1113.5802
532.17163,236.39401,1113.5952
532.1838,236.39511,1113.6025
532.1899,236.39566,1113.6063
532.1929,236.39609,1113.6082
532.1944,236.3964,1113.6091
532.1952,236.39658,1113.6096
532.1955,236.39676,1113.6099
532.1957,236.39688,1113.6101
532.19574,236.39706,1113.6101
532.19574,236.39725,1113.6101
532.1958,236.39737,1113.61
532.1958,236.39755,1113.61
532.19574,236.39767,1113.61
532.19574,236.39786,1113.61
532.19574,236.39798,1113.6101
532.1957,236.39816,1113.6101
532.1957,236.39835,1113.6101
532.1957,236.39847,1113.6101
532.1956,236.39865,1113.6101
532.1956,236.39877,1113.6101
532.1956,236.39896,1113.6101
532.1956,236.39908,1113.6101
532.19556,236.39926,1113.6101
532.19556,236.39944,1113.6101
532.19556,236.39957,1113.6101
532.1955,236.39969,1113.6101
532.1955,236.39987,1113.6101
532.1955,236.40005,1113.6101
532.19543,236.40018,1113.6101
532.19543,236.40036,1113.6102
532.19543,236.40054,1113.6102
532.1954,236.40067,1113.6101
532.1954,236.40085,1113.6101
532.1954,236.40103,1113.6101
532.1953,236.40115,1113.6101
532.1953,236.40128,1113.6101
532.1953,236.40146,1113.6102
532.19525,236.40164,1113.6102
532.19525,236.40176,1113.6102
532.19525,236.40195,1113.6102
532.1952,236.40207,1113.6102
532.1952,236.40225,1113.6102
532.1952,236.40237,1113.6101
532.1951,236.40256,1113.6101
532.1951,236.40274,1113.6102
532.1951,236.40286,1113.6102
532.19507,236.40305,1113.6102
532.19507,236.40317,1113.6102
532.19507,236.40335,1113.6102
532.195,236.40347,1113.6102
532.195,236.40366,1113.6101
532.195,236.40384,1113.6102
532.19495,236.40396,1113.6102
532.19495,236.40414,1113.6102
532.19495,236.40433,1113.6102
532.1949,236.40445,1113.6102
532.1949,236.40457,1113.6102
532.1949,236.40475,1113.6102
532.19476,236.40494,1113.6102
532.19476,236.40506,1113.6104
532.19476,236.40524,1113.6104
532.19476,236.40543,1113.6102
532.1947,236.40555,1113.6102
532.1947,236.40567,1113.6102
532.1947,236.40585,1113.6102
532.19464,236.40604,1113.6102
532.19464,236.40616,1113.6104
532.19464,236.40634,1113.6104
532.1946,236.40652,1113.6104
532.1946,236.40665,1113.6102
532.1946,236.40677,1113.6102
532.1945,236.40695,1113.6102
532.1945,236.40714,1113.6102
532.1945,236.40726,1113.6102
532.19446,236.40744,1113.6104
532.19446,236.40756,1113.6104
532.19446,236.40775,1113.6104
532.1944,236.40787,1113.6104
532.1944,236.40805,1113.6104
532.1944,236.40823,1113.6104
532.19434,236.40836,1113.6102
532.19434,236.40854,1113.6104
532.19434,236.40872,1113.6104
532.1943,236.40884,1113.6104
532.1943,236.40897,1113.6104
532.1943,236.40915,1113.6104
532.1942,236.40933,1113.6104
532.1942,236.40945,1113.6104
532.1942,236.40964,1113.6104
532.19415,236.40982,1113.6104
532.19415,236.40994,1113.6104
532.19415,236.41006,1113.6104
532.1941,236.41025,1113.6104
532.1941,236.41043,1113.6104
532.1941,236.41055,1113.6104
532.19403,236.41074,1113.6104
532.19403,236.41086,1113.6105
532.19403,236.41104,1113.6105
532.194,236.41116,1113.6105
532.194,236.41135,1113.6105
532.194,236.41153,1113.6104
532.1939,236.41165,1113.6104
532.1939,236.41183,1113.6104
532.1939,236.41202,1113.6104
532.1939,236.41214,1113.6105
532.19385,236.41226,1113.6105
532.19385,236.41245,1113.6105
532.19385,236.41263,1113.6105
532.1938,236.41275,1113.6104
532.1938,236.41293,1113.6104
532.1938,236.41312,1113.6104
532.1937,236.41324,1113.6105
532.1937,236.41336,1113.6105
532.1937,236.41354,1113.6105
532.19366,236.41373,1113.6105
532.19366,236.41385,1113.6105
532.19366,236.41403,1113.6105
532.1936,236.41422,1113.6105
532.1936,236.41434,1113.6106
532.1936,236.41452,1113.6105
532.19354,236.41464,1113.6105
532.19354,236.41483,1113.6105
532.19354,236.41495,1113.6105
532.1935,236.41513,1113.6105
532.1935,236.41525,1113.6105
532.1935,236.41544,1113.6105
532.1934,236.41562,1113.6106
532.1934,236.4158,1113.6105
532.1934,236.41592,1113.6105
532.19336,236.41605,1113.6105
532.19336,236.41623,1113.6105
532.19336,236.41641,1113.6105
532.1933,236.41653,1113.6105
532.1933,236.41672,1113.6106
532.1933,236.41684,1113.6106
532.19324,236.41702,1113.6106
532.19324,236.41714,1113.6106
532.19324,236.41733,1113.6106
532.1932,236.41751,1113.6105
532.1932,236.41763,1113.6105
532.1932,236.41776,1113.6105
532.1932,236.41794,1113.6106
532.1931,236.41812,1113.6106
532.1931,236.41824,1113.6106
532.1931,236.41843,1113.6106
532.19305,236.41861,1113.6106
532.19305,236.41873,1113.6105
532.19305,236.41885,1113.6105
532.193,236.41904,1113.6106
532.193,236.41922,1113.6106
532.193,236.41934,1113.6106
532.19293,236.41953,1113.6106
532.19293,236.41971,1113.6106
532.19293,236.41983,1113.6106
532.1929,236.42001,1113.6106
532.1929,236.4202,1113.6106
532.1929,236.42032,1113.6107
532.1928,236.42044,1113.6107
532.1928,236.42062,1113.6106
532.1928,236.4208,1113.6106
532.19275,236.42093,1113.6106
532.19275,236.42111,1113.6106
532.19275,236.4213,1113.6106
532.1927,236.42142,1113.6107
532.1927,236.42154,1113.6107
532.1927,236.42172,1113.6107
532.1926,236.4219,1113.6106
532.1926,236.42203,1113.6106
532.1926,236.42215,1113.6106
532.19257,236.42233,1113.6106
532.19257,236.42252,1113.6106
532.19257,236.42264,1113.6107
532.1925,236.42282,1113.6107
532.1925,236.42294,1113.6107
532.1925,236.42313,1113.6107
532.1924,236.42331,1113.6107
532.1924,236.4235,1113.6107
532.1924,236.42361,1113.6106
532.1923,236.42374,1113.6107
532.1923,236.42392,1113.6107
532.1923,236.4241,1113.6107
532.1923,236.42422,1113.6107
532.19226,236.42441,1113.6107
532.19226,236.42459,1113.6107
532.19226,236.42471,1113.6107
532.1922,236.42484,1113.6106
532.1922,236.42502,1113.6107
532.1922,236.4252,1113.6107
532.19214,236.42532,1113.6107
532.19214,236.4255,1113.6107
532.19214,236.42569,1113.6107
532.1921,236.42581,1113.6107
532.1921,236.42593,1113.6107
532.1921,236.42612,1113.6108
532.192,236.4263,1113.6108
532.192,236.42642,1113.6108
532.192,236.42654,1113.6107
532.19196,236.42673,1113.6107
532.19196,236.42691,1113.6107
532.19196,236.4271,1113.6107
532.1919,236.42722,1113.6107
532.1919,236.4274,1113.6108
532.1919,236.42752,1113.6108
532.19183,236.4277,1113.6108
532.19183,236.42789,1113.6108
532.19183,236.42801,1113.6107
532.1918,236.42819,1113.6107
532.1918,236.42831,1113.6107
532.1918,236.4285,1113.6108
532.1917,236.42862,1113.6108
532.1917,236.4288,1113.6108
532.1917,236.42892,1113.6108
532.19165,236.42911,1113.6108
532.19165,236.42923,1113.6108
532.19165,236.42941,1113.6108
532.1916,236.4296,1113.6108
532.1916,236.42972,1113.6108
532.1916,236.4299,1113.6108
532.1915,236.43002,1113.6108
532.1915,236.4302,1113.6108
532.1915,236.43033,1113.6108
532.19147,236.43051,1113.6108
532.19147,236.43063,1113.6108
532.19147,236.43082,1113.611
532.19147,236.43094,1113.6108
532.1914,236.43118,1113.6108
532.1914,236.4313,1113.6108
532.1914,236.43149,1113.6108
532.19135,236.43161,1113.6108
532.19135,236.4318,1113.6108
532.19135,236.43192,1113.6108
532.1913,236.4321,1113.611
532.1913,236.43222,1113.611
532.1913,236.4324,1113.611
532.1912,236.43259,1113.611
532.1912,236.43271,1113.6108
532.1912,236.43289,1113.6108
532.19116,236.43301,1113.6108
532.19116,236.4332,1113.611
532.19116,236.43332,1113.611
532.1911,236.4335,1113.611
532.1911,236.43362,1113.611
532.1911,236.4338,1113.611
532.19104,236.43399,1113.611
532.19104,236.43411,1113.6108
532.19104,236.43423,1113.611
532.191,236.43442,1113.611
532.191,236.4346,1113.611
532.191,236.43478,1113.611
532.1909,236.4349,1113.611
532.1909,236.43509,1113.611
532.1909,236.43521,1113.611
532.19086,236.4354,1113.611
532.19086,236.43558,1113.6111
532.19086,236.4357,1113.6111
532.1908,236.43588,1113.611
532.1908,236.436,1113.611
532.1908,236.43619,1113.611
532.19073,236.43631,1113.611
532.19073,236.4365,1113.611
532.19073,236.43668,1113.6111
532.19073,236.4368,1113.6111
532.1907,236.43698,1113.6111
532.1907,236.4371,1113.6111
532.1906,236.43729,1113.611
532.1906,236.43741,1113.611
532.1906,236.43759,1113.611
532.1906,236.43771,1113.611
532.19055,236.4379,1113.6111
532.19055,236.43802,1113.6111
532.19055,236.4382,1113.6111
532.1905,236.43839,1113.6111
532.1905,236.4385,1113.6111
532.1905,236.43863,1113.6111
532.1904,236.43887,1113.6111
532.1904,236.439,1113.6111
532.1904,236.43918,1113.6111
532.19037,236.43936,1113.6111
532.19037,236.43948,1113.6111
532.19037,236.4396,1113.6111
532.1903,236.43979,1113.6111
532.1903,236.43997,1113.6111
532.1903,236.4401,1113.6111
532.19025,236.44022,1113.6111
532.19025,236.4404,1113.6111
532.19025,236.44058,1113.6111
532.1902,236.4407,1113.6111
532.1902,236.44089,1113.6111
532.1902,236.44101,1113.6111
532.1901,236.4412,1113.6111
