-210.23538,-964.8323,2655.9116
-201.6431,-874.52875,2512.0955
-174.75058,-911.0563,2504.3196
-191.71936,-910.97095,2468.4917
-218.15845,-940.83936,2457.8877
-234.49432,-971.0896,2478.7268
-236.7692,-971.2273,2471.2017
-223.93439,-1002.2097,2459.3647
-195.46437,-1001.7776,2473.1492
-186.39526,-998.7495,2474.877
-182.24702,-1000.3228,2475.9272
-189.91136,-1013.66675,2470.812
-193.52377,-1009.9651,2466.4385
-199.03214,-982.99927,2457.0225
-209.41063,-992.75366,2443.5693
-208.6236,-989.32495,2466.58
-204.6738,-989.2689,2466.0354
-205.98073,-998.9901,2452.8057
-207.57605,-999.107,2448.782
-199.19437,-1008.8292,2487.2646
-208.56215,-1002.30237,2456.5442
-205.41928,-1027.157,2434.4128
-203.1094,-1014.9468,2444.2988
-236.11972,-958.86676,2554.5974
-239.25111,-963.0585,2561.0818
-239.75774,-961.40485,2574.794
-234.6719,-961.16174,2576.9946
-237.0245,-993.30963,2576.0378
-235.84705,-984.9133,2596.6584
-237.79617,-981.1745,2595.3022
-236.54794,-975.06085,2588.7585
-235.85501,-959.9314,2485.517
-229.25725,-1017.80237,2518.689
-224.7876,-1001.1448,2528.8137
-220.9421,-990.4636,2535.7268
-221.70798,-988.7058,2533.3225
-218.93483,-972.8751,2532.5237
-210.15695,-954.8992,2547.7966
-208.98848,-953.4113,2550.9602
-208.65315,-952.2302,2554.4338
-213.91003,-953.83264,2548.7446
-219.75722,-959.91895,2550.9573
-237.39133,-947.7087,2503.3623
-218.34206,-988.5146,2481.271
-222.42763,-986.752,2475.4028
-217.5197,-1003.5242,2470.2449
-217.21463,-1012.0869,2466.7905
-212.36244,-1015.35187,2470.0376
-210.29276,-1019.7178,2472.67
-184.85495,-998.5364,2478.233
-192.14796,-1005.03577,2474.6152
-193.20085,-996.54285,2475.2056
-202.45361,-1025.1016,2479.7192
-214.72456,-988.82043,2447.26
-209.2766,-994.4638,2455.4368
-204.96858,-995.25183,2458.639
-220.64516,-1001.11365,2474.401
-225.13628,-1005.18445,2482.4792
-186.80026,-981.8256,2503.1553
-212.91548,-998.52045,2536.8352
-225.1318,-976.29016,2510.5261
-222.34563,-975.51575,2502.229
-220.66779,-972.0403,2495.7852
-219.1547,-978.9291,2500.6216
-215.0047,-980.4016,2485.831
-218.03868,-983.61145,2481.3716
-220.04149,-990.51685,2486.7698
-219.79657,-990.8377,2506.2188
-224.3625,-998.5901,2522.5347
-228.8118,-1004.1161,2524.3625
-219.879,-991.0715,2534.928
-214.1518,-987.7377,2538.3445
-210.0577,-985.75464,2539.4634
-203.17621,-992.02454,2561.454
-202.02348,-987.8905,2575.473
-198.89111,-982.14954,2587.9768
-196.34799,-984.9349,2601.2307
-196.16096,-985.5028,2602.6882
-190.85681,-987.95953,2592.1023
-189.19504,-994.4005,2581.8484
-172.59538,-1029.2246,2470.9224
-145.04826,-1025.3112,2574.4443
-141.72363,-1014.71924,2601.4846
-138.0536,-1008.7609,2629.5603
-133.63568,-1014.6205,2662.7434
-128.68863,-996.91876,2682.1543
-134.45917,-985.6267,2667.617
-177.8632,-924.86664,2513.8809
-180.32529,-924.9208,2516.2534
-199.57712,-944.20667,2511.2253
-194.68594,-944.8512,2523.149
-192.69516,-946.7517,2533.1206
-170.3281,-970.76086,2569.1255
-150.70198,-1004.1865,2605.8438
-236.89767,-932.2029,2652.1343
-236.53633,-949.8105,2689.2527
-234.94089,-988.7189,2729.293
-249.80815,-1009.59607,2847.4521
-224.76811,-1034.0153,2884.0461
-222.9668,-1027.7625,2878.549
-215.31009,-1023.79456,2884.681
-213.9866,-1027.508,2893.4949
-233.60762,-1012.7202,2963.692
-233.5,-1027.8004,2938.5928
-251.584,-1030.521,2909.8352
-251.85822,-1010.71204,2886.277
-245.94846,-1067.5779,2909.6853
-245.38553,-1060.3936,2912.163
-243.18964,-1045.6195,2910.869
-233.81148,-1103.0662,3015.0173
-272.3953,-1013.16534,3024.339
-267.99457,-1013.2472,3020.3933
-261.47766,-1016.32306,2982.8608
-256.42004,-1025.8365,2970.5618
-255.65135,-1055.5499,2968.4863
-239.5039,-1023.9098,2948.9956
-226.46335,-1013.1596,2934.5881
-232.31299,-1001.9419,2939.963
-233.1022,-1016.1609,2945.7075
-228.43451,-1035.4749,2909.5312
-228.46411,-1045.4464,2884.2942
-248.72183,-1080.5336,2932.6885
-248.00569,-1077.6418,2929.1182
-243.15352,-1076.0581,2937.736
-240.42435,-1066.8723,2952.4446
-196.85945,-971.89514,2885.163
-238.1542,-1000.1349,2937.7126
-242.16002,-1005.5495,2937.8813
-240.16832,-1039.237,2914.9495
-223.11942,-1036.4419,2944.9155
-224.47775,-1007.9864,2961.9043
-254.11894,-1015.9276,2924.028
-242.49289,-1017.6166,2918.9783
-232.78914,-1029.6036,2920.0388
-229.98618,-1044.9573,2916.1587
-231.76836,-1038.2402,2923.6035
-235.47035,-1031.6467,2917.2412
-234.88884,-1035.4229,2912.9739
-234.0689,-1035.5388,2905.1768
-231.1364,-1030.0293,2903.2925
-237.72882,-1049.5168,2941.981
-234.34471,-1049.3066,2948.9207
-234.16696,-1049.0305,2953.3772
-247.18584,-1031.6675,2918.929
-246.96167,-1038.7906,2916.9504
-275.05597,-1041.3983,2798.858
-265.49664,-1041.8081,2833.8733
-264.21252,-1045.0714,2843.9211
-244.57259,-1054.5166,2862.4082
-214.383,-1038.5393,2902.9333
-233.42105,-1028.243,2906.097
-229.21855,-1034.9424,2904.6055
-233.21892,-1007.8106,2893.0498
-213.49368,-1040.7771,2947.36
-211.91385,-1037.8154,2965.724
-211.13005,-1024.1799,2951.4114
-214.73065,-1034.1141,2944.2834
-234.6012,-1013.52295,2927.9949
-216.39578,-1001.1356,2891.6267
-217.4835,-1010.5111,2893.832
-219.87616,-1007.78015,2906.6128
-218.84383,-1017.7556,2906.819
-242.75552,-1022.4704,2923.3088
-252.00795,-1047.7413,2962.3015
-251.61029,-1048.5391,2953.644
-248.7339,-1039.0242,2953.5159
-249.42888,-1043.6133,2947.4968
-246.15114,-1056.5055,2932.0972
-246.33133,-1061.8262,2930.0444
-243.60422,-1063.1685,2943.034
-245.22836,-1059.0898,2947.7263
-245.5806,-1050.1064,2957.0664
-243.8909,-1049.2322,2956.8381
-241.7106,-1048.7285,2954.691
-233.23225,-1036.5881,2947.3567
-225.67221,-1032.6404,2937.0159
-200.84222,-1013.9475,2920.572
-204.54578,-1011.0901,2922.3872
-227.50082,-1013.6157,2914.2751
-225.14494,-1011.7031,2920.0352
-224.32315,-1013.84595,2926.4905
-224.34912,-1006.2832,2932.9697
-226.06004,-1011.41626,2940.4285
-222.65211,-1007.75726,2941.5552
-226.04892,-1016.6853,2937.2144
-230.69849,-1016.8302,2971.7705
-228.6007,-1020.08215,2960.74
-229.05298,-1020.9861,2958.6794
-233.52814,-1030.9285,2949.4458
-241.16537,-1070.732,2943.9402
-237.99117,-1072.6135,2939.2761
-233.90694,-1063.2878,2934.3052
-232.42079,-1052.09,2934.532
-232.98367,-1046.6516,2946.7092
-232.21637,-1044.5593,2949.7249
-249.3862,-1022.18994,2913.2368
-243.89703,-1026.6089,2922.5518
-236.44928,-1025.9531,2927.1306
-233.55675,-1032.9961,2935.5195
-233.98386,-1034.7537,2936.7083
-242.67183,-1055.9822,2921.6414
-245.63264,-1069.8562,2914.5676
-238.85678,-1045.0974,2913.9314
-231.13489,-1033.6237,2920.2942
-247.07542,-1041.729,2929.604
-236.97813,-1033.5472,2926.8298
-246.82353,-1028.4257,2951.709
-247.68774,-1027.2097,2955.7693
-247.79117,-1020.56396,2956.1235
-247.11623,-995.16956,2919.184
-241.2468,-988.54443,2933.6523
-245.90164,-1001.7047,2936.2087
-213.40587,-992.9668,2984.9143
-213.61266,-995.88,2991.8774
-245.60884,-1030.0789,2996.0725
-249.28276,-1031.0486,2987.4268
-254.33635,-1004.98267,2951.6873
-261.10675,-998.15906,2929.201
-258.73044,-991.2815,2918.2705
-256.4603,-996.2328,2902.4092
-254.18646,-1004.5501,2889.3572
-252.74622,-1004.6855,2891.341
-253.28426,-998.24634,2885.6711
-252.51187,-997.317,2888.792
-249.9375,-1010.81445,2903.323
-247.99791,-1042.8087,2908.9854
-243.932,-1057.0076,2917.3083
-244.47014,-1060.6188,2919.3003
-237.58304,-1048.2812,2894.1802
-242.68709,-1045.3655,2880.2952
-234.69356,-1039.2568,2908.6548
-239.23683,-1039.8145,2903.584
-237.22293,-1036.7126,2897.5786
-240.0352,-1047.9534,2897.1528
-234.07764,-1033.0682,2879.7168
-237.03142,-1035.3717,2880.5896
-241.35147,-1020.6884,2850.602
-268.10953,-1006.73474,2827.5928
-259.98926,-1007.89386,2826.3489
-254.47183,-1008.8532,2824.3904
-255.70465,-976.1399,2819.4976
-260.53308,-932.8932,2792.9265
-263.96643,-890.9502,2800.261
-255.96007,-882.0541,2793.3975
-255.8257,-877.4852,2795.791
-264.0303,-875.49725,2794.5876
-270.2312,-875.6212,2791.5823
-278.41846,-882.9552,2793.2542
-281.41766,-886.82715,2776.2363
-288.2521,-890.28467,2773.3716
-295.3849,-898.9064,2774.8943
-305.11682,-912.3424,2779.6157
-307.99564,-910.0344,2765.3828
-313.1297,-910.8358,2762.9553
-320.49908,-907.75793,2757.852
-317.07178,-899.4254,2745.0876
-319.49207,-902.96716,2744.2207
-326.90814,-900.2881,2741.9128
-331.11588,-909.9487,2747.5674
-328.12378,-908.3406,2741.069
-324.7785,-896.8528,2725.0278
-328.87256,-893.40753,2729.5571
-327.5205,-886.62244,2726.6475
-324.46472,-888.28156,2722.0818
-318.26312,-879.93835,2709.0537
-319.25824,-874.58997,2713.1545
-317.9486,-871.6438,2713.4355
-312.8608,-870.4845,2709.4807
-303.5597,-864.7035,2701.2292
-301.9043,-868.1145,2706.6868
-303.00253,-864.93506,2707.5725
-297.7411,-859.124,2705.6267
-295.7594,-863.5834,2709.8716
-290.20132,-861.31885,2706.1455
-289.25253,-864.72253,2710.2236
-288.45654,-864.4822,2708.8499
-289.779,-861.10846,2707.5562
-288.2126,-858.2562,2706.252
-294.0333,-860.943,2714.5095
-283.29388,-855.3696,2697.974
-288.84915,-856.02454,2710.653
-285.3876,-862.24023,2713.1753
-283.00772,-861.3743,2706.628
-288.16876,-860.00684,2714.068
-287.7536,-856.3961,2710.197
-282.92365,-857.7751,2704.3274
-286.1228,-855.1248,2713.8857
-283.2908,-852.8771,2712.4678
-288.74078,-852.22034,2717.0295
-280.536,-855.10095,2708.643
-279.54135,-855.3397,2711.9885
-278.7029,-857.18054,2712.2356
-279.9011,-847.8157,2720.6382
-271.72464,-848.719,2716.4604
-268.4405,-846.9359,2712.248
-269.35345,-846.097,2716.254
-265.72382,-845.08826,2719.4675
-265.40884,-844.8033,2722.6733
-265.19653,-839.72705,2722.8152
-273.99063,-837.67505,2728.9807
-277.22272,-838.9334,2719.6904
-295.26746,-841.2729,2729.9966
-323.14777,-835.41534,2736.8206
-365.09192,-830.7068,2737.5095
-424.0357,-814.95056,2757.9065
-461.72617,-767.99677,2777.2473
-468.4743,-684.889,2783.0166
-462.7585,-605.99146,2788.949
-474.25592,-527.3994,2801.0215
-479.98602,-454.45773,2809.8257
-501.37463,-380.82776,2837.7793
-506.38217,-313.63782,2858.237
-495.58847,-259.8601,2881.6343
-480.75494,-218.2482,2923.7937
-472.48438,-175.68765,2932.1418
-451.06552,-158.17398,2901.363
-424.01056,-154.80244,2868.4417
-411.94806,-150.14224,2824.0537
-394.59213,-145.08046,2802.8533
-373.4712,-141.3421,2795.0076
-366.20538,-131.21863,2810.0273
-502.14313,-402.06995,2869.5083
-473.27356,-558.427,2857.0474
-426.33447,-674.20087,2861.4229
-360.17972,-759.1537,2872.0295
-299.81824,-821.94934,2877.9204
-245.84901,-864.8647,2883.877
-199.95015,-893.69147,2888.3691
-152.051,-917.37634,2888.9795
-112.30484,-933.0523,2884.3127
-78.68458,-946.45776,2881.844
-31.851822,-955.3977,2875.679
-4.9784393,-961.7639,2867.8418
17.11029,-970.0887,2860.156
41.43425,-977.35846,2851.5984
65.39663,-986.48694,2847.3235
81.02706,-995.98694,2845.172
94.91812,-1004.2633,2844.9075
112.71043,-1012.0836,2844.1504
123.70326,-1017.9532,2842.1506
-467.09607,-324.219,2897.5598
-550.6534,-345.18695,2858.5576
-598.7514,-385.10815,2822.6243
-610.00323,-438.90973,2804.0486
-603.8631,-491.06268,2790.6775
-582.2551,-542.90576,2777.5417
-570.4946,-603.9944,2770.033
-573.73395,-671.5423,2753.5818
-569.45825,-729.6279,2733.8552
-541.52966,-776.28217,2729.3875
-520.5094,-810.63477,2719.5615
-494.6151,-838.80743,2699.655
-469.12762,-864.8246,2709.8584
-445.6662,-890.6797,2706.817
-414.2289,-897.2067,2698.1118
-386.03043,-902.1427,2692.9146
-371.52533,-912.20874,2688.3887
-367.55267,-917.8053,2689.5403
-362.1013,-923.8194,2694.1113
-354.47812,-913.98553,2693.0432
-347.59027,-905.15796,2681.2297
-345.40112,-908.11743,2692.469
-334.59018,-904.687,2692.9456
-336.00616,-905.911,2686.7512
-339.32428,-911.2341,2696.4243
-329.38098,-907.4389,2695.0
-359.0427,-923.7574,2678.2124
-366.55356,-932.1146,2678.392
-358.43134,-936.3959,2682.2664
-363.27563,-936.2683,2670.3613
-365.32184,-942.502,2683.4624
-365.26736,-945.64734,2683.243
-366.31238,-946.4683,2684.487
-372.47247,-944.6361,2687.0854
-362.19684,-944.0367,2696.8464
-355.56433,-941.11163,2694.2292
-362.05676,-942.7824,2688.7761
-367.7268,-942.18195,2682.3354
-366.2406,-940.8809,2682.1714
-359.0387,-937.95905,2683.5647
-361.13174,-941.1752,2685.161
-358.1223,-942.9558,2684.083
-362.7965,-944.3469,2690.1038
-366.1349,-941.46643,2694.7063
-355.53622,-938.3889,2692.089
-360.23883,-939.2276,2696.1375
-356.65942,-936.6538,2697.9202
-357.88364,-938.5639,2694.021
-354.2577,-934.45734,2701.9119
-359.18106,-934.4489,2701.9612
-358.1875,-935.3309,2697.9607
-362.40558,-924.60504,2707.9597
-357.86835,-929.9526,2704.2878
-358.6541,-931.998,2698.2354
-335.95868,-967.6349,2793.93
-325.97546,-965.5279,2788.2158
-331.96338,-973.19073,2789.1567
-334.41818,-971.2311,2788.3772
-338.318,-971.12335,2794.4277
-332.6851,-972.30237,2792.9275
-327.72382,-968.7998,2794.597
-330.56384,-970.09314,2797.989
-330.63806,-966.8743,2799.8196
-338.7905,-970.57837,2798.1707
-343.26572,-973.87103,2799.9272
-344.3786,-972.2708,2800.759
-345.72925,-965.9572,2803.7334
-351.60513,-976.73755,2801.0803
-351.83734,-977.2043,2798.992
-351.61972,-978.3609,2798.7332
-354.1856,-974.88477,2808.2583
-367.73093,-976.71545,2806.88
-369.2757,-976.0217,2804.092
-378.48648,-979.47394,2798.698
-382.68448,-978.1079,2800.186
-387.00256,-981.0983,2797.9146
-382.68488,-945.64685,2689.96
-379.49335,-949.1006,2689.8586
-371.19565,-936.5772,2690.319
-359.4027,-928.39954,2695.291
-360.43274,-934.8933,2690.3738
-372.17603,-938.5486,2678.4668
-351.0016,-942.8082,2683.879
-362.1144,-921.15106,2701.1099
-376.172,-928.23975,2685.3032
-359.85043,-912.4593,2689.4944
-375.89392,-924.7424,2678.4944
-365.67813,-908.59216,2675.7878
-355.66547,-904.0542,2675.4714
-347.79532,-912.6428,2665.8718
-360.75366,-898.4829,2653.7979
-348.65106,-900.38806,2642.6262
-359.3601,-901.6544,2620.0447
-343.3841,-897.4243,2630.5457
-339.1242,-892.6192,2629.0593
-329.68066,-902.5927,2623.175
-324.2225,-903.4399,2618.472
-320.79462,-893.89764,2623.9019
-315.23923,-875.0264,2644.336
-318.7859,-853.6187,2658.1814
-303.70905,-828.4073,2675.39
-292.2871,-794.6355,2702.5273
-292.2757,-857.6701,2679.1396
-294.4054,-868.61206,2653.7405
-304.21985,-870.2422,2643.9197
-299.04037,-857.3523,2642.9758
-304.96313,-855.55316,2630.3765
-307.49408,-858.13635,2625.0176
-300.6491,-865.74506,2616.5808
-312.35437,-866.3754,2605.3748
-313.59842,-863.40094,2612.3696
-297.87222,-867.6541,2615.794
-304.5074,-870.80005,2607.5242
-299.44138,-871.30475,2596.315
-304.41132,-876.30237,2604.2468
-300.76602,-873.8177,2608.1829
-305.07324,-882.2904,2602.1753
-320.52667,-880.2378,2609.2659
-333.3053,-888.1918,2614.689
-343.30856,-895.8939,2625.5789
-363.6129,-917.1782,2659.2412
-361.7923,-931.1797,2700.107
-356.60388,-932.7553,2730.5898
-338.21332,-933.99603,2749.593
-333.94202,-937.5521,2763.1094
-332.1435,-939.22424,2764.6335
-343.43744,-942.1361,2774.8975
-302.59653,-1026.4983,2814.2168
-294.42975,-1066.9238,2851.3496
-276.3407,-1091.2844,2842.219
-288.561,-1041.3538,2811.8843
-303.1867,-983.22833,2802.3047
-313.28156,-949.58606,2797.8474
-322.1509,-938.25916,2795.497
-323.10196,-927.597,2805.3713
-328.0929,-929.31134,2797.09
-268.91632,-988.1266,2795.4011
-254.09985,-1073.3385,2804.309
-264.26776,-1074.941,2835.57
-297.73013,-1021.7909,2732.6633
-299.89062,-976.32495,2764.8948
-305.95056,-948.3613,2790.4346
-293.85678,-927.46906,2810.9736
-266.3292,-999.554,2788.4714
-279.8196,-972.9236,2774.623
-293.2497,-949.0574,2762.23
-285.93243,-927.0377,2770.6792
-265.65137,-909.59375,2745.8198
-266.42496,-902.0829,2706.123
-283.00128,-884.5676,2693.0015
-316.75055,-853.50574,2693.278
-322.21948,-848.4281,2665.0356
-336.57294,-847.83105,2637.5947
-376.11053,-861.8109,2706.3357
-375.85556,-847.3821,2626.0486
-392.0091,-842.6494,2658.5852
-403.13086,-856.67944,2659.0276
-412.31616,-874.9165,2657.012
-424.10217,-883.61426,2675.2346
-424.1045,-886.5342,2679.87
-432.60242,-887.54956,2695.0283
-442.65863,-899.5305,2721.9148
-445.17316,-903.338,2719.96
-439.4938,-900.68066,2731.4465
-435.23825,-905.98505,2751.9568
-416.03918,-913.22485,2756.8755
-400.41382,-920.8242,2765.1082
-375.92206,-924.7747,2763.6543
-386.67426,-933.3526,2751.6462
-374.6492,-941.60583,2755.4229
-356.53882,-935.5382,2745.659
-352.8923,-930.9433,2768.9185
-343.75415,-926.861,2796.324
-343.97452,-922.7436,2782.7983
-338.04337,-914.81525,2789.8635
-317.63016,-933.73645,2805.1626
-325.61566,-923.3742,2801.773
-315.98187,-906.79694,2800.0542
-309.4831,-899.9127,2796.696
-312.08246,-906.7295,2794.7578
-314.99365,-900.93396,2788.0654
-309.87457,-890.40735,2791.6492
-309.3901,-889.87006,2796.9648
-318.967,-899.6675,2787.1484
-319.66562,-899.0627,2787.5527
-316.8978,-900.2654,2801.5652
-311.251,-891.4025,2804.8083
-321.77264,-895.0518,2791.4814
-323.87054,-905.08215,2793.6416
-326.73093,-902.7248,2791.116
-331.91818,-898.44434,2788.0046
-338.5741,-898.5472,2781.6746
-330.74664,-893.08704,2782.7273
-327.48154,-918.6784,2825.249
-337.16202,-949.50916,2836.4177
-338.1754,-966.9902,2831.8828
-335.48364,-977.18774,2820.4321
-334.91336,-1042.4565,2813.0544
-341.95337,-1080.4379,2823.5159
-351.14377,-1066.8076,2837.69
-348.56815,-991.84656,2803.8035
-333.82913,-954.1264,2799.1047
-322.25275,-920.5181,2791.6006
-314.3829,-905.7646,2797.2532
-318.9968,-904.8929,2789.4907
-331.60464,-884.93536,2804.608
-337.32202,-887.7073,2796.3528
-341.84393,-873.2623,2801.6853
-322.71527,-887.4932,2794.8
-313.2814,-896.3397,2787.1243
-312.4413,-898.4595,2791.711
-313.7739,-897.7501,2788.8425
-322.70602,-893.67834,2795.98
-316.24094,-899.6928,2795.5657
-315.7475,-898.24945,2791.111
-314.61304,-904.3931,2794.9714
-318.036,-898.406,2801.8625
-316.04874,-904.42194,2799.0447
-313.06226,-899.12146,2797.844
-313.77798,-905.48663,2789.0293
-315.1566,-905.3352,2784.268
-316.11267,-905.88806,2791.6086
-315.21063,-904.8711,2789.1887
-319.16245,-904.75256,2785.792
-326.2285,-901.9334,2798.2417
-317.1379,-907.57263,2799.4634
-322.2562,-905.1405,2781.295
-320.8711,-907.62756,2786.902
-298.62692,-908.42676,2787.7302
-321.18283,-899.24805,2775.2598
-304.83594,-911.3834,2783.811
-311.18182,-918.905,2796.9417
-306.62726,-927.49286,2798.0706
-308.91632,-925.96857,2796.3965
-301.3001,-921.7846,2792.9783
-299.40076,-923.05237,2804.7717
-306.36313,-919.26324,2799.9182
-310.21927,-914.6964,2795.9072
-295.42004,-899.8227,2789.0762
-294.72998,-912.88,2793.0413
-292.0421,-918.1139,2779.0183
-301.5893,-911.579,2771.3896
-292.53668,-917.44495,2775.813
-290.27197,-919.1547,2774.8167
-282.17755,-922.78125,2763.1184
-273.22577,-898.4866,2737.872
-257.79324,-880.6287,2688.8083
-219.64743,-863.89484,2664.0337
-217.92836,-858.31036,2611.5193
-196.65976,-855.63135,2573.8396
-154.2618,-832.9178,2524.7969
-113.70789,-796.0572,2492.231
-112.40082,-837.1465,2413.8953
-106.93431,-920.2528,2448.9724
-80.29877,-852.58075,2322.3816
-65.52093,-851.8137,2304.2317
-57.029747,-850.06195,2290.291
-21.44099,-791.3013,2321.9287
-25.906578,-815.17975,2300.4211
275.8597,-711.6678,2860.003
-30.055748,-771.5117,2284.8076
348.33203,-937.75977,2905.9602
-20.90097,-743.119,2316.3386
-16.525177,-745.40186,2302.5066
400.62204,-990.6565,2968.4854
410.22754,-982.9197,2955.4775
423.45538,-963.397,2951.1777
419.0518,-959.93695,2933.4224
385.64862,-975.1222,2873.7651
46.378357,-857.0138,2554.524
167.18913,-887.47437,2670.8223
245.01666,-899.99634,2741.0735
289.18597,-913.8922,2801.033
308.5802,-900.7986,2847.2812
243.40111,-922.4353,2776.8853
263.1511,-972.93823,2186.8315
253.20761,-988.43787,2205.4106
235.5758,-1000.35736,2223.4114
213.7237,-1008.49365,2236.396
272.21417,-978.0156,2186.928
252.65495,-989.314,2216.0542
228.62181,-991.8701,2233.8674
205.21791,-996.16284,2253.469
275.9938,-961.1814,2156.4148
158.75403,-976.30066,2206.472
79.06186,-990.1305,2180.5308
49.50963,-994.4999,2208.0852
19.9805,-998.98706,2237.0972
1.5767136,-999.9095,2266.0374
-10.8004,-998.89856,2292.2886
-87.72322,-987.63306,2128.5203
18.714424,-959.1256,2138.1257
68.10791,-944.0144,2135.007
91.85039,-935.97034,2133.8506
108.192825,-930.7289,2135.441
115.042145,-928.6272,2135.2146
127.59902,-924.6703,2126.3828
126.01888,-925.7804,2112.6538
132.40802,-926.42163,2113.0488
124.95122,-927.0945,2103.8542
130.01183,-929.10486,2102.4548
121.05848,-930.6937,2091.802
128.60995,-939.28125,2097.9585
135.22018,-943.74316,2099.0889
128.6035,-948.2467,2097.8535
98.41799,-970.3733,2132.1902
91.28637,-971.6896,2119.5105
87.237946,-977.8224,2105.5579
91.06271,-977.97107,2090.53
81.405,-978.0836,2069.1904
87.198135,-980.0025,2066.1226
87.721954,-981.927,2060.193
93.637245,-985.31934,2057.6099
105.129616,-993.29285,2055.9563
103.39395,-992.46106,2050.2998
106.32627,-998.85504,2048.7654
151.17502,-989.05383,2069.0686
167.46057,-990.8766,2083.9639
166.66191,-982.4531,2077.0847
125.83396,-976.88525,2028.5178
133.54282,-980.52686,2027.1802
127.015305,-975.6404,2041.1304
129.06195,-966.93317,2052.563
119.22887,-963.92084,2058.5254
114.76625,-956.6915,2046.4238
119.90206,-956.0198,2054.5264
111.975945,-953.53046,2048.117
112.715454,-954.8553,2063.7358
83.03761,-955.2496,2048.0713
-138.42822,-636.74054,1939.9515
93.750305,-947.0591,2033.1533
98.82238,-955.0486,2033.3074
104.714836,-950.00415,2024.5709
102.251495,-953.69965,2035.2769
107.72867,-956.36896,2041.8127
110.44258,-964.22845,2045.647
119.35208,-963.8993,2045.4998
117.64757,-970.11523,2049.069
122.454254,-965.99146,2040.9866
128.68073,-969.4387,2028.37
127.93553,-972.2097,2029.014
132.25392,-974.6961,2031.263
137.51788,-973.12146,2038.0513
140.52017,-979.6378,2045.792
147.60345,-977.5548,2053.2786
151.86533,-984.79675,2065.8413
157.87134,-991.1802,2065.3975
171.11327,-994.46655,2073.6611
175.02142,-1002.1309,2084.906
165.60971,-1008.4531,2076.4182
169.94994,-1015.8474,2091.829
174.98415,-1018.1664,2091.757
170.90193,-1024.0731,2098.0623
170.24934,-1027.3267,2090.8015
151.59036,-1040.4746,2110.957
147.83743,-1037.8628,2096.922
132.17586,-1040.7539,2096.798
135.41266,-1037.0817,2084.5928
109.825096,-1022.02185,2066.4697
92.71532,-1012.3008,2056.35
87.053024,-1001.6904,2050.091
83.867546,-989.1156,2048.6465
84.36313,-977.8686,2047.4082
74.87206,-974.37146,2059.2395
80.27661,-966.5929,2060.0386
76.45645,-964.9263,2065.393
72.58603,-958.2405,2070.4255
80.61728,-947.5806,2081.6824
69.40141,-939.60876,2086.1482
60.219315,-945.97833,2094.724
54.468613,-944.3915,2105.2554
48.156906,-944.0144,2103.6606
51.784836,-935.224,2107.7751
46.481766,-932.2296,2108.7815
42.938797,-935.11707,2118.168
29.051407,-941.3805,2137.1492
24.34842,-937.8066,2135.26
33.66858,-939.86475,2134.313
33.800568,-931.8623,2126.4343
34.425934,-930.6318,2126.4756
21.103912,-930.0913,2138.725
28.799683,-935.6472,2136.798
27.057327,-939.18097,2137.2578
29.038849,-941.64276,2137.184
27.54367,-941.84076,2135.0066
25.63974,-941.46875,2130.8386
23.946518,-949.3109,2133.3335
21.53949,-945.4637,2137.776
18.964783,-952.11505,2144.5552
23.172821,-951.2127,2132.4126
21.84024,-951.37646,2130.206
21.649597,-952.27673,2127.9053
23.739334,-945.24854,2117.445
23.129562,-947.2564,2112.1838
22.338272,-949.4202,2104.7783
20.167229,-952.58356,2101.5396
21.280357,-951.12537,2094.7832
18.27629,-958.93286,2083.6328
21.181732,-960.5443,2078.8394
17.495285,-955.5848,2067.1458
15.605537,-951.5512,2058.0735
11.341522,-954.0631,2042.5928
9.777527,-948.3058,2042.1323
127.27592,-979.3679,1991.6965
231.45026,-1018.154,1996.3904
315.11218,-1058.7858,2031.4177
375.77255,-1096.2151,2087.0596
409.69196,-1132.3387,2139.7534
427.64557,-1162.4811,2189.7107
449.89813,-1187.7627,2251.0112
455.21924,-1209.9069,2296.6643
452.0627,-1230.8857,2328.2466
451.69342,-1248.109,2363.7715
444.93805,-1261.9501,2389.586
435.00958,-1276.085,2407.6409
423.8692,-1286.3221,2422.525
415.00116,-1296.6649,2437.8674
404.1737,-1302.9231,2448.48
397.2332,-1314.2083,2454.582
391.64557,-1328.7778,2452.7922
386.11963,-1336.3605,2454.2515
377.09625,-1341.3827,2458.829
365.22928,-1343.0613,2468.3853
359.96033,-1352.1691,2468.1245
358.70816,-1356.73,2462.513
354.07745,-1360.6975,2462.1367
353.4059,-1368.8586,2447.5073
351.0473,-1369.812,2437.647
341.29706,-1358.9138,2448.8975
336.48257,-1344.9368,2461.9128
337.46783,-1343.6813,2445.1763
351.82468,-1334.5889,2433.0132
353.3526,-1327.8306,2413.3928
346.6454,-1312.668,2416.1877
337.17615,-1300.9017,2402.401
322.4837,-1285.1904,2393.3674
308.19623,-1267.8843,2380.384
288.67548,-1252.0288,2366.4734
272.95932,-1234.084,2348.9941
255.49127,-1214.4869,2339.9304
239.3105,-1196.4359,2319.301
221.39105,-1176.5468,2293.6191
204.33492,-1156.2993,2285.4678
185.1519,-1136.2941,2263.2185
166.2337,-1118.5586,2241.9233
144.18755,-1101.7113,2217.863
129.56924,-1085.0879,2204.654
108.069016,-1070.658,2181.8647
89.3821,-1052.5143,2162.2734
66.71679,-1033.8109,2143.0457
46.21225,-1012.422,2124.5356
34.526226,-994.97595,2111.3457
8.045898,-971.07153,2097.1409
-8.673297,-948.77814,2084.4883
-32.7267,-925.31555,2071.3884
-44.85211,-912.1507,2067.3914
-64.83183,-897.04755,2061.856
-75.7143,-880.00055,2058.196
-86.00381,-860.0719,2056.6035
-98.0192,-858.45685,2064.617
-113.80008,-847.0099,2065.9102
-153.2125,-847.8609,2101.0002
-165.90794,-839.5436,2118.9353
-169.35446,-834.088,2126.2385
-172.86107,-828.6686,2128.339
-171.56375,-828.34973,2134.3906
-164.26688,-830.5237,2141.9182
-156.07,-834.97253,2149.6475
-152.69794,-838.1419,2155.2576
-155.78935,-841.43243,2179.2996
-160.64337,-842.2208,2207.023
-317.71204,-442.35327,1858.5691
-161.77989,-647.01086,2033.7633
-95.929825,-754.8353,2107.2515
-75.2123,-813.7352,2166.7712
-65.80338,-847.4883,2184.067
-91.72728,-872.41327,2192.7185
-133.8543,-885.6604,2201.1062
-186.09949,-888.46045,2230.3037
-219.44046,-876.0038,2241.1787
-243.42435,-877.226,2266.5178
-266.45596,-880.395,2295.8574
-281.58112,-879.3883,2332.4626
-294.71692,-873.7076,2390.1145
-307.10657,-886.91113,2452.059
-302.35272,-898.1603,2522.297
-285.82794,-906.818,2588.8196
-289.72675,-926.46716,2673.144
-243.9832,-924.93884,2763.165
-206.8378,-926.5383,2837.5693
-157.06116,-923.7197,2903.4304
-96.37406,-934.63025,2953.9087
-54.074997,-957.2546,2963.135
-21.917297,-952.679,2988.3215
15.941605,-966.9603,2992.787
29.20774,-957.743,2997.929
33.84811,-953.17224,3004.69
45.373013,-938.30566,2990.3762
48.602364,-924.4591,2983.0146
24.985394,-930.95935,2976.8738
40.317726,-928.1664,2990.1785
31.501156,-944.3683,2975.8784
46.380505,-929.1403,2991.7925
33.0166,-940.5091,3009.184
32.878754,-934.26624,2995.219
23.085655,-930.2723,3005.6143
25.910728,-916.636,3010.362
21.371346,-914.4779,3012.1877
20.092918,-928.03064,3041.996
108.83358,-1039.1556,2713.4429
109.29169,-1017.3102,2681.758
105.116974,-1007.7522,2728.9668
96.43756,-993.6858,3102.2354
57.957645,-1034.6232,3111.696
47.581,-1053.0684,3102.8203
51.18452,-1049.5103,3058.7664
64.48376,-990.93604,3050.8923
66.18766,-948.6052,3043.6406
72.43918,-927.8911,3030.9583
75.939384,-920.79407,3030.515
74.7054,-912.2027,3018.8103
76.22108,-906.1764,3016.5156
78.008835,-909.6882,3012.6216
70.82862,-905.3887,3011.156
63.009308,-916.78125,3014.953
57.39337,-915.1189,3015.093
47.246246,-914.88513,3020.4526
51.004486,-913.3473,3013.713
52.5067,-921.9559,3016.9077
47.580322,-917.5145,3010.2476
44.644928,-920.2814,3021.7512
45.031097,-909.18616,2998.871
45.199875,-892.62463,3005.4207
46.305862,-917.0293,2990.6172
41.976463,-914.86975,2986.2866
32.452652,-891.9243,2990.935
30.89804,-908.6774,2982.5256
32.379913,-869.9879,3001.916
11.428131,-861.6296,2994.714
24.68592,-842.78687,2992.5073
25.096512,-852.19714,2986.8467
1.9767761,-843.3529,2997.592
12.374283,-832.15686,2997.1995
22.780243,-822.8396,3001.7083
6.1551666,-805.393,3028.1733
11.780457,-806.2048,3023.315
-5.0180206,-831.4877,3026.5198
7.1586914,-845.5968,3028.5278
-10.616974,-853.8357,3031.786
-4.8777466,-850.7815,3033.1802
-14.692657,-851.8436,3040.376
-28.446457,-855.5619,3025.1326
-23.424164,-855.6427,3024.7334
-91.80438,-891.2468,3089.3682
-89.65828,-893.577,3097.0544
-73.19087,-925.7216,3114.987
-69.49356,-942.83264,3129.8982
-66.94827,-953.7524,3140.5964
-81.20009,-933.78,3130.6719
-90.65991,-913.2545,3114.3203
-115.222305,-903.8619,3118.4302
-107.26062,-898.51416,3121.2917
-108.81244,-897.1242,3107.9602
-115.655136,-892.56244,3113.6365
-116.53752,-896.87,3103.49
-127.39668,-899.4351,3116.9675
-128.62816,-903.87524,3123.9253
-148.05164,-891.41925,3130.1257
-134.95059,-897.93823,3132.1716
-132.07422,-900.06335,3129.2263
-114.661545,-913.82764,3125.296
-136.5003,-909.9459,3127.6494
-135.73392,-909.79663,3126.79
-138.06682,-908.6292,3121.5188
-136.72868,-909.9778,3122.4253
-137.24602,-917.0143,3122.7717
-140.20845,-908.25134,3123.0513
-133.31943,-914.14185,3124.8687
-132.28186,-918.9051,3120.0554
-117.99887,-923.7389,3122.3743
-128.20363,-912.7757,3125.4482
-133.7888,-899.7577,3115.8228
-145.33353,-893.3514,3126.603
-122.12805,-909.11145,3120.075
-68.31607,-877.35925,3060.5168
-53.728973,-889.19305,3059.7742
-56.937637,-887.8146,3060.5867
-67.77977,-882.2479,3056.0417
-66.602585,-882.3006,3069.379
-61.52867,-892.46045,3067.3325
-66.00142,-884.05347,3066.5117
-69.684296,-887.28107,3064.7893
-59.008377,-887.86316,3055.262
-60.967102,-893.78754,3065.9094
-60.171387,-899.3532,3066.95
-68.06436,-884.6183,3063.8296
-60.429977,-884.36926,3057.7136
-65.57564,-888.9384,3058.4307
-64.9751,-884.6583,3062.2378
-69.27777,-883.8192,3061.9226
-58.000565,-893.6399,3064.5127
-58.87996,-891.9902,3059.3596
-58.46393,-889.6643,3063.5432
-73.3273,-892.62317,3070.93
-83.07445,-887.8978,3067.4302
-78.850174,-887.8602,3067.759
-69.14528,-889.85474,3066.307
-76.084564,-884.15955,3060.4849
-89.43042,-872.8329,3047.1628
-78.59311,-889.9846,3062.7627
-71.07355,-902.99146,3076.7769
-76.93329,-898.4368,3065.6277
-72.33658,-897.1688,3066.492
-71.37689,-904.5044,3080.422
-53.962555,-908.29193,3073.013
-68.406784,-901.7477,3059.6272
-73.33496,-906.13104,3087.8643
-83.19852,-904.41675,3089.8076
-69.46956,-903.2448,3073.3752
-69.30414,-896.75385,3070.6497
-61.573273,-898.9603,3069.8042
-66.81697,-900.24927,3067.2175
-75.39043,-895.25073,3067.0522
-84.969925,-897.4144,3067.6575
-79.8108,-900.63635,3071.6863
-58.11154,-894.8925,3059.85
-76.77524,-886.9614,3061.2317
-93.46126,-891.3427,3060.1462
-109.98584,-888.3594,3066.323
-97.37692,-888.83026,3063.6365
-89.2991,-891.1459,3063.2207
-98.49988,-900.91907,3055.7578
-104.06268,-894.0494,3064.1572
-84.60724,-894.3209,3075.153
-81.73854,-871.8863,3059.2163
-92.41609,-897.33453,3086.1543
-94.48059,-900.1741,3102.1826
-92.89806,-900.3585,3084.8394
-104.16969,-888.4406,3067.105
-125.70588,-867.7881,3070.799
-202.41046,-814.9345,3073.9038
-531.3254,-987.00586,2985.4382
-539.16437,-998.032,2989.2825
-545.3849,-1005.9407,2980.4792
-547.56647,-1012.3378,2993.4292
-563.68146,-1049.4963,2981.5476
-584.9173,-1047.1108,2965.6892
-538.8691,-1176.1313,2942.919
-532.1748,-1167.6896,2942.4067
-496.25513,-1210.7054,2935.9807
-516.4734,-1186.2133,2956.3726
-502.3401,-1235.7008,2948.8665
-522.15845,-1191.4531,2948.2358
-488.97308,-1240.4308,2906.8542
-448.61465,-1226.1499,2862.6152
-491.0642,-1193.3889,2888.2864
-457.37408,-1242.1007,2846.0684
-495.7295,-1232.4165,2801.2031
-539.0792,-1256.0709,2840.7327
-450.73193,-1168.8345,2774.4553
-381.376,-1090.3903,2806.2964
-425.61945,-1091.3541,2884.3108
-173.99652,-923.81915,2825.18
-627.3094,-1204.375,2934.6514
-626.17255,-1176.8418,2967.3384
-1.8554306,-829.8597,3063.4507
44.10405,-869.5499,3055.26
55.975456,-880.5959,3051.165
52.32528,-890.7008,3046.3152
65.291595,-862.48627,3054.525
61.57335,-869.67535,3047.748
61.163445,-842.85504,3048.286
61.21306,-856.2979,3046.0134
64.92903,-871.23474,3054.148
65.76921,-880.1027,3044.6746
67.775215,-873.5358,3043.8906
72.68718,-880.87726,3040.6665
73.37712,-886.08026,3045.8447
62.252274,-902.90906,3049.6306
79.48034,-879.37305,3053.9321
79.37075,-876.4873,3054.8801
75.81549,-879.6576,3055.9639
75.336075,-885.6747,3048.125
80.91936,-867.666,3054.6555
70.173355,-892.67993,3052.097
63.435318,-886.39777,3049.0374
67.39743,-881.72266,3052.3362
49.270126,-892.8712,3039.829
73.75725,-891.1321,3057.2307
76.599335,-896.0368,3053.0947
48.994064,-908.09,3049.978
73.43494,-895.7752,3055.2686
67.0952,-901.14246,3053.1497
65.77699,-897.8319,3062.5242
68.503235,-896.26215,3061.3767
65.35863,-898.9974,3061.2932
50.506317,-905.26495,3039.0078
60.681137,-907.4071,3040.7485
69.49156,-912.64,3035.4175
77.157455,-914.7567,3041.7112
74.987305,-923.98627,3056.9788
83.569595,-926.29425,3055.178
84.204575,-931.06696,3051.3804
75.96655,-931.96564,3049.7817
83.695816,-938.8955,3055.3127
77.585495,-937.0964,3054.3955
69.45491,-939.438,3080.6865
64.32359,-934.1137,3065.2778
68.87016,-941.4388,3062.8474
66.5892,-941.0924,3058.8264
65.77551,-945.47595,3061.399
64.54564,-947.725,3062.8777
66.24231,-947.7876,3062.0786
63.125244,-954.7087,3070.8938
56.358856,-951.7298,3063.3833
61.5773,-955.6057,3066.1145
60.48564,-956.8693,3062.4495
65.73639,-958.77893,3066.9236
61.384323,-952.0667,3052.9136
58.226456,-956.2092,3071.4038
40.33809,-928.4149,3064.5063
48.411926,-924.14856,3062.9941
41.741623,-924.6912,3061.6687
46.802643,-920.5258,3058.0784
49.13687,-925.1653,3061.3416
39.24858,-919.38306,3062.046
45.11287,-926.81836,3074.6487
52.841248,-925.0066,3072.2705
38.93152,-926.74994,3072.0303
39.9254,-926.73224,3085.8884
38.21927,-925.4628,3087.947
34.258026,-929.97034,3098.6157
21.986145,-928.1377,3096.75
26.560211,-933.18054,3108.972
23.863098,-931.7442,3113.3025
17.927856,-936.41595,3102.3306
21.070648,-943.3756,3115.0327
-121.864716,-923.8508,3115.851
-239.89276,-940.2887,3054.565
-402.70886,-973.88367,3019.5
-487.62863,-956.96246,2999.9072
-500.85834,-1165.8455,3061.2507
-562.96936,-942.2881,2975.5342
-576.25183,-940.60974,2965.7563
-583.9466,-931.71497,2947.3032
-584.7848,-935.90643,2946.8635
-585.24286,-935.02313,2946.4016
-588.3904,-929.33405,2946.9822
-590.52985,-938.5817,2939.5315
-709.59607,-1186.758,2946.0173
-584.8448,-929.59204,2957.2102
-571.57837,-908.93256,2945.6306
-733.9598,-1196.3923,3006.7085
-716.71436,-1230.2439,3020.446
-703.0839,-1254.8042,3034.3643
-685.6076,-1271.811,3054.2031
-665.12787,-1294.7527,3061.7732
-509.26144,-911.9007,3000.2957
-514.4202,-855.0878,2959.584
-878.64026,-1016.5818,2891.8628
-885.11096,-1076.044,2935.8328
-879.96106,-1127.1378,2973.5312
-861.7752,-1176.9916,3007.7239
-837.0535,-1221.5256,3030.8264
-834.5606,-1259.5837,3044.574
-825.8613,-1290.6959,3049.9473
-810.0034,-1318.5774,3046.2898
-790.75433,-1343.7281,3045.9622
-763.89,-1362.4651,3050.1301
-728.91943,-1379.3088,3049.981
-701.91797,-1392.5972,3047.1975
-665.2226,-1404.9591,3040.806
-634.9441,-1411.7914,3041.5295
-611.6215,-1408.7539,3048.1409
-592.08936,-1415.8438,3040.5571
-568.46985,-1416.8489,3039.4968
-549.3538,-1416.5192,3040.0486
-538.8251,-1418.3732,3035.7588
-541.21674,-1418.1263,3030.0198
-541.34924,-1414.5469,3024.2947
-542.7966,-1409.4427,3022.015
-551.0174,-1407.8567,3015.1963
-555.0214,-1403.7335,3012.447
-554.6363,-1398.2773,3012.4202
-562.1876,-1393.0349,3012.8103
-562.65674,-1385.701,3027.5144
-553.18994,-1384.3367,3028.0315
-554.48694,-1379.3035,3025.901
-561.0054,-1376.9785,3017.8694
-556.0109,-1373.4717,3020.6326
-548.72253,-1369.3373,3020.565
-549.7061,-1358.7018,3026.3096
-190.93825,-919.27325,3029.37
-40.370422,-1180.2756,2957.5476
-121.7626,-1195.617,2914.858
-183.37373,-1224.0941,2868.0813
-235.80106,-1241.602,2836.0542
-291.07104,-1248.0804,2823.8362
-337.53394,-1268.5052,2798.3118
-357.79932,-1276.0645,2763.3625
32.111084,-908.8643,3089.1216
33.611618,-911.2787,3108.7437
26.157684,-909.59216,3096.3901
28.011795,-892.52625,3090.3835
14.336624,-885.18115,3087.2515
28.37767,-886.5271,3067.4197
19.372131,-878.0101,3047.7974
18.54457,-864.2654,3015.5298
14.9670105,-836.64294,2985.2822
13.268326,-834.63495,2944.0361
-254.00577,-879.47864,2866.6855
-409.93207,-897.7487,2838.7493
-480.55093,-897.8367,2833.2332
-519.4976,-891.7188,2809.0159
-534.1193,-903.2447,2807.1606
-537.33124,-901.62585,2804.4077
-537.9686,-886.35815,2784.0256
-540.08795,-890.0227,2781.5496
-544.3425,-909.96265,2795.4548
-558.7223,-909.8359,2804.3618
-564.9348,-897.11694,2780.3604
-573.5309,-900.85077,2777.4639
-575.8209,-909.94543,2780.3176
-583.14777,-926.50305,2809.6758
-591.32385,-921.5406,2819.4958
-589.7014,-934.08276,2842.4485
-595.5472,-931.50574,2861.6199
-574.85315,-914.67346,2909.0933
-536.0132,-878.02716,2923.3
-449.67847,-851.873,2944.8203
-210.58307,-968.6145,2678.8977
-194.2331,-984.8169,2703.2124
-146.30519,-914.1072,2949.4575
-132.57108,-1012.55884,2696.4207
87.78342,-961.9568,2929.8433
171.20303,-941.47235,2870.9482
258.9262,-926.8401,2788.985
334.15936,-928.97595,2704.9358
364.4547,-923.3946,2641.0173
382.73297,-920.08167,2564.65
389.92578,-925.3694,2528.8745
360.89673,-911.75085,2494.7737
348.53998,-899.51764,2470.5525
329.1518,-887.1091,2466.2502
341.552,-890.6073,2475.6404
342.86118,-886.7458,2464.9182
118.71358,-880.59686,2508.743
40.86806,-894.26917,2502.66
11.523975,-887.87683,2556.2085
-5.7885246,-874.8637,2577.3872
3.7476883,-869.9265,2599.9731
14.984364,-852.0906,2600.0378
29.594051,-851.46,2604.1375
30.655176,-835.6417,2604.7566
32.457336,-826.25305,2612.0696
29.768894,-835.0416,2608.3633
42.352356,-835.9397,2603.9602
42.489956,-818.77765,2595.2227
44.76946,-774.5465,2596.2705
15.383825,-835.7102,2589.4163
20.908663,-852.73645,2604.2036
30.223343,-861.6815,2608.0386
30.812956,-848.9738,2607.9153
36.68158,-854.99445,2607.4648
40.55679,-830.5195,2608.8108
37.902653,-817.65393,2606.1035
34.642868,-821.56384,2606.2075
30.086514,-832.56805,2601.6533
28.117672,-836.24927,2592.919
24.746422,-842.82007,2606.0486
19.267574,-844.3326,2607.1143
14.293304,-842.01935,2608.8535
1.6686172,-819.5091,2597.9668
-17.349289,-777.97375,2587.4155
-47.811104,-724.06323,2573.2925
286.70923,-829.7556,2593.6743
-44.846535,-810.1847,2574.821
-30.557037,-847.26654,2578.9646
-35.985657,-846.6698,2588.24
-47.836823,-805.8553,2600.688
-71.615776,-744.1813,2586.5657
-122.3983,-617.8494,2596.346
-154.29947,-500.93048,2617.5916
-184.73892,-453.11044,2648.343
-208.46246,-425.6524,2645.9363
-216.32281,-410.46725,2656.5435
-247.22925,-397.03036,2634.3584
-280.36658,-342.0098,2668.2847
-305.87692,-298.82437,2686.6548
-316.4306,-279.36774,2690.3987
-322.6751,-266.24228,2691.369
-330.51123,-262.88007,2694.8757
-227.42482,-602.33215,2660.9116
-184.66261,-740.6029,2663.8901
-162.2593,-799.8021,2649.2124
-147.15761,-817.18005,2641.9082
-150.36014,-819.5545,2629.8674
-132.24445,-825.49963,2625.4478
-147.89009,-819.9279,2621.9524
-152.21596,-847.2872,2635.4707
-148.5686,-852.57526,2643.1687
-155.19858,-867.78796,2658.201
-151.9267,-859.666,2660.6936
-156.37762,-866.7659,2674.1025
-157.93726,-871.6672,2672.2126
-167.28088,-872.0813,2679.6108
-173.40091,-872.5321,2682.3105
-170.00189,-872.3987,2683.2769
-170.1131,-868.5099,2679.1743
-173.61029,-873.04065,2685.8982
-172.24841,-873.0785,2684.5515
-181.001,-875.30334,2688.1404
-175.36899,-877.06665,2693.748
-175.5602,-869.78,2681.3855
-175.2498,-869.354,2684.458
-177.20653,-882.5935,2690.3872
-176.41687,-894.5376,2703.9695
-162.93788,-891.9228,2690.1091
-173.24466,-893.8027,2695.7832
-168.21664,-885.20105,2693.3328
-166.7366,-885.4927,2698.1968
-166.78336,-883.29956,2695.339
-171.54652,-887.87274,2694.8594
-170.39687,-886.6245,2691.4165
-169.76591,-880.9229,2694.4885
-173.92422,-883.4422,2694.018
-174.9883,-888.4146,2693.2
-175.69394,-890.92535,2691.5393
-176.76411,-884.16345,2690.3962
-172.56264,-890.2889,2688.503
-173.23515,-892.3804,2686.7954
-177.28595,-892.926,2683.142
-175.03009,-892.55237,2683.5366
-177.19987,-893.2293,2686.3662
-170.22261,-890.0513,2684.992
-166.44702,-888.29333,2683.924
-169.57466,-892.1247,2686.6785
-163.74507,-887.15686,2679.7783
-158.7067,-886.3921,2677.2122
-150.48561,-884.13715,2678.8557
-153.26686,-886.32935,2674.888
-156.22806,-877.7598,2673.527
-147.84685,-886.20856,2677.511
-143.59718,-883.12415,2680.8145
-134.88214,-880.186,2675.2883
-133.0039,-886.6761,2676.079
-120.22781,-881.50574,2664.9143
-124.3694,-883.9482,2660.0684
-114.17035,-882.387,2659.695
-113.331024,-878.00244,2654.5693
-105.72246,-876.6833,2649.7397
-108.98943,-878.75256,2645.0469
-110.33729,-877.9066,2639.4822
-113.638725,-889.84064,2649.5754
-117.07559,-885.54553,2642.1433
-115.470856,-893.2112,2645.6682
-114.48848,-890.59235,2641.1753
-111.46832,-895.96594,2640.839
-114.1922,-887.1549,2637.7139
-115.24507,-889.4886,2638.2695
-117.31524,-885.66864,2636.4307
-118.55717,-885.20807,2636.1726
-122.47232,-902.62305,2647.8347
-123.48443,-896.2783,2638.9512
-119.3466,-882.1499,2625.1226
-118.89605,-873.4265,2622.2327
-120.67492,-868.7782,2619.8557
-112.94174,-856.45575,2605.9285
-109.74581,-850.14984,2598.7007
-102.98052,-846.47046,2593.7996
-96.1835,-848.9606,2589.0303
-98.844345,-853.33545,2595.6938
-94.663086,-844.7194,2591.2473
-82.237625,-847.8421,2602.911
-69.94704,-858.3831,2610.7522
-67.82194,-862.3329,2619.6365
-54.77162,-860.1558,2614.965
-47.189392,-854.4237,2603.1538
-44.040398,-868.643,2617.4587
-31.966309,-858.0079,2589.6711
-38.932716,-849.2053,2589.3403
-33.618294,-845.2724,2586.8206
-33.540497,-846.84894,2603.5308
-32.808525,-850.0635,2593.2998
-28.142883,-859.4397,2604.5923
-31.081276,-861.972,2612.8787
-28.1343,-856.88635,2605.2803
-34.729294,-867.75507,2617.1729
-37.27762,-860.368,2617.284
-33.515385,-855.68463,2602.0256
-32.749786,-864.73517,2596.2424
-42.093285,-874.2615,2618.5852
-27.116371,-847.9929,2622.5366
-28.450165,-852.31067,2615.0815
-28.32579,-860.6963,2614.956
-42.268303,-890.7429,2597.5315
-44.124756,-880.87756,2598.515
-43.906494,-879.108,2610.3372
-36.436897,-870.06396,2610.7341
-36.63256,-862.03046,2611.3313
-33.470047,-858.4286,2607.3015
-25.157265,-853.10834,2607.0002
-34.98307,-846.70984,2605.012
-46.87806,-847.9134,2598.272
-46.697014,-849.43274,2601.386
-45.148987,-850.20807,2607.5103
-45.598953,-847.3435,2604.4775
-47.00949,-846.0405,2609.6184
-51.755318,-845.24384,2625.8435
-54.97886,-847.4437,2629.6072
-60.61629,-853.6622,2635.9846
-59.83657,-864.8004,2652.624
-57.955284,-861.77527,2660.9426
-56.940804,-860.76953,2657.8167
-57.979797,-852.45825,2665.8267
-57.543106,-858.59424,2677.897
-59.891502,-859.3977,2680.6875
-61.61976,-860.0405,2694.5525
-63.61618,-865.1837,2705.7993
-63.55948,-856.5657,2684.2256
-70.71268,-866.96985,2701.5063
-69.13205,-856.9433,2694.229
-60.62314,-865.3133,2700.7952
-77.96886,-876.74756,2699.505
-81.44537,-878.962,2702.9058
-81.56415,-889.76373,2701.7102
-55.513046,-893.5485,2684.4707
-38.270447,-898.42444,2670.3872
-23.14148,-910.54645,2654.7927
-5.0546265,-911.44,2640.6099
1.6203003,-909.2261,2634.2104
3.7806396,-909.90155,2631.0227
5.52005,-913.3844,2629.441
-5.8332214,-906.0471,2635.4087
-3.38974,-900.3615,2637.6267
5.8982544,-914.29846,2645.3093
7.0881042,-912.02747,2639.8496
-2.2133179,-906.487,2635.6084
6.647644,-914.5351,2621.0527
15.935089,-910.4122,2614.5967
13.018921,-914.45624,2621.8245
3.4152222,-907.3206,2637.2048
2.8446045,-901.67914,2642.5237
8.582779,-892.1951,2640.375
10.391708,-894.1397,2638.2751
19.902466,-897.33185,2633.8142
17.43396,-893.91956,2632.165
25.74408,-900.7488,2620.3564
15.350113,-892.2113,2627.5881
21.318542,-895.5033,2624.098
16.761978,-899.47363,2622.7542
35.794113,-904.5354,2626.1914
34.05847,-901.12146,2629.697
26.164948,-906.27625,2622.8481
21.30272,-906.2428,2621.7832
27.71756,-905.88513,2618.659
13.807632,-904.2928,2631.0955
3.2171783,-902.75903,2624.4956
3.7525024,-904.75757,2619.9458
-0.7328644,-904.64307,2623.4602
-13.630089,-901.6616,2625.8381
-3.9963531,-899.18994,2629.021
10.512886,-906.923,2631.6692
12.613373,-905.74084,2641.2751
18.752235,-907.42035,2637.9377
25.70332,-902.02167,2641.7332
32.454613,-902.56616,2634.2368
37.18914,-902.5612,2640.5317
48.715775,-906.5322,2638.7124
55.563744,-909.58496,2636.7915
64.65542,-914.6846,2632.4446
73.86322,-916.8163,2624.2078
83.11511,-916.6197,2623.7827
85.53699,-913.5388,2617.9036
87.684814,-914.7665,2613.9102
88.90315,-907.57263,2616.0671
89.33325,-906.70935,2603.8887
94.888664,-907.8191,2595.4397
96.171,-903.5709,2591.866
93.05911,-907.8771,2586.3538
92.54467,-909.55774,2572.5024
76.585014,-907.5786,2558.5032
75.482666,-915.308,2561.293
74.771866,-920.0833,2562.6323
37.921036,-921.0897,2580.6304
-3.9635124,-917.11316,2598.721
-73.73033,-899.2676,2592.9465
-141.51315,-895.03357,2540.8743
-219.89795,-883.14825,2521.565
-253.66325,-877.162,2461.698
-319.95255,-876.0178,2396.619
-370.83173,-873.12006,2340.2498
-407.34808,-865.72644,2276.3228
-441.61893,-858.15955,2210.704
-453.31573,-855.96985,2154.812
-466.29718,-844.5779,2097.299
-478.48657,-840.858,2042.7795
-484.93042,-849.4945,2006.0493
-499.76636,-853.7763,1973.3434
-466.98755,-873.3036,1951.8726
-355.57623,-955.496,1940.2776
-258.3173,-1013.4663,1959.6096
-170.86777,-1050.9021,2085.748
-39.238792,-1167.1346,2136.2488
85.61537,-1206.1589,2199.1475
73.550415,-1221.6128,2201.7598
52.529175,-1239.1564,2203.8013
-244.96219,-1059.166,2034.1389
-403.16724,-995.42957,1906.2793
-469.2213,-962.9495,1843.1587
-504.6031,-953.41406,1804.8772
-524.2135,-953.56104,1784.4674
-530.7617,-949.3255,1771.0667
-530.5413,-951.07336,1765.7118
-534.9468,-962.46564,1763.3267
-541.9975,-974.89044,1762.291
-546.5614,-984.456,1759.8857
-551.4845,-994.77716,1758.5546
-557.35706,-1000.8552,1760.5796
-569.8216,-1008.54736,1759.3579
-579.5138,-1014.507,1758.3779
-591.1774,-1023.8154,1759.7266
-605.6132,-1030.9196,1762.1086
-617.0479,-1037.0752,1766.5365
-629.9535,-1050.0795,1777.7449
-636.7196,-1059.9596,1791.0535
-649.5714,-1072.2014,1801.8997
-658.3402,-1085.917,1813.9706
-665.9817,-1094.931,1821.4604
-665.64954,-1101.0183,1827.5879
-549.0396,-1196.4353,1926.2997
-588.7829,-1113.241,1879.8707
-510.2384,-1186.7115,1946.2661
-461.76733,-1195.6003,1985.9813
-439.92993,-1197.93,2013.9056
-426.2978,-1199.3213,2032.1445
-416.81195,-1199.2084,2040.0093
-411.57388,-1197.6406,2038.1116
-409.08667,-1195.6183,2052.836
-405.8776,-1192.053,2067.3499
-400.04785,-1191.5721,2074.403
-402.76584,-1192.9817,2070.1233
-408.01706,-1192.7587,2081.7246
-421.73724,-1200.7605,2094.5015
-407.58838,-1217.8027,2106.3735
-409.9948,-1225.376,2093.5784
-421.58337,-1233.4938,2073.1392
-422.99124,-1249.8694,2066.6672
-436.6135,-1249.6891,2070.634
-414.3581,-1260.8381,2070.0261
-395.83844,-1266.4514,2059.8748
-378.4195,-1273.523,2064.5618
-374.4489,-1276.9531,2061.5605
-369.4772,-1279.4982,2062.4814
-386.00937,-1275.0034,2051.8057
-389.71622,-1272.4415,2055.9136
-385.5593,-1266.1816,2076.1697
-389.54697,-1255.7056,2072.2217
-393.44998,-1245.2365,2066.363
-386.65967,-1226.3958,2101.2417
-383.35028,-1210.4783,2080.8892
-388.30896,-1168.8344,2136.652
-384.29657,-1145.4296,2148.624
-377.0628,-1130.6217,2141.512
-367.58075,-1111.4921,2133.4407
-367.17117,-1087.47,2131.825
-362.34833,-1071.0314,2119.6426
-348.391,-1058.8633,2099.23
-343.28436,-1040.8762,2094.1567
-312.99692,-1038.9546,2045.9774
-279.0213,-1036.6973,2015.1982
-244.16821,-1029.7283,1998.8185
-209.9588,-1026.1926,1985.625
-187.06778,-1020.2625,1982.5323
-169.02827,-1015.7,1980.6171
-152.49155,-1009.77136,1979.4039
-143.27011,-1008.049,1981.1409
-140.46793,-1008.47546,1985.6475
-134.38512,-1011.69836,1987.2521
-128.7911,-1022.0358,1989.9905
-123.20462,-1035.7848,1996.4143
-122.34456,-1050.8291,2023.4753
-234.09488,-1023.97485,2127.6135
-277.91098,-1030.9058,2142.4004
-299.39395,-1045.3713,2139.8376
-320.97266,-1050.5281,2132.099
-329.63043,-1059.715,2141.1511
-335.6361,-1069.5297,2120.1196
-347.03226,-1074.0243,2121.0874
-353.85452,-1076.907,2107.2605
-354.3861,-1078.3777,2092.593
-360.8119,-1081.8627,2068.1182
-380.1869,-1074.0928,2066.086
-390.7509,-1071.715,2041.5812
-412.18265,-1068.3141,2037.8904
-427.84045,-1069.3922,2032.2397
-443.89435,-1072.0894,2020.8087
-454.2254,-1082.2736,2007.1031
-467.17886,-1084.0835,1970.5402
-486.4612,-1085.562,1972.408
-505.01132,-1082.5767,1952.9127
-519.18915,-1084.8861,1937.878
-530.68396,-1092.9863,1913.2382
-541.6075,-1100.6012,1910.3398
-548.5122,-1110.4061,1903.7
-560.7683,-1116.3313,1905.5336
-566.20447,-1125.5471,1894.2817
-564.75183,-1135.37,1879.1094
-550.98566,-1153.0052,1873.6075
-539.28534,-1163.5396,1875.9756
-580.9935,-1156.2635,1793.6923
-596.27686,-1142.9729,1738.4136
-603.13367,-1133.9382,1706.9999
-606.47766,-1118.2563,1686.4865
-613.6031,-1117.6439,1678.9706
-611.8812,-1113.8523,1668.7703
-615.8603,-1113.8716,1662.8556
-616.52704,-1117.0426,1658.563
-620.1414,-1117.109,1657.2859
-622.3653,-1121.2537,1657.852
-627.49,-1109.6771,1655.8594
-644.0122,-1103.6599,1654.9386
-575.0244,-1158.4686,1736.4619
-539.978,-1169.8582,1785.5377
-522.24664,-1168.885,1806.8514
-512.10913,-1170.524,1817.5042
-496.92892,-1174.2904,1827.0336
-503.91367,-1163.7762,1828.805
-506.94165,-1157.742,1828.4349
-517.90906,-1146.9127,1831.9105
-521.95197,-1140.3367,1826.1355
-530.00793,-1138.1912,1821.7976
-549.9434,-1129.8086,1828.2598
-558.7881,-1128.0085,1822.281
-571.0188,-1130.8027,1831.0128
-571.4906,-1131.7141,1823.4868
-576.76654,-1129.8097,1829.7648
-584.2512,-1121.8624,1843.8785
-577.30334,-1122.3593,1844.6815
-572.9616,-1114.9685,1846.089
-573.4826,-1102.7389,1857.4829
-562.65234,-1094.8112,1852.1011
-572.878,-1079.8945,1861.9822
-559.38293,-1067.3414,1880.2825
-555.752,-1047.631,1876.1744
-546.5525,-1023.5886,1897.3828
-550.623,-996.26196,1912.3652
-536.86017,-973.302,1919.2428
-531.81635,-952.07227,1931.2429
-533.3967,-926.4927,1929.4735
-519.58234,-904.24316,1929.6125
-489.67126,-890.81946,1919.1443
-476.37985,-882.33203,1906.7352
-469.37305,-871.7257,1902.1764
-469.0152,-863.3224,1900.9619
-477.4447,-857.0402,1909.6908
-473.5721,-850.0506,1899.4602
-469.341,-847.4258,1893.016
-476.35455,-848.8743,1897.4498
-484.1477,-851.718,1896.1978
-485.75928,-858.1539,1886.8855
-503.39774,-864.46387,1890.1803
-518.83026,-865.62866,1893.073
-536.655,-866.6914,1895.5471
-551.37115,-870.5388,1893.7657
-568.6131,-878.3002,1889.6917
-577.86316,-890.0564,1878.2825
-574.13513,-898.891,1878.9578
-583.13116,-906.0375,1884.5642
-589.2087,-910.23364,1897.3448
-585.7405,-917.5148,1913.8333
-588.5343,-921.3222,1908.7225
-588.6388,-929.553,1924.9452
-596.1515,-942.3821,1909.727
-526.2897,-988.63586,1803.2081
-492.26163,-1004.727,1723.5511
-465.37888,-1012.17303,1687.7617
-444.65704,-1017.9302,1666.799
-424.50626,-1023.67737,1660.1559
-403.15405,-1034.8075,1662.7502
-390.79065,-1041.0563,1650.8138
-372.29248,-1046.2179,1643.5105
-355.7551,-1054.654,1649.0192
-345.27963,-1064.641,1652.8662
-335.36935,-1069.5864,1639.4513
-334.63715,-1062.3254,1560.7806
-327.8695,-1064.0742,1522.5162
-330.36618,-1070.2415,1506.3488
-370.2323,-902.2009,1845.7217
-364.0646,-900.81323,1854.1277
-361.64368,-902.6277,1853.9766
-368.0924,-905.434,1850.1594
-374.32675,-902.65356,1851.0161
-374.16638,-900.6936,1854.7207
-368.33063,-901.50635,1856.6804
-370.68628,-904.21655,1848.4213
-355.77625,-910.05505,1835.3541
-361.73532,-907.9762,1824.0504
-358.15793,-908.7877,1817.8997
-334.77386,-913.13214,1815.6335
-345.4193,-912.3326,1823.5986
-349.7788,-912.40454,1824.6212
-347.23868,-909.89197,1822.207
-341.68655,-908.4081,1834.5643
-353.22888,-903.588,1837.6251
-353.5035,-901.41345,1845.8636
-350.31107,-901.1007,1858.4551
-351.39117,-903.12885,1863.1023
-333.0498,-908.312,1869.8877
-331.3695,-911.2864,1881.3495
-317.19946,-915.26416,1887.9924
-305.68524,-921.1189,1908.5405
-290.87137,-924.6572,1939.01
-265.92548,-925.9928,1954.324
-245.80722,-931.8131,1972.5972
-214.36751,-932.20483,1980.2393
-186.91286,-935.2621,1996.5676
-157.82732,-930.1732,2014.12
-140.22609,-925.77277,2010.992
-116.93663,-919.65796,2004.7795
-88.23707,-916.9025,1991.0754
-60.132885,-912.89465,1964.8801
-33.72896,-904.6881,1940.3126
-12.4059725,-894.9476,1903.7773
11.117655,-889.92816,1870.8683
42.57229,-882.2388,1849.5225
61.25845,-881.24915,1839.8052
79.95584,-879.84265,1826.3535
86.53155,-885.6616,1823.967
94.695076,-891.5509,1823.9253
95.812965,-902.5225,1838.0714
101.5946,-904.9473,1839.6543
109.02862,-910.9452,1839.634
107.944885,-912.8174,1832.5267
110.26286,-910.5536,1828.0748
103.17113,-914.6406,1807.4672
96.10425,-920.42847,1774.112
87.625244,-925.91235,1773.7161
87.867615,-928.0458,1757.8984
87.49486,-930.1673,1748.2697
80.992645,-935.4081,1742.0459
86.64807,-937.0061,1748.771
88.40907,-935.01807,1772.7168
99.682686,-933.3484,1779.7109
92.474266,-935.3582,1762.5453
91.08728,-937.8154,1753.0055
90.60901,-942.4496,1752.9728
93.6734,-944.3485,1750.0835
103.05747,-945.67145,1750.9203
103.98963,-947.067,1753.1373
112.40615,-949.57355,1741.9097
115.18992,-951.00214,1739.8828
124.3113,-954.204,1735.3915
133.55605,-954.40857,1730.5645
147.82567,-953.21606,1726.9922
154.04604,-956.1428,1726.9775
166.83191,-957.47,1722.895
186.2211,-960.5199,1711.1726
200.20734,-961.3256,1698.1484
214.0018,-963.64856,1686.0109
229.53639,-967.52515,1672.8842
254.77832,-970.02856,1658.9257
262.39008,-967.46606,1652.9347
200.04056,-952.8855,1656.11
174.95102,-934.9107,1651.7664
171.17111,-925.2614,1637.8534
177.70773,-918.0121,1615.6047
190.55234,-912.8867,1588.0592
216.89062,-912.2234,1549.0769
250.97963,-909.1266,1507.0114
327.908,-910.1929,1435.0219
428.59933,-923.3702,1417.4617
487.16733,-924.0765,1399.2372
529.5341,-901.9736,1371.2346
568.0035,-894.24744,1341.4607
614.83185,-866.1987,1231.7454
649.9336,-845.291,1150.3048
650.75745,-892.2401,1189.9949
643.0054,-918.39,1220.058
641.3369,-939.15845,1235.8762
639.0067,-957.04034,1250.1436
738.6485,-855.6605,1238.6533
724.95184,-810.66364,1132.4623
716.417,-840.3613,1164.61
694.6233,-852.73535,1179.3556
706.38635,-780.6399,1000.16736
698.5954,-820.2665,1036.2318
687.11957,-887.45667,1057.1112
665.1376,-950.9628,1067.8328
635.7483,-992.1641,1060.529
626.4213,-1028.0546,1034.2228
642.5106,-1049.4266,1009.33826
645.8002,-1055.9541,1017.8431
647.496,-1065.7421,1033.7869
646.8398,-1071.5643,1049.043
644.5754,-1075.141,1062.268
641.4361,-1077.4639,1073.568
638.0057,-1079.0558,1083.2415
634.625,-1080.197,1091.5579
631.4572,-1081.0443,1098.7354
628.56274,-1081.6904,1104.9504
625.9478,-1082.193,1110.346
623.58606,-1082.5903,1115.0338
621.4967,-1082.9048,1119.1403
619.6449,-1083.1555,1122.7432
618.001,-1083.3564,1125.9098
616.53955,-1083.5178,1128.6984
615.23865,-1083.648,1131.1584
614.07935,-1083.753,1133.3324
613.0451,-1083.838,1135.2568
612.1216,-1083.9067,1136.9629
611.2963,-1083.9623,1138.4777
610.5582,-1084.0073,1139.8243
609.8976,-1084.044,1141.0227
609.306,-1084.0735,1142.0908
608.77594,-1084.0975,1143.0433
608.30066,-1084.1172,1143.8937
607.87445,-1084.133,1144.6536
607.492,-1084.146,1145.333
607.1487,-1084.1565,1145.9409
606.8405,-1084.1652,1146.4851
606.5637,-1084.1722,1146.9727
606.315,-1084.1781,1147.4095
606.0916,-1084.1829,1147.8013
605.8908,-1084.1868,1148.1528
605.71027,-1084.1901,1148.4681
605.5479,-1084.1926,1148.7511
605.40204,-1084.195,1149.0052
605.2708,-1084.1969,1149.2333
605.15283,-1084.1985,1149.4384
605.04675,-1084.1998,1149.6224
604.9513,-1084.2009,1149.7881
604.8654,-1084.202,1149.9366
604.78815,-1084.2029,1150.0703
604.7186,-1084.2037,1150.1907
604.6562,-1084.2045,1150.2986
604.59985,-1084.2051,1150.3959
604.54926,-1084.2057,1150.4832
604.5037,-1084.2063,1150.5616
604.46277,-1084.2068,1150.6324
604.4259,-1084.2073,1150.696
604.3927,-1084.2078,1150.7532
604.36285,-1084.2081,1150.8046
604.3359,-1084.2086,1150.8507
604.31177,-1084.2091,1150.8925
604.29,-1084.2095,1150.9299
604.2704,-1084.2098,1150.9635
604.2528,-1084.2102,1150.9938
604.2369,-1084.2107,1151.021
604.2226,-1084.2112,1151.0455
604.2098,-1084.2114,1151.0675
604.19824,-1084.2119,1151.0874
604.18787,-1084.2122,1151.1052
604.1784,-1084.2126,1151.1213
604.17,-1084.213,1151.1357
604.1624,-1084.2134,1151.1487
604.1556,-1084.2137,1151.1605
604.1495,-1084.2141,1151.1709
604.1439,-1084.2145,1151.1804
604.139,-1084.2148,1151.1888
604.13446,-1084.2152,1151.1964
604.13043,-1084.2156,1151.2034
604.12683,-1084.216,1151.2095
604.12354,-1084.2163,1151.2151
604.1206,-1084.2168,1151.22
604.118,-1084.217,1151.2245
604.1156,-1084.2175,1151.2285
604.11346,-1084.2178,1151.232
604.1115,-1084.2183,1151.2355
604.1098,-1084.2185,1151.2383
604.1082,-1084.219,1151.2408
604.1068,-1084.2192,1151.2433
604.1056,-1084.2197,1151.2454
604.10443,-1084.2201,1151.2473
604.1034,-1084.2205,1151.2489
604.1025,-1084.2208,1151.2504
604.1016,-1084.2212,1151.2518
604.1009,-1084.2216,1151.2529
604.1002,-1084.2219,1151.2542
604.0996,-1084.2223,1151.255
604.09906,-1084.2227,1151.2559
604.0986,-1084.223,1151.2567
604.09814,-1084.2234,1151.2573
381.28854,-835.32684,571.06854
247.83751,-756.5715,527.9472
242.60696,-695.9106,532.20703
241.40776,-652.3413,569.05927
196.0737,-632.3645,714.0414
190.52982,-576.8644,596.9616
220.94754,-611.7733,584.10016
270.8514,-617.2824,572.6457
251.16177,-602.45294,582.56506
315.69507,-676.15027,900.104
263.72522,-879.2737,830.4407
103.00168,-806.0204,828.5382
276.49872,-956.6266,771.49457
285.8488,-966.4575,769.0776
299.63223,-969.9674,774.33386
314.90057,-969.7098,785.0394
279.95554,-913.62695,761.26514
266.2259,-882.97424,759.6107
267.6502,-867.44836,764.4935
275.44696,-858.2063,775.92957
288.38586,-852.72375,788.1873
304.89774,-848.0896,803.21405
371.64615,-851.00024,805.0606
335.28836,-840.20825,829.7927
364.68042,-829.5608,860.4345
439.9468,-834.47864,845.4458
398.252,-632.8732,714.3712
445.40033,-521.8491,711.5578
474.2376,-469.45264,699.0507
489.8852,-445.29538,680.61554
623.87616,-453.35513,1116.529
618.0379,-655.24475,1121.5519
625.8451,-710.6476,1099.462
632.73346,-732.1699,1077.1074
634.6765,-742.0863,1060.3068
633.4393,-747.1018,1047.9158
630.5825,-749.8168,1038.5845
627.0408,-751.37994,1031.3562
623.31934,-752.3369,1025.6151
619.6772,-752.95825,1020.96985
616.23987,-753.3822,1017.1666
613.05756,-753.6868,1014.01666
610.16425,-753.88727,1011.45984
607.5269,-754.0495,1009.28864
605.13696,-754.1809,1007.4466
602.9795,-754.28723,1005.8836
601.03656,-754.3734,1004.55554
599.28925,-754.4431,1003.42523
597.7194,-754.49963,1002.4611
596.3099,-754.54553,1001.6369
595.04456,-754.58264,1000.9306
593.90894,-754.61273,1000.32367
592.8899,-754.6372,999.80096
591.9752,-754.657,999.3497
591.1542,-754.6731,998.9591
590.4171,-754.68616,998.62006
589.7554,-754.69666,998.32526
589.16113,-754.7053,998.0682
588.62744,-754.7123,997.84357
588.148,-754.718,997.6468
587.7172,-754.7227,997.4742
587.3302,-754.7265,997.3224
586.9823,-754.7296,997.1887
586.66956,-754.7321,997.07074
586.3885,-754.73425,996.96643
586.13574,-754.73596,996.87415
585.90845,-754.7374,996.7923
585.7041,-754.7385,996.7196
585.5204,-754.73956,996.6551
585.35504,-754.74036,996.59766
585.20636,-754.7411,996.54645
585.07263,-754.7417,996.50085
584.95233,-754.7422,996.4602
584.84406,-754.7427,996.4238
584.7467,-754.74304,996.3913
584.65906,-754.7434,996.36224
584.5802,-754.7437,996.33624
584.50934,-754.744,996.313
584.44543,-754.74426,996.2921
584.388,-754.7445,996.2734
584.3364,-754.74475,996.25665
584.28986,-754.7449,996.2416
584.24805,-754.7451,996.22815
584.2104,-754.74524,996.216
584.1765,-754.7455,996.2052
584.14594,-754.74567,996.1953
584.1186,-754.74585,996.1866
584.0939,-754.746,996.1788
584.0716,-754.74615,996.1717
584.0517,-754.74634,996.1653
584.0336,-754.74646,996.15955
584.01746,-754.74664,996.1544
584.0029,-754.7468,996.1498
583.9898,-754.74695,996.14557
583.978,-754.74713,996.14185
583.9674,-754.7473,996.1385
583.9578,-754.74744,996.13544
583.9492,-754.7476,996.13275
583.9415,-754.7478,996.1303
583.9346,-754.7479,996.1281
583.9283,-754.7481,996.12604
583.92267,-754.7483,996.12427
583.9176,-754.7484,996.1227
583.913,-754.74854,996.1213
583.9089,-754.7487,996.1199
583.9053,-754.74884,996.1187
583.9019,-754.749,996.1177
583.8989,-754.74915,996.1167
583.8963,-754.7493,996.11584
583.89386,-754.7495,996.11505
583.89166,-754.74963,996.1144
583.8898,-754.7498,996.1137
583.88794,-754.74994,996.11316
583.88635,-754.7501,996.1127
583.885,-754.75024,996.1122
583.8837,-754.7504,996.11176
583.88257,-754.7506,996.1114
583.88153,-754.75073,996.111
583.8806,-754.7509,996.1108
583.87976,-754.75104,996.1104
583.8791,-754.7512,996.11017
583.87836,-754.75134,996.11
583.87775,-754.7515,996.10974
583.87726,-754.75165,996.10956
583.8768,-754.75183,996.1094
583.8763,-754.752,996.10925
583.876,-754.75214,996.1091
583.8756,-754.7523,996.10895
583.87524,-754.75244,996.1088
583.87506,-754.7526,996.10876
583.87476,-754.75275,996.1086
583.8745,-754.7529,996.1085
583.8744,-754.75305,996.10846
583.8742,-754.75323,996.10834
583.874,-754.7534,996.1083
583.8739,-754.75354,996.1082
583.8738,-754.7537,996.1082
583.87366,-754.75385,996.1081
583.8736,-754.754,996.10803
583.8735,-754.75415,996.10803
583.8734,-754.75433,996.108
583.87335,-754.75446,996.1079
583.8733,-754.75464,996.10785
583.8732,-754.75476,996.10785
583.8732,-754.75494,996.10785
583.87317,-754.7551,996.1078
583.8731,-754.75525,996.1077
583.8731,-754.75543,996.1077
583.8731,-754.75555,996.10767
583.87305,-754.75574,996.10767
583.87305,-754.75586,996.1076
583.87305,-754.75604,996.1076
583.87305,-754.7562,996.10754
583.873,-754.75635,996.10754
583.87305,-754.75653,996.10754
583.87305,-754.75665,996.10754
583.87305,-754.75684,996.1075
583.87305,-754.75696,996.1075
583.87305,-754.75714,996.1075
583.87305,-754.75726,996.1075
583.8731,-754.75745,996.1074
583.87305,-754.7576,996.10736
583.87305,-754.75775,996.10736
583.8731,-754.75793,996.1073
583.8731,-754.75806,996.1073
583.8731,-754.75824,996.1073
583.87317,-754.75836,996.1073
583.87317,-754.75854,996.10724
583.87317,-754.75867,996.10724
583.8732,-754.75885,996.10724
583.8732,-754.75903,996.10724
583.8732,-754.75916,996.1072
583.8732,-754.7593,996.1072
583.8732,-754.75946,996.1072
583.8732,-754.75964,996.1072
583.8733,-754.75977,996.1071
583.8733,-754.75995,996.1071
583.8733,-754.7601,996.1071
583.87335,-754.76025,996.10706
583.87335,-754.7604,996.10706
583.87335,-754.76056,996.10706
583.8734,-754.76074,996.10706
583.8734,-754.76086,996.107
583.8734,-754.761,996.107
583.8734,-754.76117,996.107
583.8735,-754.76135,996.107
583.8735,-754.7615,996.10693
583.8735,-754.76166,996.10693
583.87354,-754.76184,996.10693
583.87354,-754.76196,996.10693
583.87354,-754.7621,996.1069
583.8736,-754.76227,996.1069
583.8736,-754.76245,996.1069
583.8736,-754.7626,996.1068
583.87366,-754.7627,996.1068
583.87366,-754.7629,996.1068
583.87366,-754.76306,996.1068
583.8737,-754.7632,996.10675
583.8737,-754.76337,996.10675
583.8737,-754.7635,996.10675
583.8738,-754.7637,996.10675
583.8738,-754.7638,996.1067
583.8738,-754.764,996.1067
583.87384,-754.76416,996.1067
583.87384,-754.7643,996.1066
583.87384,-754.76447,996.1066
583.8739,-754.7646,996.1066
583.8739,-754.7648,996.1066
583.8739,-754.7649,996.10657
583.87396,-754.7651,996.10657
583.87396,-754.76526,996.10657
583.87396,-754.7654,996.10657
583.874,-754.7655,996.1065
583.874,-754.7657,996.1065
583.874,-754.76587,996.1065
583.8741,-754.766,996.1065
583.8741,-754.7662,996.10645
583.8741,-754.76636,996.10645
583.87415,-754.7665,996.10645
583.87415,-754.7666,996.1064
583.87415,-754.7668,996.1064
583.8742,-754.76697,996.1064
583.8742,-754.7671,996.1064
583.8742,-754.7672,996.1063
583.87427,-754.7674,996.1063
583.87427,-754.7676,996.1063
583.87427,-754.7677,996.1063
583.87427,-754.7679,996.10626
583.8743,-754.768,996.10626
583.8743,-754.7682,996.10626
583.8743,-754.7683,996.10626
583.8744,-754.7685,996.1062
583.8744,-754.7687,996.1062
583.8744,-754.7688,996.1062
583.87445,-754.769,996.10614
583.87445,-754.7691,996.10614
583.87445,-754.7693,996.10614
583.8745,-754.7694,996.10614
583.8745,-754.7696,996.1061
583.8745,-754.7698,996.1061
583.8746,-754.7699,996.1061
583.8746,-754.7701,996.1061
583.8746,-754.7702,996.106
583.87463,-754.7704,996.106
583.87463,-754.7705,996.106
583.87463,-754.7707,996.10596
583.8747,-754.7709,996.10596
583.8747,-754.771,996.10596
583.8747,-754.7711,996.10596
583.87476,-754.7713,996.1059
583.87476,-754.7715,996.1059
583.87476,-754.7716,996.1059
583.8748,-754.7718,996.1059
583.8748,-754.7719,996.10583
583.8748,-754.7721,996.10583
583.8749,-754.7722,996.10583
583.8749,-754.7724,996.10583
583.8749,-754.7725,996.1058
583.87494,-754.7727,996.1058
583.87494,-754.7728,996.1058
583.87494,-754.773,996.1057
583.875,-754.7732,996.1057
583.875,-754.7733,996.1057
583.875,-754.7735,996.1057
583.875,-754.7736,996.10565
583.87506,-754.7738,996.10565
583.87506,-754.7739,996.10565
583.8751,-754.7741,996.10565
583.8751,-754.7743,996.1056
583.8751,-754.7744,996.1056
583.8751,-754.7746,996.1056
583.8752,-754.7747,996.1056
583.8752,-754.7749,996.1055
583.8752,-754.775,996.1055
583.87524,-754.7752,996.1055
583.87524,-754.7753,996.10547
583.87524,-754.7755,996.10547
583.8753,-754.7757,996.10547
583.8753,-754.7758,996.10547
583.8753,-754.776,996.1054
583.87537,-754.7761,996.1054
583.87537,-754.7763,996.1054
583.87537,-754.7764,996.1054
583.8754,-754.7766,996.10535
583.8754,-754.77673,996.10535
583.8754,-754.7769,996.10535
583.8755,-754.7771,996.10535
583.8755,-754.7772,996.1053
583.8755,-754.77734,996.1053
583.87555,-754.7775,996.1053
583.87555,-754.7777,996.1052
583.87555,-754.77783,996.1052
583.8756,-754.778,996.1052
583.8756,-754.77814,996.1052
583.8756,-754.7783,996.10516
583.8757,-754.77844,996.10516
583.8757,-754.7786,996.10516
583.8757,-754.7788,996.10516
583.87573,-754.77893,996.1051
583.87573,-754.7791,996.1051
583.87573,-754.77924,996.1051
583.8758,-754.7794,996.1051
583.8758,-754.77954,996.10504
583.8758,-754.7797,996.10504
583.87585,-754.7799,996.10504
583.87585,-754.78,996.105
583.87585,-754.7802,996.105
583.87585,-754.78033,996.105
583.8759,-754.7805,996.105
583.8759,-754.78064,996.1049
583.8759,-754.7808,996.1049
583.876,-754.781,996.1049
583.876,-754.7811,996.1049
583.876,-754.7813,996.10486
583.87604,-754.78143,996.10486
583.87604,-754.7816,996.10486
583.87604,-754.78174,996.1048
583.8761,-754.78186,996.1048
583.8761,-754.78204,996.1048
583.8761,-754.7822,996.1048
583.87616,-754.78235,996.10474
583.87616,-754.78253,996.10474
583.87616,-754.78265,996.10474
583.8762,-754.78284,996.10474
583.8762,-754.78296,996.1047
583.8762,-754.78314,996.1047
583.8763,-754.7833,996.1047
583.8763,-754.78345,996.1047
583.8763,-754.7836,996.1046
583.87634,-754.78375,996.1046
583.87634,-754.78394,996.1046
583.87634,-754.78406,996.10455
583.8764,-754.78424,996.10455
