-434.52362,469.08087,2727.0303
-441.95856,468.15372,2721.6472
-442.06665,468.89294,2719.9634
-450.3709,483.94226,2718.142
-445.55148,483.4641,2701.927
-458.27023,482.39172,2696.1836
-464.58197,485.46082,2684.1377
-465.86798,479.22284,2665.4795
-481.5377,483.82285,2655.3613
-495.394,497.67276,2645.7544
-501.62592,492.70984,2637.8308
-511.90128,489.17505,2624.0063
-523.76984,488.02557,2605.988
-534.9253,491.37695,2596.4814
-545.9884,500.4259,2572.9058
-554.03503,515.1439,2556.3462
-561.87976,520.2645,2546.419
-575.72723,530.3367,2533.1304
-582.1105,527.43915,2530.0947
-590.39044,528.21,2523.453
-595.9336,525.30383,2505.4392
-597.65094,522.36273,2498.4272
-606.2696,531.6641,2481.547
-614.5749,536.66766,2468.724
-619.4669,534.7095,2463.9097
-624.3305,538.67017,2467.7178
-625.8453,538.89746,2439.6135
-628.02606,519.5515,2432.6694
-624.3342,527.13715,2422.0952
-628.0704,526.39734,2416.8157
-623.4566,526.5508,2413.6714
-624.87213,526.56934,2405.814
-623.9214,523.73517,2410.6233
-618.70685,523.1309,2399.2637
-614.7474,523.42163,2397.7017
-611.16736,524.495,2406.4539
-610.78156,519.39636,2415.1455
-610.13776,515.88794,2417.5796
-602.75073,517.90173,2420.098
-602.3604,513.4487,2421.6675
-597.2356,514.7606,2438.4395
-601.58203,509.63977,2428.781
-590.50024,512.6725,2436.246
-589.9257,510.10345,2443.1304
-578.1979,511.35028,2449.6255
-583.1193,508.59906,2434.1423
-567.54236,505.01956,2449.3105
-558.81335,502.5307,2453.4812
-557.1652,502.51883,2446.42
-560.4658,502.8812,2449.7766
-565.27625,510.79095,2456.5374
-563.0565,513.7697,2450.8582
-567.88763,518.42596,2466.5933
-561.15704,519.92554,2467.0562
-562.63586,525.02997,2478.7979
-562.28564,526.34937,2479.8481
-565.90826,531.443,2482.097
-571.76,536.79724,2488.84
-574.0919,534.80524,2489.5767
-582.1657,534.97797,2493.921
-585.81616,534.2977,2497.7505
-586.62036,532.48413,2489.6465
-601.02136,533.1912,2489.6553
-603.5156,524.28955,2487.883
-614.74066,525.35724,2501.4114
-607.9784,524.83923,2509.7703
-620.9752,524.2267,2515.436
-622.9112,523.3489,2509.0571
-623.3419,521.0448,2510.577
-613.77246,525.50104,2535.0208
-612.8921,521.95447,2531.9749
-610.04803,521.6447,2544.688
-609.8912,522.55664,2558.344
-604.1757,521.95496,2557.7646
-597.70483,516.5099,2574.931
-604.4239,519.1593,2607.924
-599.2819,506.52078,2621.5625
-583.6649,504.32538,2639.4119
-578.3343,493.43488,2648.7214
-561.1024,482.78406,2670.7283
-563.98395,491.52106,2676.3398
-553.22534,491.3383,2692.736
-550.43475,480.11438,2697.4617
-536.08936,484.8222,2700.1938
-534.21045,479.3728,2703.3716
-529.19434,469.4223,2708.0369
-522.182,464.65903,2723.3435
-516.1792,464.47522,2744.9395
-514.4419,458.8008,2750.7769
-513.58374,460.10602,2770.4475
-514.55835,455.5469,2771.1006
-513.4943,465.36948,2778.0022
-515.2234,474.71405,2787.0776
-510.76175,474.03064,2797.2383
-517.2834,466.04956,2799.9885
-518.77673,467.04926,2800.3083
-522.0094,464.91852,2803.2024
-524.5066,465.95322,2814.6643
-531.2941,472.56512,2828.3765
-542.26776,471.4444,2839.8972
-550.73395,467.99408,2844.962
-572.0977,469.5501,2844.1387
-580.7577,473.96585,2852.8267
-590.33,473.2652,2858.916
-603.50867,470.031,2854.6406
-624.5388,459.8204,2838.8982
-634.84094,438.268,2836.8242
-659.28156,432.2874,2832.521
-677.4254,415.96384,2834.9414
-690.76917,396.70795,2826.7546
-716.32043,391.19196,2822.8635
-753.0595,348.81024,2808.5454
-760.35583,320.55804,2810.5583
-767.16754,291.0442,2804.6477
-772.79004,255.77463,2795.533
-780.2804,223.2623,2777.105
-769.6214,192.46191,2770.3447
-763.1326,160.13928,2780.5425
-772.9847,129.51373,2780.328
-757.8672,91.555595,2771.5
-748.6398,57.50265,2774.4841
-738.49976,22.369488,2787.956
-718.47614,-15.332375,2785.307
-702.8353,-42.124733,2791.5212
-681.53394,-73.72029,2796.8987
-664.7962,-107.33232,2802.0354
-634.8728,-129.12935,2809.6562
-616.2013,-150.50351,2820.2441
-594.1177,-183.02284,2836.782
-567.7309,-195.85498,2844.354
-535.22406,-205.21227,2848.7407
-513.1682,-218.11143,2857.5278
-493.47174,-224.5582,2851.4087
-468.99255,-229.28807,2847.6877
-444.35593,-232.70117,2843.5378
-428.45377,-243.31758,2848.9998
-411.96085,-245.52243,2827.761
-394.7748,-254.00635,2827.6409
-383.62872,-259.7766,2820.5188
-371.38953,-263.16937,2834.5505
-363.29544,-257.15027,2838.4292
-354.81732,-264.26398,2834.4404
-344.9771,-262.2184,2828.8872
-336.84326,-264.7243,2815.0789
-328.30566,-271.29504,2810.7234
-312.15533,-271.42935,2809.2476
-297.05478,-285.47693,2819.7783
-289.07883,-276.70306,2797.259
-265.59628,-264.19702,2811.834
-281.74005,-282.58972,2814.1033
-281.60376,-284.14972,2810.2217
-280.9771,-285.52637,2810.398
-279.24985,-301.3172,2813.4592
-280.15747,-308.54382,2809.487
-289.9996,-288.82236,2805.6816
-291.95114,-299.0157,2801.8438
-304.53394,-261.7938,2781.184
-309.20956,-269.18182,2767.4878
-315.3237,-270.66797,2759.873
-328.21027,-278.94684,2763.7944
-331.63028,-290.33307,2763.038
-335.81125,-299.25323,2766.9624
-352.60498,-273.97287,2773.7422
-354.58072,-273.9395,2759.9866
-359.7824,-286.95624,2776.9246
-367.22156,-263.2188,2747.8933
-370.6017,-274.93805,2766.342
-369.3118,-278.4337,2757.1084
-371.90637,-283.97498,2772.6216
-375.9591,-285.74603,2756.3784
-375.51334,-283.68445,2754.7546
-378.01816,-284.7649,2754.3713
-376.10388,-284.77332,2740.8848
-382.0841,-290.3568,2761.3103
-385.32303,-292.4789,2783.7236
-384.09283,-276.84784,2775.329
-381.37204,-284.44357,2774.209
-381.60095,-284.8041,2758.3018
-386.67044,-283.15863,2756.5713
-388.8114,-276.98694,2763.0415
-384.6195,-274.33063,2760.1501
-385.8701,-263.76538,2762.1992
-382.3402,-283.82394,2755.6826
-379.08423,-276.65732,2759.9485
-393.0066,-271.29297,2760.353
-371.803,-281.81296,2760.5605
-367.58298,-282.97314,2755.9368
-357.14844,-276.10394,2767.999
-351.86334,-282.77805,2760.5278
-348.01868,-290.05075,2769.595
-336.84042,-290.6143,2785.527
-332.94815,-282.21234,2780.959
-311.6758,-308.5915,2776.5903
-309.67746,-295.8227,2774.5933
-298.6509,-302.1938,2777.4028
-300.186,-291.45807,2790.9512
-296.0698,-286.49115,2777.9773
-299.9812,-257.01733,2782.3342
-298.68378,-267.5509,2776.9595
-300.294,-267.7438,2793.673
-300.88785,-255.07709,2781.336
-307.6693,-251.45251,2775.5232
-318.84943,-251.86307,2769.4866
-326.06522,-273.5201,2786.804
-332.9224,-280.23904,2797.2188
-345.01096,-285.77637,2804.2068
-354.12607,-274.7732,2791.9402
-356.17236,-267.9925,2787.13
-359.14697,-259.07904,2813.9631
-370.47003,-268.5133,2800.8997
-373.76086,-269.85107,2798.8489
-375.10117,-246.88861,2806.1335
-383.89435,-225.85364,2789.7893
-380.28552,-232.09085,2810.5674
-389.52472,-225.37079,2802.2983
-390.24445,-216.59203,2807.7964
-390.27026,-234.67203,2811.702
-390.24063,-234.18353,2809.6567
-387.21265,-230.13336,2813.9167
-382.31958,-235.65643,2815.9287
-388.51462,-224.1142,2811.9543
-386.54932,-224.51678,2801.8284
-387.26324,-222.82733,2831.8987
-382.59082,-220.3677,2819.8171
-383.902,-214.05913,2821.5454
-385.3208,-212.65399,2831.031
-382.84738,-209.07843,2829.3608
-380.55206,-207.11275,2837.4487
-386.57782,-210.95767,2849.4548
-385.19928,-195.52618,2851.1653
-375.70154,-204.9824,2832.779
-382.99146,-191.13086,2862.0806
-377.35452,-200.6737,2852.2954
-369.28268,-205.1682,2859.5825
-368.00668,-196.06471,2862.1536
-365.0712,-187.57198,2854.3774
-357.99026,-176.82324,2839.395
-357.0972,-173.65506,2831.9036
-350.86783,-188.24709,2840.0134
-346.56534,-184.434,2833.1824
-334.33105,-244.10397,2812.3484
-327.17523,-257.64703,2777.1213
-298.34344,-235.09521,2767.356
-277.65637,-220.55377,2767.0994
-262.63174,-214.78192,2763.8674
-249.63943,-211.12006,2763.812
-239.51791,-209.08426,2765.1301
-230.82387,-212.54114,2760.666
-220.99149,-214.87546,2761.5635
-210.33865,-214.62088,2760.064
-201.38188,-219.02325,2756.4678
-194.08176,-227.61105,2750.812
-233.43567,-139.50945,2766.701
-266.7141,-133.49467,2785.6987
-296.3775,-124.44565,2804.2007
-317.37265,-100.80432,2824.173
-331.9281,-73.30173,2838.0935
-348.02988,-46.113678,2847.338
-405.09882,38.579834,2853.8857
-409.12772,61.121735,2853.7834
-415.72375,78.878784,2846.045
-426.0279,100.54401,2847.3103
-439.78888,115.24225,2847.705
-462.5105,129.45175,2858.253
-483.84406,148.38612,2857.4834
-506.79492,172.24144,2838.8433
-530.554,185.53645,2832.7893
-550.571,198.01158,2827.6807
-556.5084,218.0798,2817.7612
-561.7084,234.34927,2804.5168
-578.09247,256.3554,2803.797
-584.86053,278.65518,2794.1694
-591.75104,300.23563,2780.227
-592.7547,320.99197,2756.6077
-593.1837,340.77176,2748.502
-593.3748,350.88568,2744.3987
-590.3391,351.74152,2743.9941
-576.2406,336.8975,2743.419
-564.27075,313.89694,2744.5312
-555.33734,288.44257,2749.1118
-539.1721,265.35312,2745.167
-511.81665,234.50203,2743.2363
-480.80353,201.71596,2739.674
-455.62155,166.61797,2744.13
-426.033,130.1617,2738.943
-393.46002,106.39868,2742.2827
-352.50537,84.987015,2747.1853
-302.6725,68.29526,2756.413
-257.541,60.06308,2759.9937
-215.91142,83.08893,2756.5183
-179.57309,92.226654,2751.8171
-159.23529,102.033295,2749.2017
-149.52084,106.88245,2742.1497
-145.69191,106.27945,2742.8882
-140.3077,101.44476,2752.737
-159.97511,86.35498,2757.423
-188.55655,78.221924,2763.5872
-215.84985,82.26845,2762.265
-238.04018,89.145325,2761.2769
-257.25507,104.61714,2760.86
-270.0644,130.7391,2757.7556
-290.02325,146.32394,2754.6191
-308.27747,169.2958,2761.197
-317.3651,183.7001,2763.0818
-323.316,206.60263,2757.988
-323.64417,221.40262,2758.5642
-324.8545,243.58322,2745.7734
-323.5984,255.38025,2738.5076
-323.56534,268.64716,2730.7576
-319.12726,279.6305,2723.6672
-319.8762,290.38324,2716.4236
-322.95306,301.94275,2703.1992
-321.62686,309.66034,2695.0598
-334.04187,312.83563,2686.4834
-343.1995,314.2326,2680.9707
-357.59906,317.75763,2674.8772
-364.24228,327.35516,2657.0552
-370.0728,335.44128,2637.2898
-374.93387,340.293,2625.0662
-376.4749,346.2783,2617.1675
-382.97766,356.3172,2600.8672
-388.254,372.5088,2589.8545
-390.45813,386.09796,2577.1694
-391.20987,409.4703,2567.3303
-383.36584,426.61728,2560.0845
-378.67648,452.7993,2566.4546
-376.25226,484.74457,2571.3684
-375.14,518.1868,2575.3499
-359.77432,543.9979,2584.6736
-336.70844,578.4192,2600.5845
-325.31952,611.5031,2616.487
-315.1771,637.9299,2638.9521
-313.52307,668.0281,2662.3987
-303.29694,699.71216,2687.404
-295.12152,722.55505,2716.8206
-285.5612,742.88873,2746.6636
-274.1256,763.9663,2772.9114
-264.00992,785.59247,2803.5964
-248.19879,796.7245,2827.2466
-233.75238,803.8192,2844.4197
-209.2367,813.28125,2864.4126
-193.90123,819.96497,2886.2505
-174.23834,824.42694,2908.2214
-154.6694,832.83453,2930.849
-131.66258,835.53796,2952.5125
-107.87719,823.1138,2972.7454
-77.22059,819.4634,2999.8506
-54.449932,801.18536,3008.4182
-14.870285,772.84827,3016.181
10.991615,739.9894,3026.1448
40.74803,701.9453,3035.4585
65.301216,651.7787,3034.35
78.62184,618.63635,3031.157
64.79208,570.6256,3031.9902
39.492584,537.33905,3023.2727
18.294067,520.2426,3022.2886
-0.4562378,511.69876,3006.881
-17.972641,513.66797,2999.2004
-29.065079,538.6896,2998.7275
-61.860092,569.9648,2992.169
-102.21994,604.5008,2986.845
-160.12228,628.4783,2980.6375
-227.56186,636.4513,2955.1604
-296.43378,629.1703,2915.1028
-359.76453,609.8191,2898.6274
-429.90048,577.209,2885.9224
-482.92694,541.61804,2875.5989
-537.76227,491.99213,2841.091
-591.4859,434.8157,2821.384
-633.6981,367.21027,2798.9688
-662.1734,300.9971,2762.978
-689.74414,231.06404,2741.8418
-712.38245,162.8857,2727.8162
-722.9053,92.442215,2707.3518
-725.33325,20.00851,2685.1426
-732.9219,-50.88925,2662.0735
-735.0409,-121.48763,2643.9622
-724.9863,-194.8774,2639.5647
-710.719,-261.61267,2629.375
-688.7256,-332.24384,2627.4424
-659.15735,-398.19482,2624.4424
-619.28174,-467.62662,2642.135
-575.17377,-533.5785,2668.4568
-528.79626,-593.03046,2702.2056
-469.09552,-633.8978,2729.04
-415.2773,-671.85486,2773.9963
-352.87457,-706.938,2840.7798
-290.99768,-720.953,2909.937
-219.31631,-709.40265,2989.1912
-159.17409,-697.523,3057.9478
-102.44264,-681.8305,3139.3164
-80.99756,-703.4623,3207.2532
-135.6551,-598.54736,3148.2144
-149.51498,-598.2029,3130.2354
-151.34268,-593.39844,3111.5432
-130.73035,-581.4287,3090.2615
-120.34712,-579.7058,3069.9126
-105.40376,-571.58777,3050.5728
-90.77785,-557.1282,3029.0872
-82.561516,-553.2117,3017.675
-73.92497,-545.4392,3000.7908
-69.48615,-539.4179,2989.3608
-66.90671,-533.23926,2980.9243
-62.836124,-524.6448,2972.6987
-59.184525,-517.77734,2966.9263
-59.307755,-513.15356,2958.4072
-58.957077,-503.92593,2947.9463
-57.137596,-503.28687,2946.1829
-54.981133,-501.5942,2944.4429
-53.852413,-503.4708,2943.9995
-55.840645,-503.60278,2938.4465
-59.442097,-502.4398,2934.3901
-61.479023,-502.78824,2928.6113
-69.531906,-507.18442,2921.713
-82.71765,-513.6666,2910.9114
-193.32062,-420.06122,3070.31
-314.69226,-328.15027,3178.3188
-427.90442,-221.44452,3235.7305
-510.3366,-110.82405,3210.512
-545.3121,-34.64569,3120.7695
-554.8089,4.8624115,3021.7002
-464.30536,74.25011,2744.8567
-420.7195,57.233,2686.6292
-379.76633,46.531204,2643.1665
-338.43073,38.02118,2604.0671
-296.58908,33.6882,2572.452
-258.5114,29.734543,2545.292
-226.72003,30.312424,2521.0833
-187.97876,13.951767,2492.845
-159.53607,13.157837,2473.9966
-123.81797,5.1562805,2465.192
-87.59828,-0.141922,2460.7458
-53.50432,-5.1912384,2457.2537
-22.282104,-9.525253,2449.789
8.853226,-14.520081,2461.3674
43.682266,-18.528046,2466.9172
79.12981,-20.974243,2475.1484
117.30628,-31.327621,2490.468
154.50113,-40.93164,2521.3762
195.70834,-49.839172,2559.4617
208.79097,-41.579094,2568.985
241.9324,-32.935493,2576.2576
279.21246,-25.518433,2589.9348
315.6468,-12.124367,2615.6992
337.79346,11.75177,2602.447
359.1081,26.524464,2598.6477
390.9042,49.49676,2606.3396
419.11853,66.091705,2605.9277
451.50604,89.59939,2606.6863
471.36554,116.351234,2594.8877
492.4002,143.74377,2583.109
518.40344,177.80841,2577.9297
533.97217,210.77222,2563.8386
538.984,237.67023,2535.5754
545.3058,257.15414,2500.8772
533.50116,272.34714,2461.5107
521.2542,272.46307,2416.8545
507.17603,256.51483,2368.5662
493.42578,234.94644,2332.5083
471.18124,202.376,2285.857
441.76904,144.86765,2246.3723
402.25513,77.246994,2224.6682
357.83093,-1.6559906,2213.0173
298.50754,-80.96951,2212.4028
233.65915,-171.7757,2209.542
156.76843,-262.0069,2219.8518
57.79734,-348.77512,2252.686
-63.96128,-407.12387,2291.6157
-188.40305,-444.16147,2336.2
-317.51846,-450.85303,2375.485
-452.5529,-435.52713,2415.1409
-586.20123,-388.3966,2467.0034
-707.75256,-312.8567,2510.649
-793.752,-219.59671,2543.057
-853.7907,-109.07295,2573.7017
-908.6306,15.812439,2610.7998
-932.15826,144.00487,2635.4075
-845.98737,263.72632,2658.8535
-796.3155,368.32007,2667.5918
-786.8263,484.69427,2675.692
-772.9646,609.59875,2678.416
-732.1735,704.7042,2684.5918
-655.4415,790.2816,2692.575
-563.8286,864.028,2697.0576
-466.57446,921.866,2695.2632
-363.2384,915.93896,2721.3296
-267.37177,928.5052,2753.6763
-167.51878,964.738,2763.0574
-80.37062,983.20905,2757.318
13.577896,989.51746,2760.1812
109.15041,981.9332,2769.9253
199.63599,934.72266,2784.7224
283.79,885.9674,2795.4905
361.93158,830.3627,2808.8691
427.83868,757.8067,2806.6343
480.1631,664.11304,2798.6108
516.2919,568.73315,2795.4006
555.6813,468.76337,2789.0134
578.9351,368.57724,2797.5
577.59717,256.707,2794.273
567.01794,156.03813,2775.4456
546.27246,48.897743,2771.0532
515.7137,-57.16693,2770.3352
464.64667,-163.14034,2759.0105
411.1525,-259.39807,2741.472
343.64603,-345.9598,2718.0845
258.06122,-418.24762,2681.256
158.67502,-470.81635,2643.2942
44.677517,-501.7416,2631.1638
-67.45541,-493.4029,2650.9407
-162.33638,-471.94226,2651.9536
-261.09607,-427.1861,2658.6116
-344.27332,-362.15082,2684.0757
-407.28058,-291.6959,2712.3823
-451.7732,-216.02812,2759.2903
-475.41968,-129.07977,2802.2454
-485.98663,-50.008026,2840.2107
-474.5774,31.456282,2857.7097
-449.63828,108.78515,2883.4377
-422.26254,167.41112,2914.7646
-383.0288,222.39546,2934.8423
-348.98325,268.09927,2956.5317
-325.42346,295.69025,2963.6216
-300.48392,325.17746,2970.8728
-283.2607,340.2981,2966.3442
-266.91974,342.3651,2957.9656
-260.76752,338.3113,2952.8108
-256.9062,328.083,2935.339
-258.7104,315.84918,2922.5278
-262.72318,290.73486,2911.503
-272.29132,271.9596,2902.2664
-286.49356,247.42197,2894.269
-293.1338,215.67935,2884.5156
-305.91998,188.00589,2878.1318
-318.6924,148.69283,2870.5984
-334.3719,122.240295,2850.4707
-348.0901,93.46542,2832.4924
-357.14777,66.53281,2816.7122
-363.16968,48.761566,2803.6897
-380.29218,38.429276,2792.6038
-390.70282,32.614243,2773.377
-399.5736,32.595062,2753.4597
-413.0133,37.172073,2742.9155
-425.18417,49.316223,2732.757
-431.20273,58.615753,2728.8574
-442.77527,60.83484,2726.04
-466.3219,66.11755,2725.6145
-485.94067,68.48779,2715.1196
-505.74393,77.207214,2704.2708
-517.0866,83.13846,2694.2961
-523.6774,91.99547,2676.896
-527.314,97.40242,2666.2239
-527.4735,110.01184,2663.2476
-518.4749,124.80727,2652.7278
-506.4048,139.94472,2635.7195
-487.94254,153.9031,2634.2463
-470.7271,175.24606,2632.7883
-447.55518,188.0404,2622.4922
-434.57898,211.50488,2627.1924
-429.7054,238.08017,2628.6853
-415.8419,255.6618,2643.567
-405.7258,280.42737,2641.7642
-387.8073,296.70352,2653.5566
-373.733,319.67877,2651.5535
-355.85428,337.91083,2660.2302
-340.5618,359.51526,2658.9905
-331.94232,382.634,2677.2405
-315.64166,402.86707,2676.978
-302.94528,422.53467,2687.119
-283.26666,444.55353,2684.8762
-263.15732,465.81644,2686.7402
-240.35233,490.87714,2690.9792
-211.78244,521.9364,2694.2312
-179.82797,550.78235,2686.9136
-144.9273,579.69006,2680.6787
-105.35098,606.2886,2674.3757
-65.404755,637.2235,2669.8135
-19.542908,664.2367,2668.2507
26.226074,688.1973,2665.421
83.03447,704.2749,2665.4036
143.8539,715.36896,2662.9336
209.45622,722.1545,2658.472
270.36026,716.4147,2650.7944
335.29446,702.3168,2651.8958
402.81906,673.86176,2643.5059
268.4279,505.42932,2584.5442
206.85068,364.3272,2562.0986
159.48264,218.38853,2630.4373
117.66528,95.157265,2721.4243
93.548256,-5.344963,2813.0857
158.38132,-43.17476,2937.7004
202.18796,-89.97045,3013.892
231.8741,-130.27246,3053.6228
249.30884,-163.08353,3069.9202
255.3342,-191.31744,3068.141
260.20618,-215.91095,3060.5078
266.4515,-236.40698,3048.1777
276.78052,-254.97104,3031.9268
298.4713,-267.52448,3005.7112
341.82825,-285.6055,2966.2935
365.94278,-300.05444,2923.3894
371.71896,-297.9859,2880.7073
374.28452,-306.37024,2846.94
280.78403,2.1123047,2714.9065
281.27615,-114.26967,2646.2131
324.51004,-240.03636,2600.6404
380.6548,-313.7939,2583.2598
437.43878,-335.0521,2576.3108
483.846,-333.1093,2568.4968
623.2012,-237.38058,2633.0544
633.8253,-186.60078,2610.4
639.2042,-121.1922,2594.4326
650.0605,-70.086525,2566.3098
671.3097,-14.463577,2556.9094
662.59784,44.298653,2517.4714
672.6295,93.70091,2486.2898
679.2919,141.44229,2450.621
672.9789,192.86778,2406.2488
659.3146,234.95811,2353.1733
636.49005,274.02286,2293.9775
608.1191,303.8645,2229.1428
570.19464,319.31793,2167.9844
521.72736,324.06992,2118.885
472.0948,318.27518,2066.4106
-34.656845,340.381,2099.544
-274.072,321.9789,2060.7034
-410.40314,290.58575,2077.5786
-466.22372,251.46115,2102.175
-483.3629,204.88905,2118.6362
-476.33847,165.00432,2125.8308
-449.52252,128.76743,2126.246
-409.29346,106.64665,2119.4375
-364.2194,95.956055,2108.4897
-315.82193,93.25458,2090.9243
-272.46854,101.55278,2073.7075
-235.38997,119.11174,2056.6152
-205.74368,137.30951,2038.2761
-177.46042,170.94624,2027.1183
-159.59814,203.595,2017.8284
-151.48358,232.98364,2005.714
-149.91534,261.86475,1992.7036
-157.43152,287.5122,1978.0369
-178.48091,316.22223,1970.03
-210.89102,344.23233,1964.5977
-242.89536,373.42322,1962.2085
-286.4889,404.2201,1977.3519
-345.7062,420.282,2009.8428
-406.58087,434.02728,2045.1198
-473.35706,431.024,2078.2458
-525.6249,416.5171,2122.4536
-541.4066,265.62738,2084.4072
-525.5327,133.23894,2080.6228
-499.75754,26.337952,2089.5684
-458.82208,-62.808434,2108.9802
-426.69598,-130.41924,2129.794
-394.28677,-185.00563,2157.4917
-365.87805,-228.9119,2188.1057
-329.93317,-260.0639,2225.6328
-300.99304,-282.1325,2259.3008
-281.07172,-306.35135,2277.4702
-262.28754,-327.32074,2292.6902
-251.61441,-339.31314,2313.0334
-237.04314,-346.58975,2335.0125
-222.10327,-350.61957,2357.7656
-213.24548,-356.7609,2374.4102
-202.56708,-358.7881,2389.8406
-200.21175,-363.84027,2398.0754
-198.24637,-367.70123,2406.006
-202.70258,-366.21655,2416.7058
-206.54298,-366.51562,2423.383
-213.42738,-367.19568,2422.1372
-218.79457,-369.11035,2420.8286
-221.923,-370.36578,2420.4656
-227.42244,-368.73297,2420.9062
-231.89995,-369.52957,2417.2666
-239.01546,-371.28735,2406.0144
-241.69502,-374.96643,2399.0027
-247.2475,-375.49615,2386.7664
-251.1402,-376.38275,2378.5703
-252.22475,-382.62112,2360.1936
-250.97267,-384.5684,2353.6687
-250.18895,-387.29916,2343.0261
-245.90007,-388.5524,2342.8179
-241.48735,-389.747,2343.3904
-236.97159,-387.26776,2345.1033
-230.26672,-388.89355,2339.969
-222.53827,-390.56635,2333.953
-211.01202,-394.5114,2331.8115
-198.65852,-397.73737,2330.9363
-186.77951,-399.2586,2333.9202
-173.34406,-401.6945,2335.1147
-157.15219,-403.8325,2336.7493
-282.95248,-114.820114,2233.2505
-443.80716,-78.2473,2222.709
-563.9555,-15.381367,2282.0322
-606.03766,54.083958,2359.3118
-606.8241,105.96648,2418.3608
-598.97144,140.68417,2456.8794
-570.1165,230.56395,2516.939
-567.2007,231.05035,2496.9001
-562.2726,234.02325,2484.1743
-544.3138,238.23468,2471.8274
-531.1725,238.26991,2454.444
-513.019,237.07257,2440.0237
-498.9472,236.1709,2424.438
-479.03107,243.31891,2412.891
-448.86517,252.71448,2403.7205
-415.25998,260.33304,2406.5256
-392.57526,262.5395,2397.3782
-372.5875,274.04367,2400.6672
-356.36682,286.60568,2401.4636
-337.5116,303.52826,2404.8137
-309.37216,321.81314,2413.0635
-281.02463,339.42126,2417.493
-258.6036,364.93698,2423.1206
-235.86778,385.31488,2433.9783
-207.93358,412.00378,2450.2856
-176.34872,442.11505,2459.1091
-150.4456,468.21768,2468.2417
-114.76897,490.69077,2475.8787
-77.66228,518.84155,2484.9512
-40.162735,549.58167,2495.7307
-4.831436,580.2489,2503.8098
38.751434,610.3302,2515.994
82.01077,631.59485,2522.4717
125.664734,660.45557,2531.9329
174.12328,688.62976,2543.4324
222.06638,705.81165,2543.468
272.77188,721.9353,2539.4155
321.88116,738.07715,2536.6177
369.29605,739.9491,2525.3423
418.10965,741.64105,2507.3809
466.21048,747.5438,2484.7085
514.26764,747.03784,2453.7769
563.56854,738.005,2413.3252
606.1561,717.49536,2370.9287
648.4946,692.85675,2330.536
682.4905,663.5312,2287.0894
713.8739,628.9939,2241.6396
741.2571,600.17664,2193.6287
757.26025,569.56134,2161.0425
768.17596,540.9066,2135.683
769.25024,526.2806,2109.3328
759.0931,525.9567,2092.578
741.5123,528.3705,2086.9502
707.6143,540.1067,2087.8733
661.2143,551.10535,2093.0688
607.9219,560.492,2101.968
546.4725,572.2046,2114.6047
479.55826,573.9774,2125.0247
408.84644,571.5134,2134.5034
330.79346,558.29236,2138.2244
250.88235,535.7559,2140.656
175.86362,507.98666,2139.539
102.230804,474.11267,2138.4753
37.82115,430.94202,2137.9365
-26.14827,379.7354,2131.5193
-84.38573,320.31512,2118.1252
-132.05275,253.84221,2103.537
-169.74846,187.10297,2088.8042
-206.23038,116.411255,2070.7937
-227.38336,47.260967,2055.3408
-251.5077,-13.725777,2037.9126
-262.72498,-74.581345,2024.6245
-266.4453,-133.46272,2015.175
-265.58752,-190.32349,2004.8779
-264.9203,-239.79707,1994.0972
-261.38852,-291.3807,1977.9926
-251.98906,-340.52884,1968.1543
-240.83351,-381.9475,1958.4186
-224.7522,-414.89197,1954.229
-207.11638,-448.8421,1948.2661
-196.09375,-477.9454,1933.9214
-189.17023,-500.88736,1934.9725
-177.72656,-520.3519,1931.294
-171.25922,-532.3082,1932.6375
-161.19441,-537.81104,1941.9417
-157.57193,-542.52576,1953.297
-161.83261,-547.63684,1962.8739
-173.43988,-552.6212,1973.791
-185.98593,-549.82214,1995.9633
-201.4086,-546.2217,2020.8865
-229.79889,-534.39667,2041.2025
-262.49042,-517.00476,2063.2324
-298.5486,-495.74298,2087.8093
-345.43414,-468.6109,2119.5244
-398.89185,-435.6363,2145.2446
-450.78845,-391.23877,2172.8992
-497.59772,-346.9993,2195.9526
-547.14056,-293.8011,2229.0032
-597.6335,-239.03508,2269.0757
-635.52856,-184.46207,2301.9785
-664.7499,-126.771774,2345.8901
-681.921,-55.730164,2383.067
-694.2985,10.439659,2432.1733
-692.4978,76.97076,2477.0864
-684.2093,142.06075,2531.5972
-669.5322,210.37784,2588.2144
-644.1436,259.40796,2628.5125
-623.41675,310.79544,2683.8403
-583.9852,369.34384,2741.3357
-548.84265,421.69904,2793.3335
-490.10672,465.68335,2807.6992
-436.72614,508.91232,2823.0461
-369.948,553.42926,2845.9368
-306.57318,600.94684,2881.4358
-241.98291,623.6687,2894.5095
-182.33258,659.29706,2918.2625
-116.96314,695.73706,2945.3953
-60.589066,714.9841,2941.1138
-18.990644,736.9917,2923.967
16.567852,757.99207,2909.4985
72.38174,782.20325,2895.4229
237.22922,614.57886,2912.2524
346.11426,455.79297,2929.6917
387.35898,593.2195,2968.5776
406.16553,699.5156,2961.469
410.60934,782.5832,2932.0415
410.15814,844.0318,2890.6
386.9764,856.09143,2823.2922
374.81555,879.83484,2765.6245
193.05138,895.14624,2586.7463
158.21498,893.72754,2548.877
124.57141,824.88165,2531.1895
83.373375,801.16187,2512.2253
18.281189,781.54865,2488.7825
-94.21094,527.42773,2470.6538
-188.98697,355.9322,2481.553
-232.147,216.80794,2513.4092
-253.3482,96.53838,2553.5005
-305.40704,-0.4026909,2607.4045
-324.63074,-82.34332,2636.5059
-322.40997,-162.94562,2660.825
-315.00323,-221.95554,2674.236
-291.9072,-279.93713,2692.1663
-268.49466,-329.28772,2709.625
-245.7258,-370.67773,2740.282
-224.73404,-399.11688,2766.176
-207.18321,-415.4878,2793.0276
-214.67543,-437.67828,2809.0442
-205.9757,-456.56418,2840.2485
-202.74818,-486.98956,2860.0535
-187.00473,-500.3352,2884.1458
-184.15842,-513.1896,2909.7424
-181.1766,-528.0871,2931.7576
-276.11526,-207.35406,2850.6228
-437.1914,-390.542,2796.6274
-404.85858,-435.47104,2842.0068
-367.68353,-452.50067,2903.0198
-333.58905,-458.60614,2973.091
-296.122,-466.9382,3013.6223
-260.48145,-469.37772,3050.4448
-235.02713,-472.2678,3076.3801
-219.52841,-477.0948,3110.6494
-202.39107,-471.84024,3136.1147
-190.34254,-466.19788,3162.4048
-179.66464,-464.5763,3191.5122
-175.98294,-465.6877,3214.8474
-168.38199,-463.69632,3227.5989
-160.05206,-464.71338,3244.084
-157.26576,-460.9772,3251.8142
-153.62874,-459.95837,3255.806
-148.27945,-458.4505,3253.4949
-146.87308,-459.82977,3254.5776
-151.17044,-466.55157,3260.094
-159.79227,-475.6765,3266.3323
-179.48756,-482.79022,3274.8105
-197.55727,-490.05273,3279.0164
-216.19888,-506.9777,3283.8982
-231.61511,-509.04663,3276.3904
-254.0357,-514.8363,3276.6465
-252.11996,-489.14142,3248.358
-270.61737,-460.35672,3220.1187
-252.11314,-472.86417,3197.9436
-239.60355,-482.4912,3174.0442
-259.143,-480.4555,3166.7996
-259.2049,-512.8494,3168.0752
-279.72818,-519.0786,3179.08
-313.854,-521.41693,3183.5918
-318.48392,-506.41287,3172.979
-324.9369,-515.31604,3167.4512
-349.59457,-506.10638,3154.492
-383.28387,-502.08856,3139.8206
-389.78677,-487.56616,3124.409
-425.96298,-465.89243,3125.3245
-444.97955,-464.47772,3131.74
-466.28427,-453.38226,3149.1929
-476.1276,-447.28348,3156.2822
-488.39642,-443.6571,3161.8447
-493.487,-438.65033,3164.0496
-503.52737,-436.62793,3170.434
-511.2302,-438.03033,3168.0657
-518.039,-443.52765,3167.701
-521.7675,-440.12622,3165.9448
-521.18774,-430.815,3164.317
-510.35446,-421.85013,3156.3596
-507.05142,-416.26706,3159.0303
-513.0382,-417.11978,3166.8826
-509.17853,-413.25488,3170.8022
-500.11188,-409.62863,3167.6519
-490.52203,-402.05743,3155.7349
-480.3049,-399.5298,3156.8164
-498.35056,-399.2788,3160.803
-492.80728,-394.14056,3162.5813
-485.89856,-394.1081,3156.6838
-474.42493,-392.044,3158.247
-463.34668,-392.1747,3157.7375
-462.674,-382.84985,3160.621
-458.8813,-377.06665,3164.3767
-454.81757,-376.06976,3172.0393
-441.04102,-377.3023,3173.7769
-431.4997,-374.6922,3168.647
-426.6659,-372.83447,3174.3535
-424.74826,-370.71814,3175.2063
-423.80267,-366.9702,3179.0908
-415.60312,-372.5381,3180.419
-407.3734,-370.07953,3179.1035
-398.4602,-369.14362,3179.3506
-396.11325,-369.23502,3181.2927
-374.54828,-376.49042,3180.3071
-364.52368,-377.32462,3190.7422
-356.27097,-374.53058,3194.7122
-354.5159,-365.20844,3206.1665
-342.15347,-367.65265,3207.929
-330.5884,-365.01035,3204.6958
-309.80252,-371.61584,3202.4578
-289.6569,-380.1902,3201.7556
-284.16464,-386.17175,3206.4766
-276.98492,-384.62982,3213.0598
-264.01895,-391.65598,3216.0442
-251.12073,-394.80997,3218.0725
-246.92021,-399.44028,3220.1804
-236.58684,-407.4645,3224.4585
-229.91512,-412.3087,3228.7842
-217.54729,-420.42267,3221.729
-213.29042,-422.7519,3227.235
-207.42677,-429.3393,3237.5378
-200.17189,-434.55313,3234.4614
-190.32915,-436.8969,3233.5605
-190.63261,-436.89508,3235.0579
-183.1869,-440.4822,3233.6064
-181.52415,-446.7384,3238.9968
-176.65889,-448.8786,3240.6116
-180.03792,-450.1441,3236.484
-197.24759,-446.5857,3235.5352
-207.88275,-443.79593,3234.8943
-212.33954,-443.62744,3234.6277
-228.23253,-441.04288,3238.969
-264.66522,-426.59885,3230.716
-279.32666,-419.96832,3220.381
-278.51242,-427.45944,3220.8318
-285.2672,-434.74533,3218.8557
-289.61966,-443.37653,3217.4963
-287.03088,-450.64368,3214.955
-261.7409,-474.41928,3224.7493
-254.08813,-491.56235,3223.4136
-241.97104,-503.00238,3227.1372
-250.83157,-509.76733,3232.0159
-253.41122,-522.2891,3231.8276
-269.5023,-527.1137,3229.0706
-276.68646,-534.6672,3229.9946
-289.17056,-542.6326,3219.6807
-303.67932,-550.17267,3213.2266
-317.92258,-559.9097,3209.208
-335.937,-568.1061,3206.376
-338.98456,-575.1832,3201.7324
-346.1921,-585.3387,3198.1724
-362.03134,-594.1161,3187.2039
-377.8751,-605.2294,3181.3105
-393.7705,-617.98517,3176.2031
-408.06473,-630.8982,3171.8853
-439.2518,-650.86426,3162.5288
-461.6126,-666.7787,3156.7346
-471.03986,-677.59467,3150.0002
-445.97537,-679.9572,3156.9941
-452.6064,-687.2919,3163.2625
-466.49707,-689.4879,3170.2832
-480.147,-698.2395,3172.1926
-491.0608,-713.72076,3176.6057
-503.44617,-725.584,3178.536
-519.4021,-736.5357,3172.803
-522.10785,-748.3151,3175.1567
-528.9009,-760.3518,3173.6924
-537.20135,-775.55115,3169.3452
-549.3795,-786.7663,3167.247
-572.804,-812.9031,3140.9204
-589.9406,-833.9664,3136.9644
-600.5913,-845.9651,3126.0798
-612.3764,-857.95593,3119.9983
-613.35657,-863.0845,3122.3105
-614.4888,-867.9832,3130.7153
-614.5715,-863.4722,3144.8403
-622.25415,-864.03357,3142.5166
-626.2579,-869.35126,3146.6235
-622.93695,-884.1822,3148.0078
-632.9646,-898.6253,3133.9048
-637.1439,-911.2238,3108.4333
-638.4509,-918.678,3104.5637
-643.7122,-895.1385,3125.7637
-625.94226,-877.39764,3147.2341
-619.5094,-865.35846,3158.7593
-620.225,-848.1839,3162.559
-616.89136,-840.21173,3172.3289
-624.0012,-843.22797,3164.6233
-614.2647,-820.69604,3167.424
-617.2052,-800.2271,3168.5957
-612.4189,-792.2744,3169.4526
-610.85516,-783.56604,3170.1162
-615.27466,-781.62067,3169.3716
-608.2992,-741.9796,3176.5242
-602.3446,-722.2171,3180.5566
-601.3266,-694.55457,3182.4717
-602.316,-677.75366,3184.0486
-605.4869,-667.93567,3186.8843
-609.88995,-671.85254,3178.8132
-614.04254,-662.6545,3175.1475
-615.2457,-654.4542,3179.18
-615.26874,-646.204,3174.6426
-627.3318,-649.49115,3171.541
-621.20166,-628.04016,3174.0322
-607.58057,-606.97003,3184.4124
-597.1358,-585.6492,3183.2556
-585.91364,-567.8344,3189.435
-563.9697,-532.4305,3185.9941
-552.4573,-524.73505,3192.741
-544.7336,-513.6071,3196.9565
-531.80566,-496.17743,3200.536
-527.694,-489.80737,3207.531
-510.46667,-479.83945,3214.5708
-490.20786,-471.62613,3225.5881
-505.53555,-480.41248,3212.7925
-496.1156,-474.7605,3219.256
-485.27466,-472.5224,3221.6665
-473.59372,-462.41312,3224.7896
-461.46283,-451.93896,3227.6135
-447.7746,-442.1944,3229.1208
-451.8536,-440.59485,3223.4634
-452.8755,-439.56183,3211.659
-449.77823,-440.57874,3194.9543
-442.00897,-433.9439,3183.6724
-434.13217,-428.03757,3176.6738
-599.11646,-288.21802,3345.7168
-728.9326,-204.42879,3408.8816
-797.4801,-102.31813,3405.037
-827.6365,-21.484695,3372.1199
-825.3434,37.630463,3324.9578
-798.56647,158.33643,3178.1672
-774.1989,148.39513,3147.2861
-744.15265,145.42169,3111.5247
-714.46,143.2451,3095.7864
-681.1381,148.25989,3064.5923
-647.5812,142.0642,3036.3193
-611.2389,142.36119,3020.5588
-570.7216,140.95651,3001.484
-532.46313,141.87569,2992.5615
-514.7029,158.97072,2987.3352
-493.35446,173.59262,2978.6448
-481.06464,185.65645,2984.4785
-463.6328,190.40172,2986.2288
-444.11816,190.93747,2984.4595
-426.5473,190.29419,2990.3958
-414.32993,189.08261,2986.6887
-410.5796,185.3196,2990.7102
-426.69775,199.97095,2987.2986
-435.88666,210.58382,2978.5862
-443.89685,214.7304,2975.5002
-448.64807,217.44147,2972.819
-449.02423,218.63667,2969.0586
-449.46973,219.32852,2965.921
-451.4026,220.47197,2967.9995
-447.7729,221.22356,2960.3926
-446.16394,222.22139,2955.1423
-451.48956,225.77011,2943.619
-454.60138,228.48412,2927.8486
-454.36395,229.9055,2918.7314
-447.17163,227.12134,2913.907
-437.47946,225.3929,2902.858
-432.2093,229.99944,2889.1843
-420.16333,247.31143,2855.8164
-412.34094,282.15585,2826.5352
-399.5716,314.74045,2807.4343
-387.73773,346.12573,2792.3735
-378.01147,386.0031,2774.7114
-380.49493,424.82852,2766.4512
-380.5897,455.28442,2760.779
-393.8387,486.9944,2743.8354
-415.82526,506.45346,2734.6868
-443.82404,530.01025,2721.0024
-491.53784,546.6885,2715.5952
-542.64764,551.2648,2692.1604
-597.5858,529.4053,2650.5198
-673.1142,496.00104,2612.1892
-738.3034,440.1852,2563.0437
-798.44055,372.30988,2519.6055
-849.03546,297.61072,2492.419
-907.2482,210.02698,2460.9434
-947.533,119.10292,2442.3074
-971.63416,18.61525,2427.5698
-991.2398,-93.344406,2394.0012
-986.7124,-201.24022,2401.7576
-974.17664,-307.67145,2403.7654
-940.3533,-405.94238,2413.6638
-895.2496,-503.0551,2418.8108
-847.09216,-600.90137,2429.7197
-785.66534,-680.09296,2455.8357
-720.23663,-731.8183,2482.3362
-646.2503,-766.49854,2517.7063
-561.6067,-782.3085,2541.6055
-478.86328,-795.14014,2569.0667
-403.05084,-796.3241,2596.0708
-332.34644,-782.8965,2620.071
-272.5102,-757.505,2649.9597
-220.89996,-728.0169,2680.5698
-185.02267,-699.10706,2700.8347
-149.77293,-672.71295,2735.8904
-122.60672,-654.3484,2752.462
-111.48425,-635.6742,2776.8801
-106.13681,-627.52026,2785.6355
-117.92279,-624.1202,2789.0044
-126.23576,-633.42365,2790.6367
-148.98154,-642.5969,2783.2688
-182.90366,-666.97345,2784.5342
-239.0031,-701.3302,2778.0085
-301.06854,-733.56805,2771.028
-377.58453,-743.12634,2740.4011
-464.1867,-735.2908,2697.678
-545.78217,-726.1133,2648.6052
-614.95636,-682.0274,2599.81
-684.27216,-638.73987,2567.4343
-740.96356,-579.4398,2531.6335
-792.9439,-513.43896,2504.687
-819.89014,-445.9794,2491.292
-851.7872,-377.80664,2488.072
-876.7918,-309.64282,2491.6672
-886.1405,-240.08029,2484.5369
-891.5645,-154.08694,2480.8208
-879.1683,-76.9326,2503.823
-872.8527,1.8976898,2509.012
-860.90875,73.379166,2530.4004
-852.9974,146.43423,2539.1873
-963.3046,3.300888,2574.029
-799.8678,-105.51087,2580.386
-858.1123,-146.24818,2618.7227
-941.4302,-200.77946,2665.983
-980.2362,-259.501,2702.7554
-981.87634,-292.45392,2740.0344
-985.6002,-298.6109,2781.6594
-951.3523,-309.75256,2906.4138
-956.37775,-279.1474,2979.1519
-923.71924,-211.10391,2966.8384
-950.7991,-229.5749,2943.4575
-941.1247,-213.2693,2918.5337
-918.8302,-201.70836,2899.0615
-894.41296,-193.42651,2891.7366
-865.53735,-191.24174,2889.5142
-833.66125,-191.9205,2882.2375
-802.3844,-190.80537,2881.962
-768.84375,-194.4911,2878.9714
-734.5562,-201.78845,2872.5999
-698.78784,-207.3757,2875.149
-666.598,-210.55423,2868.512
-635.3893,-213.78564,2862.699
-604.39996,-218.3927,2858.7036
-566.2901,-228.54535,2873.3384
-531.06604,-233.98694,2883.547
-495.6693,-239.75781,2894.2646
-465.3652,-241.92621,2887.8933
-418.90063,-256.48425,2898.0952
-380.48938,-268.843,2904.2659
-331.01944,-288.6859,2917.3376
-281.9229,-316.22168,2925.9438
-226.16176,-338.96942,2933.8
-168.11447,-361.95807,2927.2915
-122.5491,-384.2145,2925.1687
-82.498505,-402.56915,2907.3992
-66.57153,-415.37402,2887.3965
-35.284782,-437.27777,2866.822
97.83185,-329.57065,2801.213
241.64018,-351.50128,2776.0
375.98618,-388.72394,2752.0068
474.41638,-395.45602,2713.614
537.51526,-405.33658,2651.1804
579.0414,-409.6767,2566.3438
529.7897,-326.39703,2323.3953
478.5263,-306.01035,2232.5054
420.87677,-277.41617,2164.2869
63.17962,-96.13755,2181.872
-111.15336,8.211334,2159.7014
-237.5783,103.621796,2170.6013
-297.31314,171.57086,2187.7317
-324.96198,223.50198,2198.5579
-334.148,272.70038,2199.1653
-329.47977,318.05942,2206.5999
-324.05872,350.5553,2212.699
-320.3957,386.63873,2222.4885
-314.3059,408.08737,2242.968
-307.06207,422.09885,2286.22
-305.84818,421.96173,2323.3755
-324.87698,408.4986,2362.4204
-337.3483,383.50818,2401.984
-355.9536,342.5636,2442.3354
-378.06555,289.49802,2465.4424
-408.79095,214.22256,2484.9546
-430.1899,137.52519,2498.9534
-452.20096,51.28734,2486.5771
-463.74643,-43.388237,2478.3147
-448.8652,-127.84677,2440.5789
-416.02106,-213.91322,2399.8804
-362.59265,-300.23123,2360.021
-299.23474,-365.9587,2325.8516
-244.59903,-411.56165,2297.4153
-180.2935,-444.91528,2269.773
-124.947266,-471.22134,2242.6018
-69.58437,-483.1383,2222.566
-23.758915,-484.246,2198.2893
6.1905127,-482.48688,2179.4065
36.697414,-469.4009,2170.7883
68.79101,-449.2987,2162.2722
98.56563,-425.3097,2161.2805
135.8169,-396.11365,2159.8088
170.9172,-374.88342,2162.2856
213.60028,-349.20358,2181.9307
251.27686,-321.38712,2203.8728
290.15106,-295.35794,2240.6506
326.1757,-280.41705,2273.5754
363.47437,-265.0926,2322.2002
389.0658,-244.85754,2365.3923
407.21893,-230.77547,2411.7466
416.34067,-214.82692,2466.372
410.10007,-202.42,2525.0671
392.57068,-187.24295,2561.773
352.18286,-168.567,2594.2144
304.12158,-144.01143,2623.6614
243.35077,-126.78609,2626.3352
176.45386,-118.1928,2627.6897
99.019936,-81.4029,2575.6997
44.964005,-70.5069,2583.2305
-25.887177,-18.007717,2550.9924
-72.12283,10.772652,2558.6172
-125.94449,31.560081,2573.246
-173.58156,68.01329,2591.6912
-216.8404,98.91968,2593.6313
-266.3595,130.30736,2583.5608
-319.31622,161.63474,2563.3647
-369.4591,180.71133,2548.15
-419.94885,204.82675,2532.254
-472.03375,220.03275,2512.819
-510.13324,229.27524,2491.4697
-537.8202,233.914,2466.2131
-555.9607,235.384,2443.1333
-578.15094,234.01408,2421.727
-593.9638,226.52898,2400.6409
-595.11176,216.07486,2382.4402
-593.60315,200.23642,2376.0815
-582.4608,186.63,2373.4666
-560.4161,168.57947,2383.2266
-530.2766,149.87825,2395.3047
-485.8906,136.1978,2411.5632
-435.36465,119.48226,2447.1633
-379.65985,105.24411,2495.1921
-322.01477,97.764755,2536.9902
-255.92245,85.98289,2562.957
-215.11446,81.29172,2643.4753
-171.293,73.31489,2729.5742
-131.51328,65.81243,2809.9482
-110.88251,63.52954,2901.6091
-92.302765,66.84819,2973.0198
-76.94559,64.65428,3008.1348
-67.82614,63.2387,3013.6235
-66.52637,56.854282,2993.9736
-78.58438,57.399338,2955.6028
-102.93872,57.75126,2901.4592
-130.25565,46.747444,2822.4001
-163.70833,48.484894,2765.2964
-197.03947,38.507637,2694.918
-234.71754,23.025871,2634.1296
-282.69092,5.620716,2569.0742
-337.3608,-18.369865,2518.0854
-388.89832,-48.02794,2488.9224
-445.48245,-75.369675,2466.5042
-507.94348,-109.15229,2449.0103
-568.84406,-139.88011,2443.9075
-633.82184,-164.51192,2460.6326
-692.5421,-178.20644,2481.4463
-743.0211,-183.01152,2520.6191
-787.8164,-176.7002,2567.428
-820.2346,-158.08505,2604.73
-850.7674,-128.16707,2652.0947
-865.0655,-89.86315,2682.7754
-869.37024,-44.836487,2677.8506
-872.1291,-6.2477875,2688.728
-861.3575,23.469704,2692.2095
-861.15875,52.626495,2685.0417
-864.72845,77.4954,2655.5063
-868.26135,100.85138,2637.6755
-862.4517,119.60944,2599.8293
-851.7839,129.25836,2550.6226
-844.4918,148.22433,2517.9304
-825.10516,158.71695,2476.8818
-801.82275,160.58087,2424.7888
-770.49786,161.60532,2376.173
-740.6206,158.36996,2336.801
-699.31256,159.56485,2289.7766
-642.5691,149.10757,2246.2478
-571.6516,132.02863,2210.5142
-501.24182,113.10509,2189.3108
-425.0632,100.48256,2173.3523
-336.98514,90.541695,2167.7278
-251.1258,86.74719,2181.6687
-162.45906,87.500084,2208.309
-76.24643,97.67966,2238.7085
1.1593323,124.133064,2272.5095
66.89104,156.80406,2313.5024
124.90126,190.89859,2350.604
151.1494,225.49959,2368.9734
173.44957,275.02542,2390.6267
199.5459,330.58725,2413.7043
196.25684,380.5387,2419.9294
184.03946,429.70297,2425.4543
192.23698,499.5193,2417.0767
160.07816,532.2324,2413.2356
120.54721,563.81506,2408.8054
97.36282,596.74084,2399.6094
68.86578,623.232,2386.835
39.199295,630.647,2352.82
12.762131,618.52594,2306.5857
-4.3161163,584.256,2255.1536
-16.053421,521.7781,2206.068
-29.65683,443.9006,2156.8396
-33.77865,333.4563,2126.9895
-63.994183,225.25879,2116.819
-79.93973,127.379326,2120.2012
-90.47322,24.9314,2127.2812
-101.918945,-75.29662,2132.126
-124.12196,-169.88957,2151.792
-154.54251,-252.3892,2176.4675
-192.7132,-317.8317,2209.8208
-239.29802,-359.3599,2254.1174
-303.40887,-381.30432,2301.1892
-369.89145,-391.98383,2341.8223
-442.01077,-386.8448,2381.532
-502.55667,-362.01483,2401.9583
-562.0127,-325.90295,2428.1072
-610.3231,-287.1593,2437.0452
-652.2134,-237.07085,2446.3118
-686.8109,-189.54509,2440.7195
-719.83453,-137.56192,2439.4854
-743.45215,-90.254906,2429.4788
-755.92255,-46.883835,2419.8823
-762.10767,-1.2662659,2400.0725
-762.7673,40.050346,2377.16
-756.87866,79.91445,2360.1252
-743.9219,124.61804,2332.0723
-723.96655,165.48512,2304.9382
-693.9489,199.99747,2277.2222
-657.18774,239.97427,2253.2014
-611.49164,279.9632,2237.0352
-553.52234,313.4267,2229.0596
-488.99222,344.28198,2222.4775
-429.52722,368.49863,2223.591
-359.59567,392.82068,2246.0386
-283.95145,409.87518,2272.2354
-206.0032,421.1301,2315.238
-140.75473,434.9755,2340.2278
-72.96616,443.964,2390.2944
0.60113525,442.39258,2459.1106
57.82921,420.0781,2540.1785
108.573685,404.14798,2610.618
157.3929,398.44327,2671.3484
202.0225,387.48767,2722.3647
230.23517,368.3321,2776.4458
268.7645,349.4851,2832.0093
304.64496,328.1018,2886.0256
331.2608,302.7308,2931.6292
350.56366,269.42282,2990.2263
365.81354,232.13947,3048.4143
372.75104,185.36867,3092.7961
377.92334,143.15422,3130.9246
395.00253,93.52351,3144.4272
407.3552,46.765274,3150.7192
409.15686,-0.20096207,3145.9216
396.67786,-43.91697,3151.394
384.55963,-85.92648,3112.683
369.413,-134.76361,3084.652
360.33957,-170.26595,3039.3882
347.8698,-201.14613,2979.8025
321.55414,-235.61282,2913.6106
285.41492,-264.47446,2834.808
243.21608,-291.93842,2752.4453
184.6159,-316.05017,2656.0295
114.47868,-325.20697,2566.998
25.038925,-323.8822,2485.2534
-75.96509,-300.24988,2424.9956
-161.24402,-262.4017,2392.7021
-257.20898,-221.14432,2368.0613
-351.65884,-174.3768,2373.3896
-434.75812,-120.5392,2390.3347
-515.53033,-60.20851,2429.5515
-581.1177,-5.324478,2479.1514
-638.12317,48.908424,2547.5046
-666.2621,104.40779,2603.8198
-680.4453,159.40265,2667.1975
-685.65234,224.28645,2734.5938
-683.8187,288.07047,2791.6755
-679.9292,361.3246,2862.947
-647.1831,419.58316,2923.4153
-588.5512,478.14764,2947.5186
-542.7517,542.29364,2981.725
-499.4769,625.9965,3011.4023
-440.85596,684.97614,3035.433
-368.38495,757.42975,3040.632
-309.78604,807.9949,3042.0237
-237.97214,873.42725,3017.0278
-166.43134,931.91394,2982.85
-97.01546,979.201,2933.6182
-34.38369,983.1056,2868.6838
26.954285,993.0395,2797.1301
84.58542,999.09595,2720.1064
131.25562,1000.5449,2646.2053
176.14026,996.3495,2554.3364
215.36697,979.9418,2463.939
253.7201,952.69543,2366.8
300.0437,916.0733,2261.2124
337.6093,862.73456,2165.1538
399.0265,766.92004,2019.1505
447.0984,666.9224,1900.8936
475.33606,558.01733,1804.4639
476.7445,434.29453,1726.55
456.9574,310.467,1667.279
427.80078,192.84225,1632.1646
385.92725,84.3414,1614.718
341.15366,-21.250092,1613.2489
282.03885,-119.082664,1633.8069
234.66794,-206.25372,1643.3447
175.6499,-286.76428,1672.612
127.04328,-343.4314,1700.0042
76.21698,-408.7099,1729.1578
21.849953,-463.43768,1765.1161
-32.442135,-506.11267,1804.1249
-83.523834,-536.14954,1840.528
-126.44119,-556.5029,1875.5192
-176.1749,-573.39404,1914.4166
-236.25336,-609.23975,1954.5298
-250.51112,-596.54675,1976.9519
-269.63702,-607.42035,1992.8507
-291.54022,-636.83936,1993.7181
-296.73395,-631.42474,2003.459
-306.6308,-644.2317,2007.4583
-373.8081,-615.4525,2010.7086
-426.17282,-604.3061,2014.3762
-466.43915,-601.13043,2020.2738
-493.82452,-601.3445,2020.2642
-526.11383,-608.76904,2023.2523
-554.3149,-610.25183,2022.4122
-580.8987,-599.70874,2010.4271
-611.24567,-585.6577,1993.7463
-645.6238,-564.0442,1988.2887
-670.3922,-526.00085,1978.8792
-697.1,-481.30795,1981.4875
-720.5138,-427.78357,1983.3296
-735.0895,-378.5267,1980.8965
-755.52405,-326.3802,1980.7876
-770.39453,-269.07236,1985.7532
-787.8947,-217.76875,1989.9023
-804.6688,-156.0271,1993.7799
-814.1659,-92.973976,2000.1404
-818.08936,-34.434193,2002.6805
-815.11755,27.924126,2009.591
-808.6531,84.99245,2013.4012
-797.53784,145.49121,2020.401
-788.64624,201.72418,2021.2888
-775.5934,256.481,2023.4152
-755.27246,311.14673,2023.4554
-732.18115,362.6106,2021.1779
-707.7224,410.83624,2019.6823
-679.9995,451.5534,2020.1598
-653.6509,489.25867,2023.1848
-630.7277,520.44507,2025.4792
-614.0198,540.42505,2021.644
-604.4593,554.8259,2010.2043
-596.8815,566.3996,2001.3823
-596.7855,571.70337,1984.7227
-597.92664,567.277,1959.2205
-601.7272,554.65027,1927.2556
-601.7464,534.9678,1895.0828
-604.9727,503.12878,1860.3826
-601.5144,465.4886,1826.2122
-596.2711,428.4442,1792.9713
-587.6069,387.7572,1763.8457
-579.8309,343.98993,1741.2354
-568.90454,299.785,1717.0734
-560.3072,257.3423,1699.86
-555.2763,213.81119,1688.4105
-546.2991,172.81976,1686.2119
-539.1078,128.10205,1687.0249
-534.23016,87.59465,1696.3212
-526.0156,53.26516,1707.197
-516.5851,27.943077,1721.6338
-508.6117,0.42367554,1741.0315
-499.4007,-15.457901,1757.704
-486.3927,-24.936989,1775.4619
-472.36462,-28.368073,1790.8154
-463.4807,-28.893288,1798.965
-448.51752,-21.582596,1812.1794
-440.17896,-15.850906,1823.4185
-425.9311,-2.4897308,1832.0968
-420.49634,8.939301,1839.367
-415.25153,22.098267,1843.1813
-413.47214,30.027206,1854.9268
-410.63928,43.86293,1856.8888
-412.77716,55.060356,1863.4779
-413.71887,71.669525,1867.228
-414.79468,81.32941,1877.7968
-419.87366,90.43709,1881.3317
-421.2362,101.80207,1888.3679
-418.98093,109.40159,1887.4387
-420.4546,108.49576,1884.1704
-428.3491,102.40436,1873.2677
-440.4745,90.156105,1861.8446
-451.7757,78.45861,1839.2378
-460.34235,64.00244,1818.1887
-468.08496,48.272636,1796.7936
-473.82355,34.650757,1775.9822
-481.17236,16.72107,1755.5446
-492.62872,-4.638115,1738.175
-503.65527,-23.073738,1722.1603
-517.9713,-34.54048,1707.9275
-534.1002,-41.55475,1695.3945
-550.4794,-37.896515,1683.5503
-564.1319,-35.385715,1672.2812
-580.95276,-26.218746,1661.634
-606.6395,-18.609432,1659.3717
-632.6925,-7.624029,1655.7045
-655.01794,2.2582722,1651.1962
-676.88995,14.201525,1644.2515
-694.17847,30.178595,1639.94
-707.8689,47.97837,1637.182
-724.0817,61.906143,1629.4269
-741.0254,79.6386,1622.7325
-747.7302,95.3682,1618.2832
-756.73456,113.40869,1613.2273
-766.8596,129.3491,1606.298
-776.28107,146.58734,1597.8312
-783.25354,161.70703,1588.8364
-788.84314,176.67493,1579.01
-790.8671,189.20084,1571.6306
-793.1433,197.91203,1560.7811
-794.53156,201.67253,1548.4867
-795.163,199.13524,1534.4457
-794.7544,191.28883,1522.3339
-792.39905,177.02486,1513.0085
-793.0182,159.58789,1503.269
-789.37714,140.52316,1499.8525
-786.1765,121.63515,1498.4899
-779.51764,99.9181,1499.3629
-772.8992,78.98866,1502.6713
-762.52405,60.8502,1507.0045
-751.97156,42.615814,1510.2251
-735.3576,29.183674,1523.4288
-717.66925,15.051735,1535.9867
-703.1781,-0.64813995,1547.3064
-695.06903,-19.608852,1555.1484
-681.62195,-36.02681,1561.4181
-670.028,-54.600105,1559.5735
-662.71265,-70.03848,1551.3071
-655.58716,-85.323845,1541.1561
-651.52185,-95.89663,1528.62
-653.80835,-102.92021,1512.1665
-656.6137,-104.51236,1494.8676
-660.1821,-100.78514,1475.3624
-663.581,-91.86323,1456.5498
-658.35956,-84.30367,1448.1
-659.9179,-75.079285,1435.0839
-665.1832,-60.13298,1422.7051
-673.6557,-42.561954,1408.5852
-683.8491,-20.328722,1396.497
-693.6908,4.6748924,1388.1083
-703.49866,34.20415,1383.1348
-717.70593,63.221535,1376.3726
-729.6247,93.60641,1371.1906
-742.5756,127.55028,1364.7374
-754.39233,161.27057,1358.3652
-766.0402,198.95334,1351.714
-775.3939,238.09468,1342.8057
-783.71295,280.376,1334.3163
-789.025,321.5339,1326.9397
-790.31213,355.62393,1323.8904
-787.8287,394.53485,1317.4844
-782.29596,437.24353,1309.621
-773.49194,476.4023,1304.0562
-763.98047,513.52893,1296.4791
-754.0984,534.976,1291.615
-740.7786,551.7564,1284.1246
-723.9337,561.69653,1274.1921
-703.3617,563.5746,1267.372
-677.2006,559.1022,1259.4431
-648.5198,548.4617,1253.4585
-616.3419,529.4178,1248.9603
-588.38,494.46143,1251.3483
-565.87024,455.8154,1278.672
-566.3486,398.81494,1301.8921
-560.23364,326.88318,1308.3398
-554.8768,259.44153,1325.9264
-562.0853,192.20117,1351.9785
-579.3567,135.55356,1381.762
-604.857,82.694595,1413.6515
-635.82776,33.160156,1447.4291
-670.5214,-8.279694,1481.0402
-703.63776,-38.367874,1515.8174
-737.8503,-64.930664,1549.7156
-770.00574,-83.36563,1579.3877
-800.3797,-100.87079,1614.9999
-825.2444,-109.22711,1648.9841
-847.8924,-117.06256,1685.8942
-865.24097,-111.20758,1720.9451
-879.3345,-103.88905,1748.9803
-888.53394,-94.70172,1772.6714
-891.07294,-79.51458,1781.9546
-891.9571,-72.80772,1789.4648
-884.83234,-65.26246,1788.3317
-877.3934,-63.383446,1776.5975
-866.30237,-67.16157,1762.7352
-853.2927,-68.99534,1742.4453
-839.1155,-72.324615,1721.5715
-826.6369,-75.498085,1700.573
-808.32874,-78.977005,1677.7803
-802.04944,-88.68258,1653.2175
-786.10675,-92.1278,1622.8945
-632.02094,-268.63928,2066.5627
-623.63837,-267.3844,2062.2566
-613.5813,-263.77045,2054.1128
-604.1642,-263.09082,2044.5614
-594.11755,-265.70184,2033.6782
-583.11176,-268.72845,2019.2446
-568.08624,-271.98087,2003.2661
-553.7535,-267.53232,1985.7295
-541.6335,-265.13242,1965.598
-531.1016,-262.6128,1947.1797
-511.109,-252.51538,1923.7935
-489.0667,-246.2102,1903.6945
-460.7094,-237.98444,1882.1501
-430.26013,-223.475,1865.072
-399.83478,-205.79337,1846.9392
-369.9662,-186.87897,1829.0315
-338.13254,-167.76126,1809.7927
-305.8137,-147.35469,1789.3463
-274.11423,-124.44411,1775.0981
-245.61249,-97.08385,1764.1111
-211.55386,-58.801247,1761.1155
-177.89557,-18.353638,1762.4819
-148.05487,21.12473,1768.7135
-117.531105,50.66514,1777.5355
-93.37183,70.79098,1785.7273
-70.59735,90.84036,1794.0238
-52.315605,107.05387,1803.2754
-36.11435,126.66318,1809.0671
-27.726868,143.55219,1816.6431
-20.485535,149.70758,1817.8079
-9.277618,144.10791,1814.6295
-4.9915314,137.22005,1810.1597
-0.7853241,130.72314,1808.3561
3.1015778,122.18685,1806.6527
7.041931,104.65549,1810.3289
16.71199,79.335625,1820.2032
16.384262,48.070545,1825.7344
12.383316,12.762863,1831.1686
11.6128845,-26.113396,1842.3215
10.521866,-63.692474,1852.186
8.617035,-100.81142,1861.3983
7.676941,-136.49574,1873.812
2.157196,-154.85017,1884.1859
7.761154,-174.40889,1882.3394
11.450676,-181.75633,1879.3734
19.473076,-192.369,1865.8055
24.65673,-202.81004,1852.8441
27.01812,-202.49268,1834.1658
27.234352,-202.40427,1813.9348
28.542305,-205.22232,1790.1108
30.851822,-206.66977,1761.9814
34.22484,-204.62921,1732.1198
43.172157,-209.31592,1689.6425
50.914803,-213.55664,1658.1455
63.25789,-216.06241,1645.6141
73.70389,-218.21106,1644.6852
87.86331,-218.74277,1645.3324
98.643005,-211.21048,1643.2804
110.07874,-207.62793,1636.9604
118.77818,-204.12302,1633.804
124.52266,-203.46475,1634.7949
128.86362,-202.68948,1631.5369
136.20242,-205.59476,1630.4105
139.98064,-210.20905,1625.031
141.72171,-210.67795,1618.4635
144.3609,-213.76819,1612.7616
145.47534,-215.58719,1604.8872
144.29446,-215.20178,1597.8983
146.11404,-222.40433,1592.454
152.74191,-226.39981,1588.4047
161.53273,-232.50943,1584.2506
176.24411,-236.80328,1579.0443
194.04265,-240.58414,1571.1737
215.14096,-250.18887,1561.2749
243.71652,-253.16559,1555.74
277.80078,-252.82544,1548.8204
307.83017,-242.75565,1543.2028
335.19943,-236.14978,1530.1143
358.12164,-226.37604,1516.6367
379.7864,-217.23373,1498.9822
398.19443,-210.93906,1479.5063
416.6984,-205.23923,1459.1707
448.26474,-199.29971,1437.7161
474.85797,-193.28665,1417.3547
491.86636,-184.45175,1396.5417
498.34036,-175.68456,1362.6215
496.66306,-162.32664,1346.1688
491.51486,-151.47711,1343.8584
483.34775,-150.9062,1345.5553
478.78574,-179.37268,1340.5305
470.07806,-183.58423,1354.8611
463.34286,-210.31113,1359.114
457.67856,-209.72382,1377.2354
454.23706,-204.20154,1387.8708
451.47537,-201.53235,1395.0837
454.207,-200.28613,1395.8159
451.0042,-174.08466,1401.1438
442.34552,-180.45804,1399.377
436.76703,-186.30173,1398.6019
444.20728,-235.8501,1403.9326
430.86383,-285.64865,1373.6787
410.40237,-315.69745,1323.1742
400.35748,-350.03543,1283.8148
430.1818,-382.4667,1304.2523
485.36765,-384.51358,1319.5266
528.93414,-386.143,1317.0173
552.87054,-386.36215,1311.8962
565.7847,-386.36023,1308.4822
572.95416,-386.3494,1306.6725
577.1506,-386.3543,1305.8253
579.7865,-386.36957,1305.4755
581.57697,-386.38898,1305.3605
582.88275,-386.4096,1305.3456
583.8824,-386.43146,1305.3655
584.6445,-386.4586,1305.39
585.3229,-386.47675,1305.41
585.9266,-386.48956,1305.4204
586.4646,-386.49902,1305.4219
586.9443,-386.50623,1305.4154
587.37213,-386.5117,1305.4025
587.7542,-386.51593,1305.3853
588.0957,-386.5193,1305.3646
588.4009,-386.52188,1305.3424
588.6741,-386.5239,1305.3191
588.9186,-386.52545,1305.2953
589.1376,-386.52664,1305.2721
589.3339,-386.52753,1305.2494
589.50995,-386.52826,1305.2275
589.66785,-386.52872,1305.207
589.80963,-386.52905,1305.1876
589.9368,-386.52924,1305.1694
590.0511,-386.52933,1305.1525
590.1536,-386.52933,1305.1367
590.2458,-386.52933,1305.1223
590.3285,-386.5291,1305.109
590.4029,-386.529,1305.0969
590.46967,-386.52875,1305.0858
590.52985,-386.52856,1305.0757
590.58386,-386.52832,1305.0664
590.63245,-386.52805,1305.0581
590.6761,-386.5278,1305.0505
590.71545,-386.5275,1305.0435
590.7509,-386.52725,1305.0374
590.7828,-386.5269,1305.0317
590.8113,-386.52655,1305.0266
590.83704,-386.52625,1305.0221
590.8602,-386.52594,1305.018
590.8811,-386.52563,1305.0143
590.89984,-386.5253,1305.011
590.91675,-386.5249,1305.0079
590.9318,-386.5245,1305.0052
590.9453,-386.52417,1305.0029
590.9574,-386.5237,1305.0007
590.9681,-386.52338,1304.9988
590.9777,-386.523,1304.9971
590.9863,-386.52264,1304.9956
590.994,-386.5223,1304.9943
591.00104,-386.52197,1304.9932
591.0072,-386.5216,1304.992
591.0129,-386.5213,1304.9911
591.01794,-386.52087,1304.9905
591.0224,-386.5205,1304.9895
591.0264,-386.5202,1304.989
591.03,-386.51984,1304.9884
591.0332,-386.5195,1304.988
591.03613,-386.5191,1304.9877
591.03876,-386.5188,1304.9872
591.0411,-386.51843,1304.9869
591.04315,-386.51807,1304.9867
591.045,-386.51773,1304.9865
591.0467,-386.5174,1304.9862
591.0483,-386.51703,1304.9862
591.0496,-386.5167,1304.9861
591.05084,-386.51633,1304.986
591.052,-386.516,1304.986
591.053,-386.51562,1304.986
591.0539,-386.51526,1304.986
591.05475,-386.51495,1304.9861
591.0554,-386.5146,1304.986
591.056,-386.51428,1304.9861
591.05664,-386.51392,1304.9861
591.0571,-386.51355,1304.9862
591.0576,-386.5132,1304.9863
591.05804,-386.51288,1304.9865
591.0584,-386.5125,1304.9866
591.05884,-386.51215,1304.9866
591.0591,-386.51184,1304.9868
591.0594,-386.51147,1304.9869
591.0597,-386.51114,1304.987
591.0599,-386.51077,1304.9873
591.06006,-386.51044,1304.9873
591.0602,-386.5101,1304.9875
591.0603,-386.50974,1304.9878
591.0604,-386.50937,1304.9878
591.06055,-386.50906,1304.988
634.9596,-365.51175,1167.4432
409.79895,-264.34442,1136.7106
258.64767,-222.07956,1108.183
195.12888,-232.69601,1103.9344
163.70024,-239.89761,1097.9595
148.17128,-243.89468,1093.9872
140.46654,-245.98148,1091.7538
136.63255,-247.04391,1090.5753
134.72353,-247.57687,1089.9707
125.90798,-402.693,1064.2147
189.37451,-587.92474,1055.403
212.71011,-679.82654,1040.8489
222.13193,-724.8146,1031.3226
226.27768,-746.9743,1026.0488
228.20987,-757.9586,1023.29266
229.14107,-763.42444,1021.8866
163.14711,-750.64294,939.87006
133.94836,-742.902,892.7631
120.53037,-738.6199,867.86993
114.14323,-736.3677,855.1166
111.034065,-735.2127,848.66797
109.50199,-734.62775,845.42786
108.7477,-734.33154,843.8124
108.3794,-734.18085,843.0139
108.20956,-734.1012,842.6337
108.19228,-734.0405,842.53613
273.52502,-654.0701,817.02405
350.26898,-600.935,788.80927
386.18182,-570.4921,771.97626
403.42105,-554.26306,763.0502
395.99216,-132.37961,578.98804
489.72296,21.795502,836.4194
527.07574,9.230499,987.50586
533.08136,-14.679657,1055.4508
533.3545,-30.447601,1086.0044
532.8886,-39.175323,1100.2617
532.5168,-43.733917,1107.1162
532.2983,-46.05899,1110.4724
532.18146,-47.231964,1112.1316
532.1233,-47.818085,1112.9539
532.10077,-48.10196,1113.3547
532.0931,-48.23886,1113.55
532.1417,-48.235077,1113.5802
532.166,-48.233124,1113.5952
532.17816,-48.232025,1113.6025
532.18427,-48.231476,1113.6063
532.18726,-48.23105,1113.6082
532.1888,-48.230743,1113.6091
532.1896,-48.23056,1113.6096
532.1899,-48.230377,1113.6099
532.19006,-48.230255,1113.6101
532.1901,-48.230072,1113.6101
532.1901,-48.22989,1113.6101
532.1902,-48.229767,1113.61
532.1902,-48.229584,1113.61
532.1901,-48.22946,1113.61
532.1901,-48.22928,1113.61
532.1901,-48.229156,1113.6101
532.19006,-48.228973,1113.6101
532.19006,-48.22879,1113.6101
532.19006,-48.22867,1113.6101
532.19,-48.228485,1113.6101
532.19,-48.228363,1113.6101
532.19,-48.22818,1113.6101
532.19,-48.228058,1113.6101
532.18994,-48.227875,1113.6101
532.18994,-48.22769,1113.6101
532.18994,-48.22757,1113.6101
532.1899,-48.227448,1113.6101
532.1899,-48.227264,1113.6101
532.1899,-48.22708,1113.6101
532.1898,-48.22696,1113.6101
532.1898,-48.226776,1113.6102
532.1898,-48.226593,1113.6102
532.18976,-48.22647,1113.6101
532.18976,-48.226288,1113.6101
532.18976,-48.226105,1113.6101
532.1897,-48.225983,1113.6101
532.1897,-48.22586,1113.6101
532.1897,-48.225677,1113.6102
532.18964,-48.225494,1113.6102
532.18964,-48.225372,1113.6102
532.18964,-48.22519,1113.6102
532.1896,-48.225067,1113.6102
532.1896,-48.224884,1113.6102
532.1896,-48.224762,1113.6101
532.1895,-48.22458,1113.6101
532.1895,-48.224396,1113.6102
532.1895,-48.224274,1113.6102
532.18945,-48.22409,1113.6102
532.18945,-48.22397,1113.6102
532.18945,-48.223785,1113.6102
532.1894,-48.223663,1113.6102
532.1894,-48.22348,1113.6101
532.1894,-48.223297,1113.6102
532.18933,-48.223175,1113.6102
532.18933,-48.222992,1113.6102
532.18933,-48.22281,1113.6102
532.1893,-48.222687,1113.6102
532.1893,-48.222565,1113.6102
532.1893,-48.22238,1113.6102
532.18915,-48.2222,1113.6102
532.18915,-48.222076,1113.6104
532.18915,-48.221893,1113.6104
532.18915,-48.22171,1113.6102
532.1891,-48.22159,1113.6102
532.1891,-48.221466,1113.6102
532.1891,-48.221283,1113.6102
532.189,-48.2211,1113.6102
532.189,-48.220978,1113.6104
532.189,-48.220795,1113.6104
532.18896,-48.22061,1113.6104
532.18896,-48.22049,1113.6102
532.18896,-48.220367,1113.6102
532.1889,-48.220184,1113.6102
532.1889,-48.22,1113.6102
532.1889,-48.21988,1113.6102
532.18884,-48.219696,1113.6104
532.18884,-48.219574,1113.6104
532.18884,-48.21939,1113.6104
532.1888,-48.21927,1113.6104
532.1888,-48.219086,1113.6104
532.1888,-48.218903,1113.6104
532.1887,-48.21878,1113.6102
532.1887,-48.218597,1113.6104
532.1887,-48.218414,1113.6104
532.18866,-48.218292,1113.6104
532.18866,-48.21817,1113.6104
532.18866,-48.217987,1113.6104
532.1886,-48.217804,1113.6104
532.1886,-48.21768,1113.6104
532.1886,-48.2175,1113.6104
532.18854,-48.217316,1113.6104
532.18854,-48.217194,1113.6104
532.18854,-48.21707,1113.6104
532.1885,-48.21689,1113.6104
532.1885,-48.216705,1113.6104
532.1885,-48.216583,1113.6104
532.1884,-48.2164,1113.6104
532.1884,-48.216278,1113.6105
532.1884,-48.216095,1113.6105
532.18835,-48.215973,1113.6105
532.18835,-48.21579,1113.6105
532.18835,-48.215607,1113.6104
532.1883,-48.215485,1113.6104
532.1883,-48.2153,1113.6104
532.1883,-48.21512,1113.6104
532.1883,-48.214996,1113.6105
532.18823,-48.214874,1113.6105
532.18823,-48.21469,1113.6105
532.18823,-48.214508,1113.6105
532.1882,-48.214386,1113.6104
532.1882,-48.214203,1113.6104
532.1882,-48.21402,1113.6104
532.1881,-48.213898,1113.6105
532.1881,-48.213776,1113.6105
532.1881,-48.213593,1113.6105
532.18805,-48.21341,1113.6105
532.18805,-48.213287,1113.6105
532.18805,-48.213104,1113.6105
532.188,-48.21292,1113.6105
532.188,-48.2128,1113.6106
532.188,-48.212616,1113.6105
532.1879,-48.212494,1113.6105
532.1879,-48.21231,1113.6105
532.1879,-48.21219,1113.6105
532.18787,-48.212006,1113.6105
532.18787,-48.211884,1113.6105
532.18787,-48.2117,1113.6105
532.1878,-48.211517,1113.6106
532.1878,-48.211334,1113.6105
532.1878,-48.211212,1113.6105
532.18774,-48.21109,1113.6105
532.18774,-48.210907,1113.6105
532.18774,-48.210724,1113.6105
532.1877,-48.2106,1113.6105
532.1877,-48.21042,1113.6106
532.1877,-48.210297,1113.6106
532.1876,-48.210114,1113.6106
532.1876,-48.20999,1113.6106
532.1876,-48.20981,1113.6106
532.18756,-48.209625,1113.6105
532.18756,-48.209503,1113.6105
532.18756,-48.20938,1113.6105
532.18756,-48.209198,1113.6106
532.1875,-48.209015,1113.6106
532.1875,-48.208893,1113.6106
532.1875,-48.20871,1113.6106
532.18744,-48.208527,1113.6106
532.18744,-48.208405,1113.6105
532.18744,-48.208282,1113.6105
532.1874,-48.2081,1113.6106
532.1874,-48.207916,1113.6106
532.1874,-48.207794,1113.6106
532.1873,-48.20761,1113.6106
532.1873,-48.207428,1113.6106
532.1873,-48.207306,1113.6106
532.18726,-48.207123,1113.6106
532.18726,-48.20694,1113.6106
532.18726,-48.206818,1113.6107
532.1872,-48.206696,1113.6107
532.1872,-48.206512,1113.6106
532.1872,-48.20633,1113.6106
532.18713,-48.206207,1113.6106
532.18713,-48.206024,1113.6106
532.18713,-48.20584,1113.6106
532.1871,-48.20572,1113.6107
532.1871,-48.205597,1113.6107
532.1871,-48.205414,1113.6107
532.187,-48.20523,1113.6106
532.187,-48.20511,1113.6106
532.187,-48.204987,1113.6106
532.18695,-48.204803,1113.6106
532.18695,-48.20462,1113.6106
532.18695,-48.2045,1113.6107
532.1869,-48.204315,1113.6107
532.1869,-48.204193,1113.6107
532.1869,-48.20401,1113.6107
532.18677,-48.203827,1113.6107
532.18677,-48.203644,1113.6107
532.18677,-48.20352,1113.6106
532.1867,-48.2034,1113.6107
532.1867,-48.203217,1113.6107
532.1867,-48.203033,1113.6107
532.1867,-48.20291,1113.6107
532.18665,-48.20273,1113.6107
532.18665,-48.202545,1113.6107
532.18665,-48.202423,1113.6107
532.1866,-48.2023,1113.6106
532.1866,-48.202118,1113.6107
532.1866,-48.201935,1113.6107
532.1865,-48.201813,1113.6107
532.1865,-48.20163,1113.6107
532.1865,-48.201447,1113.6107
532.18646,-48.201324,1113.6107
532.18646,-48.201202,1113.6107
532.18646,-48.20102,1113.6108
532.1864,-48.200836,1113.6108
532.1864,-48.200714,1113.6108
532.1864,-48.200592,1113.6107
532.18634,-48.20041,1113.6107
532.18634,-48.200226,1113.6107
532.18634,-48.200043,1113.6107
532.1863,-48.19992,1113.6107
532.1863,-48.199738,1113.6108
532.1863,-48.199615,1113.6108
532.1862,-48.199432,1113.6108
532.1862,-48.19925,1113.6108
532.1862,-48.199127,1113.6107
532.18616,-48.198944,1113.6107
532.18616,-48.198822,1113.6107
532.18616,-48.19864,1113.6108
532.1861,-48.198517,1113.6108
532.1861,-48.198334,1113.6108
532.1861,-48.19821,1113.6108
532.18604,-48.19803,1113.6108
532.18604,-48.197906,1113.6108
532.18604,-48.197723,1113.6108
532.186,-48.19754,1113.6108
532.186,-48.19742,1113.6108
532.186,-48.197235,1113.6108
532.1859,-48.197113,1113.6108
532.1859,-48.19693,1113.6108
532.1859,-48.196808,1113.6108
532.18585,-48.196625,1113.6108
532.18585,-48.196503,1113.6108
532.18585,-48.19632,1113.611
532.18585,-48.196198,1113.6108
532.1858,-48.195953,1113.6108
532.1858,-48.19583,1113.6108
532.1858,-48.19565,1113.6108
532.1857,-48.195526,1113.6108
532.1857,-48.195343,1113.6108
532.1857,-48.19522,1113.6108
532.18567,-48.195038,1113.611
532.18567,-48.194916,1113.611
532.18567,-48.194733,1113.611
532.1856,-48.19455,1113.611
532.1856,-48.194427,1113.6108
532.1856,-48.194244,1113.6108
532.18555,-48.194122,1113.6108
532.18555,-48.19394,1113.611
532.18555,-48.193817,1113.611
532.1855,-48.193634,1113.611
532.1855,-48.193512,1113.611
532.1855,-48.19333,1113.611
532.1854,-48.193146,1113.611
532.1854,-48.193024,1113.6108
532.1854,-48.1929,1113.611
532.18536,-48.19272,1113.611
532.18536,-48.192535,1113.611
532.18536,-48.192352,1113.611
532.1853,-48.19223,1113.611
532.1853,-48.192047,1113.611
532.1853,-48.191925,1113.611
532.18524,-48.191742,1113.611
532.18524,-48.19156,1113.6111
532.18524,-48.191437,1113.6111
532.1852,-48.191254,1113.611
532.1852,-48.19113,1113.611
532.1852,-48.19095,1113.611
532.1851,-48.190826,1113.611
532.1851,-48.190643,1113.611
532.1851,-48.19046,1113.6111
532.1851,-48.19034,1113.6111
532.18506,-48.190155,1113.6111
532.18506,-48.190033,1113.6111
532.185,-48.18985,1113.611
532.185,-48.189728,1113.611
532.185,-48.189545,1113.611
532.185,-48.189423,1113.611
532.18494,-48.18924,1113.6111
532.18494,-48.189117,1113.6111
532.18494,-48.188934,1113.6111
532.1849,-48.18875,1113.6111
532.1849,-48.18863,1113.6111
532.1849,-48.188507,1113.6111
532.1848,-48.188263,1113.6111
532.1848,-48.18814,1113.6111
532.1848,-48.187958,1113.6111
532.18475,-48.187775,1113.6111
532.18475,-48.187653,1113.6111
532.18475,-48.18753,1113.6111
532.1847,-48.187347,1113.6111
532.1847,-48.187164,1113.6111
532.1847,-48.187042,1113.6111
532.18463,-48.18692,1113.6111
532.18463,-48.186737,1113.6111
532.18463,-48.186554,1113.6111
532.1846,-48.18643,1113.6111
532.1846,-48.18625,1113.6111
532.1846,-48.186127,1113.6111
532.1845,-48.185944,1113.6111
