-88.38974,-543.78314,2615.9426
-91.93424,-545.34595,2611.1843
-94.10949,-545.87415,2606.6614
-99.46635,-547.2746,2590.847
-103.892746,-566.44183,2575.3022
-102.20682,-563.2627,2586.1309
-102.884674,-563.2631,2589.4946
-106.147995,-570.35614,2590.5435
-103.61632,-586.5723,2620.7966
-130.30954,-573.8943,2612.5227
-136.23012,-568.34106,2571.8982
-145.10248,-577.12897,2556.045
-155.8085,-576.73004,2543.6562
-164.55315,-577.31714,2533.9553
-192.94972,-592.8887,2502.7244
-197.99165,-592.2382,2508.9663
-198.5442,-587.56287,2501.304
-199.09381,-587.69464,2498.8171
-201.67978,-581.5897,2495.1458
-213.30727,-605.6309,2491.2283
-212.20729,-600.3363,2490.958
-221.3934,-613.14075,2482.512
-217.79002,-600.9881,2485.363
-239.63635,-579.71814,2487.1836
-252.10648,-569.2985,2482.1846
-260.7422,-562.0282,2464.9731
-258.65857,-562.45764,2467.1658
-258.2843,-566.0857,2471.373
-259.1285,-560.3413,2467.6475
-260.07547,-561.46655,2470.1138
-260.62323,-563.7767,2472.3645
-260.47336,-563.5277,2470.4626
-261.01248,-567.26135,2466.291
-259.63354,-564.1416,2470.034
-256.5667,-569.19226,2469.106
-254.52,-574.43945,2464.8538
-249.01016,-577.10425,2460.8938
-240.393,-579.9464,2450.0586
-234.28511,-580.88904,2445.0825
-216.04831,-579.94434,2443.9038
-211.66626,-581.2986,2436.5217
-203.81488,-585.02515,2428.459
-200.45604,-586.1423,2417.929
-198.58041,-591.1996,2412.195
-196.06514,-591.23254,2413.283
-197.92459,-593.088,2415.8728
-195.80493,-591.95984,2414.3398
-193.84892,-593.0265,2411.6194
-192.36635,-595.56396,2413.6448
-190.7472,-595.8818,2414.0344
-189.11826,-595.4321,2413.6338
-186.91882,-592.1379,2412.3992
-185.70705,-591.8104,2411.6704
-197.95914,-583.7053,2419.661
-192.55724,-584.3226,2415.795
-190.8716,-585.32574,2414.0051
-195.77861,-586.15796,2420.2532
-199.90875,-585.0296,2421.1794
-196.03334,-575.91296,2425.1433
-199.14737,-573.2467,2431.7998
-203.77492,-574.67535,2432.1855
-208.85786,-579.76337,2444.0667
-216.11542,-576.6465,2457.205
-223.07257,-569.65784,2464.2341
-224.97417,-566.3841,2458.621
-223.44087,-573.0272,2454.4844
-241.81409,-589.9711,2463.5093
-244.49144,-596.5736,2482.8945
-243.12065,-599.18304,2498.5046
-238.93526,-592.64484,2486.9653
-237.0945,-583.54846,2495.2048
-236.14146,-587.25085,2489.6824
-232.35934,-583.562,2492.3418
-232.76634,-596.2107,2500.3418
-221.25418,-606.07513,2502.0127
-209.69974,-606.6398,2510.7556
-209.17744,-604.9176,2509.506
-201.72112,-608.5306,2511.0425
-195.02325,-610.41565,2506.293
-189.35353,-611.9691,2511.3147
-163.22537,-596.3449,2520.39
-147.27895,-592.80817,2534.7017
-134.10948,-592.1278,2550.7073
-130.83763,-591.9945,2560.6362
-127.06888,-602.21063,2565.494
-124.882454,-588.913,2566.6838
-122.35278,-585.1188,2566.2444
-118.94395,-585.87024,2569.0354
-115.73631,-582.0528,2588.4304
-114.94768,-581.9852,2599.6597
-110.478325,-576.45874,2609.784
-115.71756,-603.2173,2629.2737
-115.24069,-605.04614,2635.2285
-116.40694,-606.9836,2641.0935
-120.03601,-588.92645,2667.0405
-127.70056,-595.50354,2693.7808
-145.17464,-609.0125,2723.7537
-154.50879,-610.3156,2735.6165
-162.1949,-609.6475,2742.3257
-181.72923,-626.6875,2765.9397
-185.25284,-630.84393,2783.5774
-189.8036,-635.7648,2794.3247
-199.86006,-624.22156,2822.7078
-204.83754,-626.6334,2836.312
-206.46771,-627.3187,2842.7168
-207.99776,-629.6238,2848.1511
-220.64838,-645.15857,2879.37
-232.7578,-626.7281,2898.9658
-242.67151,-613.4252,2908.577
-256.8733,-613.5834,2912.9736
-275.55176,-612.3987,2914.4521
-271.20508,-610.354,2916.7246
-267.76147,-614.36835,2915.5613
-266.6588,-621.48303,2917.8074
-269.6617,-624.22687,2916.7002
-269.65726,-622.9778,2918.683
-270.43753,-619.94995,2916.5505
-271.62875,-600.94135,2914.4868
-277.26758,-607.3674,2919.5854
-276.6318,-611.53467,2918.2686
-277.33282,-615.0346,2916.7874
-275.95505,-615.7278,2915.1492
-275.0186,-616.1716,2912.9736
-270.00775,-624.97046,2912.5444
-269.7142,-621.54285,2914.6812
-254.80724,-625.025,2909.381
-251.83748,-626.4675,2911.1392
-228.61797,-639.9076,2889.2097
-214.43927,-650.0724,2885.1965
-215.53496,-650.7868,2885.7808
-215.20665,-646.56366,2884.959
-206.90645,-628.166,2893.3723
-200.92245,-620.9663,2902.3093
-192.30585,-618.8131,2914.7556
-186.10672,-615.5901,2919.9202
-186.19226,-613.0282,2924.5337
-185.46693,-609.1924,2927.342
-183.98158,-607.70654,2923.866
-179.63588,-607.3024,2912.7017
-178.06926,-608.64246,2909.9885
-176.5092,-606.79456,2913.9001
-177.40836,-608.01874,2913.6807
-178.57123,-607.9943,2914.2021
-175.78172,-606.48285,2912.2463
-175.96022,-605.62427,2913.8616
-177.08553,-606.47644,2919.8716
-177.38678,-607.3987,2918.5574
-177.92505,-607.27277,2914.8796
-182.97514,-615.2895,2912.18
-185.80197,-621.0727,2905.5847
-186.6944,-621.9573,2902.4285
-186.77176,-618.33264,2902.714
-189.07893,-616.8948,2900.543
-207.7753,-636.0105,2886.757
-218.69571,-639.8839,2888.163
-217.53209,-629.2239,2891.1729
-218.52324,-631.67633,2895.564
-222.7478,-621.42395,2890.4834
-226.92621,-620.2446,2895.3145
-230.38692,-620.6095,2901.6272
-232.40692,-609.72034,2900.6528
-234.73044,-616.8421,2899.3992
-236.26207,-612.28064,2897.1382
-241.59555,-620.0522,2897.978
-256.39093,-618.92017,2915.163
-255.51073,-616.8797,2917.483
-250.13489,-616.1655,2901.9932
-247.41,-617.79724,2898.0232
-249.45561,-620.08136,2897.4275
-249.8639,-620.7676,2894.2856
-257.05392,-611.50934,2873.0674
-259.2265,-614.39465,2874.699
-261.14078,-615.6807,2875.572
-263.22858,-614.78906,2877.0542
-267.69623,-609.4128,2877.891
-268.4826,-608.6481,2879.393
-266.83136,-609.9895,2883.1206
-273.37997,-608.24866,2882.8074
-274.67194,-603.67285,2880.6895
-273.39642,-603.77747,2879.0356
-275.70245,-602.7674,2879.9778
-273.65094,-602.26373,2880.3735
-271.70435,-605.52454,2880.546
-270.2602,-600.79297,2879.9958
-259.8303,-602.0571,2874.5562
-260.66177,-601.9684,2874.286
-263.17023,-603.261,2876.2834
-260.562,-602.32983,2873.5852
-258.39008,-607.32446,2870.8796
-254.96425,-613.3547,2870.4023
-252.06331,-618.9955,2869.6128
-244.23111,-618.63727,2869.5974
-244.60298,-615.5547,2870.941
-244.67415,-614.5438,2873.444
-245.7752,-612.4563,2877.7031
-244.2349,-611.606,2875.5085
-243.25768,-610.46265,2876.7107
-242.4707,-609.39905,2878.932
-241.90584,-610.2935,2880.2585
-241.47224,-609.6151,2879.8728
-240.23033,-608.3301,2879.5278
-240.60796,-608.7073,2876.2043
-242.19185,-606.2777,2876.2085
-242.93073,-604.16095,2876.3484
-243.69498,-602.7226,2873.6572
-244.95706,-602.14905,2874.4387
-245.0597,-600.3717,2874.1807
-245.96861,-600.0002,2875.251
-252.59851,-593.6742,2874.7517
-256.52686,-584.7324,2878.248
-256.2596,-579.3392,2879.8713
-257.00482,-578.34924,2879.4592
-256.68243,-578.1726,2882.6958
-254.59134,-590.24567,2873.9075
-258.7403,-589.667,2877.3235
-257.38873,-586.9323,2876.5623
-259.30078,-585.4127,2873.3142
-257.3911,-586.61707,2868.3833
-260.97403,-560.4844,2867.3142
-259.54846,-559.4475,2864.2952
-260.89093,-563.0281,2872.1465
-260.8932,-561.7122,2875.053
-260.25525,-558.6997,2876.5466
-258.4573,-564.0244,2872.7952
-252.97324,-567.2911,2877.2024
-249.56717,-571.0782,2878.1636
-244.96938,-582.0587,2874.761
-245.20847,-591.757,2876.1067
-248.71718,-591.8613,2871.8618
-245.05583,-594.8594,2870.7717
-243.23045,-595.87744,2868.6147
-242.95546,-591.1993,2861.9392
-242.20293,-587.93335,2857.8083
-240.84087,-581.8138,2844.9512
-240.43791,-577.84314,2840.7527
-238.82191,-574.73267,2837.1804
-239.2889,-569.9127,2837.808
-220.74046,-578.4752,2824.688
-226.95357,-573.6566,2827.635
-228.60497,-572.49915,2826.3389
-220.51184,-551.6486,2793.2854
-236.54085,-566.59973,2800.3298
-241.39899,-550.76385,2815.3901
-228.7783,-535.29364,2807.2117
-226.11816,-528.51404,2800.4736
-229.04993,-523.8116,2797.7388
-228.90112,-520.697,2786.6152
-233.63794,-522.80896,2778.7524
-230.68457,-522.7138,2751.657
-226.68806,-522.2245,2748.366
-222.68782,-524.35406,2736.6257
-221.75145,-528.4737,2725.9475
-215.69748,-529.9041,2710.4773
-213.70854,-528.394,2698.0637
-211.93103,-525.677,2689.722
-197.29225,-521.9857,2685.6765
-191.93431,-524.2897,2688.5327
-185.83171,-522.74036,2687.5222
-177.39015,-528.5276,2693.8872
-168.02238,-530.7163,2686.5657
-155.24866,-527.54474,2668.7866
-152.09026,-533.1679,2684.7039
-141.64113,-530.6809,2683.3916
-134.04274,-531.2747,2678.086
-123.83157,-532.6363,2673.7058
-121.26639,-535.3439,2680.7021
-113.30444,-536.82947,2689.6794
-104.3955,-540.2625,2696.401
-93.19153,-540.03094,2687.428
-94.88273,-546.0491,2700.2034
-93.87032,-548.60736,2704.9558
-90.15126,-550.2953,2707.0356
-86.009315,-553.38446,2708.6384
-84.95504,-555.0394,2707.3196
-85.73672,-556.3216,2705.084
-85.73584,-560.55554,2707.6724
-85.27411,-563.47974,2712.0898
-86.88475,-564.19037,2711.7468
-95.04877,-567.75024,2723.3105
-87.81386,-563.2575,2708.0754
-94.32059,-563.4749,2719.8616
-87.54819,-564.0282,2716.9258
-84.73889,-566.57306,2716.0066
-94.68451,-568.5796,2723.3306
-93.06754,-566.0823,2723.6763
-88.05192,-565.1508,2716.4844
-95.33391,-567.07715,2726.923
-91.03208,-564.4281,2726.2979
-96.38736,-561.59485,2729.2393
-86.806366,-559.19507,2715.4167
-86.54067,-561.1238,2720.5364
-83.07124,-564.7532,2727.627
-90.03408,-563.8661,2741.9353
-79.35541,-564.4288,2747.0396
-74.06013,-566.44055,2745.2363
-77.51875,-571.75037,2753.856
-76.092476,-574.9719,2755.5715
-77.579895,-578.0109,2758.8276
-80.356674,-576.7854,2758.919
-83.877205,-571.85364,2767.1768
-76.1063,-570.00726,2763.7317
-77.58659,-571.66486,2773.4263
-86.19037,-569.20886,2775.987
-94.41844,-567.1256,2770.0046
-111.38405,-564.0421,2773.0884
-135.1181,-560.1663,2776.488
-151.73386,-555.4406,2772.5159
-159.6531,-551.02783,2765.6548
-124.20323,-536.4176,2769.3745
-115.45968,-522.46686,2769.0022
-127.611496,-508.8323,2756.8677
-151.50055,-487.14014,2730.7812
-168.14767,-459.61124,2712.9062
-189.03456,-421.62375,2696.9297
-217.1242,-368.87543,2670.21
-239.3854,-314.26788,2644.8972
-240.1705,-256.3494,2645.7087
-244.02802,-189.41571,2633.6873
-240.13211,-127.21719,2631.67
-233.74117,-67.91046,2632.9158
-230.3404,-9.502808,2647.9814
-265.18936,-160.09773,2623.535
-238.76141,-287.41107,2640.8184
-198.78964,-378.17523,2672.2332
-142.68013,-441.86566,2707.0361
-94.311295,-486.76318,2734.3315
-53.423737,-514.72876,2759.0654
-21.060745,-531.14465,2779.9302
13.305145,-544.5763,2794.756
39.839264,-551.8142,2802.3965
60.781715,-558.29694,2810.5635
95.60534,-561.5713,2813.5818
111.21456,-563.3101,2813.6719
122.818565,-567.86145,2812.8315
137.44203,-572.0581,2810.1892
152.47256,-578.6864,2811.0317
159.91061,-586.154,2813.3135
166.31104,-592.7795,2816.895
177.27176,-599.25946,2819.4805
182.04707,-604.04126,2820.3906
-266.38846,-201.78975,2803.1812
-250.93724,-260.71875,2835.3513
-238.96101,-308.9817,2831.885
-228.53061,-354.32483,2837.7053
-214.0605,-396.42072,2834.1562
-199.89499,-432.9486,2825.8403
-185.18625,-469.4572,2831.7964
-177.55756,-499.05957,2825.581
-165.63736,-530.2285,2814.9036
-148.30957,-559.6352,2819.9714
-131.77394,-585.4703,2817.1973
-116.7643,-608.31366,2799.6611
-105.63681,-626.0476,2809.8042
-93.77466,-642.0741,2808.2612
-87.99298,-652.5394,2800.671
-72.9458,-663.5946,2802.1677
-59.670273,-674.90576,2798.471
-57.022354,-681.96814,2792.798
-49.63694,-693.2143,2804.7544
-52.04293,-699.77277,2800.733
-50.564102,-704.0046,2794.4043
-47.51992,-711.0642,2804.9167
-52.480865,-714.1783,2801.9768
-56.461533,-718.1067,2798.6016
-60.186234,-726.0771,2804.4058
-62.79319,-731.6931,2796.99
-61.975044,-736.6068,2778.8022
-57.33496,-741.43774,2781.11
-52.228134,-746.4426,2787.3516
-58.154495,-747.34106,2777.7048
-47.998535,-753.4774,2792.332
-46.734795,-760.20056,2791.3652
-54.00168,-765.82446,2788.4214
-67.08323,-767.2609,2787.736
-63.063263,-772.2634,2796.786
-64.94438,-775.7389,2789.0627
-69.73486,-777.77954,2786.0017
-74.81468,-777.89935,2780.0796
-73.47879,-780.7296,2788.2783
-77.94008,-780.1157,2783.768
-80.34424,-781.1955,2785.3787
-82.124405,-783.01807,2781.1255
-85.28487,-784.7783,2786.5483
-90.81087,-785.3933,2788.1323
-93.293274,-788.1693,2780.3064
-95.09682,-790.9383,2790.1628
-98.61278,-792.6012,2788.722
-100.566986,-794.93396,2782.7246
-104.42975,-791.949,2782.514
-102.55887,-790.3215,2783.823
-101.915146,-789.8285,2779.4285
-97.718185,-779.81036,2791.6213
-87.26042,-780.6243,2790.4385
-79.60979,-775.9188,2785.9253
-51.33374,-785.41516,2844.8723
-29.122604,-775.16156,2844.5334
-19.28621,-770.3238,2846.5085
-7.033264,-756.37885,2844.716
4.834976,-744.83295,2858.3071
16.600952,-736.3839,2860.4172
20.69757,-727.5003,2866.0676
23.674973,-722.0709,2867.9338
23.956314,-714.5565,2869.3965
26.837036,-707.0674,2869.7983
31.32132,-703.21216,2875.5261
30.417496,-698.81104,2886.979
27.913239,-691.2604,2893.6628
33.081177,-692.14417,2896.3457
26.187347,-690.74524,2899.3987
23.838257,-695.8818,2899.877
12.595306,-698.1546,2900.583
5.044281,-700.3098,2903.2764
0.038101196,-701.6386,2902.4248
-15.489441,-707.35657,2898.31
-32.205963,-718.04016,2902.8613
-57.40863,-734.39734,2898.3154
-83.42421,-736.1189,2832.727
-87.07413,-755.4745,2827.0847
-92.57035,-760.8228,2828.126
-96.83255,-760.1245,2836.2537
-96.47902,-764.51794,2837.1948
-112.21879,-767.92163,2828.651
-107.016205,-776.46466,2833.9543
-127.68888,-758.7007,2869.218
-139.51367,-752.0416,2878.2603
-140.15627,-737.05786,2880.8313
-150.66624,-744.5616,2890.6738
-156.77391,-734.1871,2889.3228
-153.21529,-727.04285,2898.3613
-158.07767,-728.74536,2898.4407
-189.58014,-718.7233,2892.7522
-174.21692,-712.91876,2899.8713
-153.64305,-708.9198,2907.6672
-136.02557,-701.057,2930.857
-129.94493,-678.43555,2941.215
-167.25668,-688.86145,2919.0205
-160.51051,-704.5742,2896.8948
-157.9386,-710.46484,2890.1133
-162.81122,-720.31,2878.9414
-179.07188,-735.2605,2851.4841
-177.85202,-755.22815,2828.5413
-186.85858,-782.5459,2809.603
-217.08554,-652.5466,2793.1973
-237.15631,-656.6335,2762.7205
-248.65265,-662.55676,2754.4414
-243.0885,-658.71436,2747.5728
-255.07832,-646.7744,2725.6587
-259.89136,-638.4617,2712.7954
-259.456,-629.185,2693.2217
-276.05023,-620.0626,2678.1057
-282.59625,-621.13184,2677.4326
-266.97726,-626.93463,2673.9297
-268.82233,-617.53564,2665.2651
-263.0435,-614.42755,2654.8394
-265.84937,-617.0921,2666.8894
-258.44733,-623.1643,2680.2043
-248.14517,-628.96265,2688.3318
-248.52704,-626.76196,2712.584
-242.1427,-625.61743,2730.3298
-247.43405,-617.5603,2732.4678
-258.63684,-615.28625,2739.008
-265.81863,-616.2116,2747.658
-281.23758,-626.9536,2771.3389
-278.61084,-643.20276,2782.7598
-288.39,-653.2241,2789.8296
-297.46014,-667.4967,2783.3635
-310.6151,-682.3945,2791.9414
-317.03452,-691.76587,2793.0706
-325.78098,-694.3473,2807.5115
-332.48315,-700.1068,2806.7742
-302.98425,-676.09924,2821.0295
-317.20544,-695.6839,2823.1655
-323.87762,-705.5231,2840.0454
-331.14337,-710.9847,2848.1436
-336.41565,-706.27686,2859.8384
-341.22812,-706.00134,2859.001
-359.34494,-692.90027,2881.7556
-371.49408,-682.8862,2898.999
-378.4053,-680.0084,2914.319
-371.09995,-662.00464,2855.2166
-338.45984,-667.3255,2892.6484
-328.59167,-674.05084,2906.8442
-304.38333,-675.2252,2939.866
-314.11557,-678.33527,2915.6008
-290.39,-672.22534,2917.3103
-271.39777,-660.24243,2914.3135
-239.12616,-642.5091,2940.2927
-214.87975,-621.8841,2919.3926
-207.20097,-608.87494,2875.682
-214.40393,-597.2919,2867.342
-232.11028,-568.26746,2866.922
-209.9023,-513.9225,2862.2266
-203.26103,-492.30725,2849.6042
-227.08635,-481.53937,2882.6646
-215.57861,-456.67014,2810.6323
-225.19388,-446.13263,2811.2153
-235.07437,-439.85486,2791.72
-247.91315,-446.8844,2772.5886
-268.26898,-459.65247,2771.7725
-272.75946,-473.0993,2761.5015
-287.87958,-482.81287,2760.064
-305.77872,-498.8408,2772.0679
-316.53162,-514.6709,2766.503
-319.42053,-532.2089,2786.7842
-320.1057,-543.32544,2802.5063
-300.9504,-559.1537,2813.4636
-278.1424,-573.803,2819.181
-247.00293,-589.4128,2817.6155
-253.19513,-597.7682,2791.7336
-251.91522,-636.9795,2788.2654
-251.35403,-674.5115,2777.7927
-260.10236,-706.49786,2796.8496
-260.7047,-717.9702,2806.6875
-264.5263,-720.0206,2779.4646
-269.83923,-740.646,2798.7932
-260.1997,-762.1063,2820.082
-273.1557,-741.78186,2793.2402
-249.25189,-661.50073,2788.7878
-233.11812,-612.76465,2786.563
-231.89996,-594.1555,2780.6912
-236.40239,-580.1469,2768.0322
-237.57898,-571.01385,2773.6326
-243.74231,-569.17334,2775.4565
-259.6431,-575.3191,2758.8943
-265.50366,-573.8885,2751.9258
-269.81683,-579.1784,2755.2517
-268.2105,-571.859,2754.6516
-279.75238,-572.28,2738.903
-290.8604,-577.6963,2735.3525
-298.22586,-578.03186,2725.4714
-310.16565,-577.5979,2722.1824
-319.69785,-575.62396,2712.2634
-314.8085,-566.62537,2712.5217
-307.875,-560.2164,2715.6516
-319.96515,-572.71436,2712.9602
-330.51352,-580.8621,2701.584
-333.82385,-580.9744,2705.0254
-328.55762,-637.89136,2721.5208
-321.69318,-672.4861,2742.9849
-323.20334,-670.0029,2718.0522
-336.21896,-699.9208,2730.386
-332.81085,-723.64124,2752.9841
-328.99228,-739.77466,2773.2278
-321.94208,-747.3047,2803.2246
-324.4778,-737.19385,2796.1453
-340.0537,-717.5813,2815.1897
-341.15237,-667.1742,2789.686
-350.59027,-629.9915,2793.0793
-336.84036,-607.17206,2779.2039
-326.41367,-613.9225,2784.853
-325.04193,-617.1805,2792.6155
-326.9661,-617.7224,2789.1902
-328.82468,-614.35706,2805.066
-315.35626,-610.2126,2813.7407
-312.3517,-602.6554,2805.9026
-313.1593,-599.1148,2800.7368
-313.9568,-593.398,2811.4126
-302.51962,-586.3733,2809.6511
-294.5022,-579.45264,2821.2795
-288.76263,-576.47205,2821.123
-286.5354,-574.2827,2817.865
-287.43512,-575.5295,2830.8396
-284.2019,-572.03076,2831.2773
-286.6754,-568.27856,2831.453
-290.7148,-564.0645,2858.9443
-280.30746,-558.63086,2861.6106
-283.3504,-553.9084,2842.8184
-281.97266,-552.99255,2848.6165
-261.97137,-553.30414,2850.8452
-283.69955,-550.42114,2848.5408
-270.58133,-550.49335,2852.9146
-276.5852,-556.2158,2855.465
-269.3845,-565.9488,2855.3726
-266.09247,-576.1693,2850.4885
-255.41104,-585.40076,2844.1448
-243.38892,-592.49835,2852.9487
-243.22308,-598.75085,2860.1443
-242.05222,-598.9701,2864.3936
-219.70747,-581.9963,2864.5251
-197.92316,-567.7716,2856.154
-174.44208,-563.3155,2813.8047
-163.18393,-562.00635,2786.4775
-133.19891,-568.3436,2760.944
-112.800476,-578.1858,2743.8962
-88.017876,-591.4796,2715.8206
-75.65388,-589.027,2687.2239
-31.007286,-566.39886,2633.4841
13.745552,-550.7799,2624.8716
-6.278118,-548.92804,2616.0833
3.9492378,-536.63556,2616.5652
32.785732,-492.3399,2605.2007
55.453743,-444.06848,2603.5962
12.226215,-484.4269,2631.0918
-8.235947,-550.78613,2700.5
5.8706284,-507.98724,2630.9624
11.611305,-511.19394,2626.4128
17.496223,-512.4511,2620.1753
58.2019,-450.89957,2598.937
62.718544,-480.15125,2604.652
117.51646,-444.35315,2579.5195
95.43231,-429.65796,2523.9434
227.97748,-590.3422,2705.9192
67.40326,-373.63904,2494.8647
60.28456,-367.47626,2465.3425
387.61023,-601.1754,2815.7249
392.88086,-596.6218,2795.2476
401.1873,-584.3108,2775.1143
378.634,-587.43616,2746.8477
351.19217,-594.0386,2704.093
101.90999,-468.2468,2549.0508
155.1062,-536.39453,2573.5273
186.2734,-567.61597,2577.031
214.97316,-577.0719,2582.0762
252.01645,-574.49023,2566.2004
212.01219,-591.63464,2522.3538
160.82002,-567.7818,2210.8572
159.67711,-580.8522,2223.4802
150.39389,-590.7635,2236.7344
136.36281,-597.2464,2245.9675
127.83146,-585.13696,2187.659
121.478836,-591.8662,2210.701
109.87413,-590.6162,2224.1274
98.01537,-591.756,2240.6914
110.04532,-578.348,2189.5847
6.0886765,-587.2158,2228.9858
-60.598755,-595.8015,2194.6794
-77.69931,-595.8026,2215.7646
-95.4964,-596.67114,2239.8547
-102.97676,-594.6092,2265.12
-105.273506,-591.14557,2288.6912
-112.648155,-585.2445,2271.3005
-74.90212,-567.9894,2243.2234
-56.355255,-557.6963,2224.7625
-39.577362,-548.7263,2215.377
-28.909515,-542.4087,2204.425
-18.347244,-537.43835,2197.5608
-14.312706,-535.51514,2183.571
-12.796288,-542.9574,2202.5579
-4.8823776,-547.3551,2221.07
-17.31638,-551.9381,2220.506
-15.519428,-555.40656,2220.9841
-26.408989,-558.7982,2214.1355
-22.278645,-565.79565,2210.863
-15.334267,-571.0888,2215.5037
-24.722378,-574.682,2207.5457
-33.45623,-587.2406,2236.7778
-35.18241,-592.8751,2242.6929
-34.20476,-599.43085,2235.6147
-31.939442,-605.6575,2235.304
-41.305523,-611.3675,2227.7559
-32.8577,-615.3448,2231.8652
-34.63647,-620.4978,2231.5664
-30.176186,-624.68713,2229.9353
-17.92781,-629.0867,2221.1025
-15.4927635,-633.7319,2229.2644
-11.3647995,-637.82996,2224.2947
-1.6826019,-640.34924,2242.2126
15.031536,-639.6478,2252.619
8.204419,-636.96204,2251.5977
-20.054697,-636.7194,2223.3926
-13.794828,-635.9537,2213.042
-22.127121,-631.64294,2226.9011
-23.982014,-628.8339,2245.712
-34.29627,-626.04126,2251.8835
-41.667374,-623.9354,2246.1409
-42.978783,-618.7689,2240.6091
-54.384834,-612.3664,2223.7363
-66.1163,-607.20087,2208.9595
-76.19975,-607.3053,2213.4644
-202.4273,-223.11179,1943.9486
-79.030624,-613.36847,2214.2942
-66.472786,-616.44995,2213.7388
-65.565956,-616.5588,2210.5813
-71.624115,-615.18555,2208.369
-73.600845,-617.49316,2206.5881
-70.29056,-619.06866,2197.3862
-70.84706,-623.97,2197.7095
-71.89404,-624.7931,2189.4436
-73.7193,-626.4454,2186.4536
-70.43384,-631.88666,2174.8853
-72.67372,-633.4907,2170.8865
-72.89249,-635.9009,2166.2297
-77.40745,-639.5477,2170.5217
-74.80183,-639.8801,2159.436
-70.86212,-637.78076,2161.658
-66.89883,-640.73486,2158.3208
-53.944546,-642.0593,2155.7576
-43.00993,-643.89197,2152.1372
-31.735773,-645.5967,2155.9324
-26.18738,-646.2506,2158.301
-13.972214,-647.0864,2161.6802
0.6076622,-644.12805,2158.8972
8.902847,-643.9943,2162.1528
24.212536,-645.1542,2174.3752
37.77218,-648.8569,2196.5923
52.36698,-642.9123,2191.274
73.7487,-639.0805,2188.572
107.65661,-640.37616,2204.1914
125.33345,-641.9169,2225.7815
139.6535,-645.6665,2241.285
156.40994,-651.0883,2259.649
167.52864,-660.0226,2286.6506
185.81506,-666.61993,2303.2456
183.90329,-673.2787,2325.865
196.55762,-675.90784,2335.992
204.71231,-677.14825,2339.7373
207.04129,-678.47974,2350.4019
224.53735,-683.085,2371.3018
222.58475,-680.32935,2376.0989
220.13136,-677.353,2372.1416
219.86752,-680.32056,2384.187
216.26883,-680.4984,2381.7544
224.46526,-685.5198,2395.2625
221.94858,-683.49414,2395.7366
217.52525,-686.744,2406.1423
204.37144,-693.228,2424.9553
200.18501,-692.3392,2425.0715
208.95694,-696.2915,2426.067
202.872,-692.99445,2425.4834
198.70903,-688.7384,2425.814
184.82855,-689.81647,2439.7388
192.53271,-692.63525,2435.6262
184.33522,-692.6638,2436.6235
182.39159,-691.1579,2435.2969
180.57024,-695.0432,2436.3625
177.81258,-694.85596,2432.8245
173.68578,-693.5731,2428.6777
167.92773,-698.7549,2442.1719
166.52313,-697.01074,2441.3633
165.02309,-692.6195,2429.1228
160.45372,-699.265,2433.9153
157.0792,-703.3615,2435.7515
155.00293,-704.57263,2433.402
151.16628,-710.03375,2432.1614
147.40515,-718.655,2430.5825
140.81711,-724.0595,2430.6394
136.9651,-730.2022,2430.6772
133.6066,-736.8247,2419.0024
124.55066,-739.45325,2418.58
122.04118,-748.9754,2415.2786
118.82306,-756.7687,2413.3486
112.44064,-762.749,2400.5894
106.57442,-767.26697,2406.5256
163.15057,-782.3335,2359.244
215.56433,-800.2019,2353.385
257.99805,-817.7381,2368.8115
287.71533,-831.92847,2399.4683
299.89053,-845.97363,2424.603
303.8555,-855.9385,2446.4368
318.3727,-863.2832,2480.3904
320.81522,-869.80475,2500.298
318.42282,-877.38525,2508.1865
321.45117,-883.2533,2522.2576
319.9159,-887.5591,2528.875
316.3952,-893.74475,2529.8994
312.36487,-897.39264,2529.7686
310.94595,-902.29834,2531.9316
307.64124,-904.0863,2531.0105
308.10785,-911.7069,2527.038
309.68143,-923.2792,2516.4578
310.9848,-928.415,2510.25
308.40634,-931.44275,2508.1396
302.57187,-931.49756,2511.8586
302.91275,-939.28467,2506.499
306.8502,-942.7722,2496.429
306.99994,-945.8679,2492.149
310.71667,-953.3214,2474.0974
312.37473,-953.70056,2461.2324
306.2922,-942.33655,2469.8413
304.82013,-927.9818,2480.5308
308.84616,-926.42004,2461.7432
325.96545,-917.0794,2447.7688
329.9999,-910.1199,2426.5469
325.56473,-894.7943,2427.9238
318.15305,-882.8959,2412.8796
305.32257,-867.0775,2402.7302
292.71893,-849.6846,2388.7554
274.72006,-833.7589,2373.9626
260.37872,-815.7571,2355.6978
244.15208,-796.1139,2345.934
229.09189,-778.0256,2324.6802
212.18358,-758.1061,2298.4407
196.03955,-737.8341,2289.7913
177.67914,-717.809,2267.097
159.50266,-700.0575,2245.4033
138.12506,-683.1972,2220.9866
124.10936,-666.56323,2207.4583
103.152176,-652.12476,2184.383
84.954575,-633.9741,2164.5354
62.730095,-615.26514,2145.0776
42.62268,-593.8717,2126.3616
31.294365,-576.42194,2112.9866
5.136214,-552.5145,2098.6157
-11.292828,-530.21875,2085.814
-35.084938,-506.7542,2072.5803
-46.975056,-493.58777,2068.4631
-66.74291,-478.4833,2062.8196
-77.43462,-461.4353,2059.0627
-87.552376,-441.50583,2057.3828
-99.41315,-439.89008,2065.3179
-115.05481,-428.4425,2066.5408
-154.3419,-429.2931,2101.5674
-166.92453,-420.97543,2119.4456
-170.26949,-415.51956,2126.6975
-173.68468,-410.0999,2128.7522
-172.30505,-409.78082,2134.7622
-164.9341,-411.95468,2142.2524
-156.67055,-416.40335,2149.9482
-153.23846,-419.57263,2155.5283
-156.27585,-422.86307,2179.543
-161.08124,-423.65143,2207.2422
-247.71014,-300.2782,2056.0337
-186.29263,-378.4357,2167.669
-162.87747,-421.46643,2208.4924
-159.47072,-447.01007,2252.1018
-145.56792,-461.5451,2263.4048
-150.00949,-475.98993,2277.8733
-154.6441,-484.17087,2292.7605
-158.55957,-487.2888,2322.9297
-142.49753,-479.79126,2326.728
-129.35129,-489.84055,2356.8103
-120.34124,-496.9892,2384.3357
-112.893555,-502.69635,2416.193
-110.18741,-499.0749,2454.7622
-103.73523,-505.24106,2497.0786
-90.31331,-508.7927,2543.6475
-64.240265,-506.34235,2584.9727
-57.338196,-500.33173,2638.7703
-37.620148,-495.98303,2694.5674
-42.418213,-494.44366,2742.2188
-39.360992,-517.9463,2781.0164
-21.367203,-568.43726,2817.9675
11.91243,-624.23883,2831.2336
45.29274,-647.77264,2868.386
45.045486,-658.77094,2877.8462
35.631134,-649.0399,2906.0813
24.974365,-634.8303,2944.2576
31.967285,-632.0414,2950.9358
44.881042,-623.0375,2956.6987
34.304047,-623.5229,2957.6738
72.4548,-640.9024,2963.95
82.96469,-661.7958,2945.2173
103.514244,-650.11707,2960.7275
93.00041,-643.3924,2987.718
87.41726,-639.86896,2989.9353
77.89258,-614.28076,3031.8638
72.108185,-598.4273,3061.9407
75.10754,-609.3103,3056.6877
116.57922,-653.0465,2988.5896
93.54985,-692.709,2947.8394
78.71626,-670.3275,2913.8545
69.7939,-661.05566,2960.817
156.11938,-674.489,3005.054
119.14023,-672.95996,3018.5225
94.72239,-663.8341,3046.5095
64.128525,-648.5924,3064.1853
52.59471,-635.32214,3085.6565
36.130005,-624.22534,3096.2224
29.02649,-617.0074,3097.0315
26.12999,-613.9784,3104.9326
13.484528,-604.5378,3100.5618
6.447769,-596.49475,3090.528
-2.7064667,-592.14557,3097.4314
-18.29506,-587.02856,3094.3733
-35.023834,-592.37634,3114.232
-50.29106,-600.38745,3119.873
-82.563095,-602.18835,3116.7136
-80.63011,-615.9276,3104.59
-94.37436,-627.8845,3098.1885
-100.55188,-638.406,3089.299
-120.8125,-646.6589,3100.4705
-117.97511,-651.135,3076.6123
-130.7874,-636.76373,3091.876
-150.46535,-647.3583,3089.1233
-112.858406,-697.3738,3064.7852
-108.366135,-707.45844,3065.983
-115.7883,-733.10095,3062.9644
-80.07085,-737.6005,3065.864
-102.8731,-736.96704,3070.3804
-76.11543,-722.0609,3065.163
-74.03511,-724.0537,3057.0085
-103.422806,-716.80945,3067.123
-135.32552,-701.88513,3061.4648
-152.56964,-688.70374,3062.3408
-181.01978,-670.3251,3086.9895
-139.01378,-659.8855,3071.1177
-149.215,-659.1366,3067.932
-144.71075,-643.661,3071.488
-162.5777,-636.56665,3082.3066
-158.3156,-624.1837,3081.848
-168.56778,-619.3635,3089.7556
-186.1513,-615.9807,3074.3606
-189.88712,-598.83765,3071.1528
-264.81573,-608.9893,3109.3955
-267.78253,-591.1811,3108.1565
-253.1138,-595.8745,3062.5444
-242.38403,-596.97314,3039.7231
-231.60571,-601.3841,3021.933
-258.63272,-582.7638,3067.8447
-275.23022,-572.105,3085.6777
-313.71854,-563.8205,3114.732
-312.58557,-551.99115,3122.9534
-311.6794,-553.6274,3112.286
-319.1772,-544.20636,3116.4504
-326.5696,-543.091,3108.4417
-346.68228,-534.44836,3120.1965
-350.8516,-531.3224,3119.1394
-375.61646,-516.33936,3134.853
-379.14407,-506.94974,3132.651
-374.51678,-500.34094,3126.6995
-358.71368,-500.02884,3122.377
-374.13147,-503.9643,3120.6484
-378.37692,-500.77228,3121.125
-381.19513,-496.98196,3116.8752
-385.9405,-492.33014,3117.3857
-388.7052,-495.04767,3116.4282
-394.4901,-487.68826,3118.2437
-389.24548,-485.46982,3118.557
-386.384,-491.47098,3115.4377
-369.30908,-501.5229,3112.5894
-372.70966,-507.42017,3114.0146
-379.08676,-504.76468,3115.3694
-399.08508,-493.27505,3130.9236
-380.51508,-499.6298,3120.5684
-330.77252,-485.62213,3090.6726
-318.3719,-499.41214,3092.421
-311.30847,-514.3019,3089.9016
-313.0296,-520.53455,3084.4429
-311.87152,-520.5563,3103.6768
-309.63196,-531.6612,3099.5803
-308.00818,-534.3308,3098.1204
-309.52676,-542.6429,3098.5166
-295.12213,-548.1682,3089.863
-295.177,-558.89374,3089.8735
-288.60577,-574.81274,3086.4773
-284.8219,-576.61536,3089.9998
-278.7017,-583.25757,3082.2576
-284.47803,-592.8489,3087.268
-277.0824,-599.0382,3086.6833
-277.68018,-602.80164,3084.3218
-267.9508,-608.5067,3081.666
-263.46613,-616.3698,3076.986
-262.53516,-619.74756,3080.5828
-276.48267,-625.82684,3083.6123
-292.33777,-624.2871,3087.063
-297.84436,-621.79517,3087.7517
-289.31104,-623.02045,3088.9038
-301.7081,-619.51886,3086.4614
-322.88458,-605.14874,3072.973
-340.66547,-595.1312,3094.8584
-339.80972,-604.73773,3117.006
-342.3763,-615.03357,3110.241
-337.27908,-625.3474,3108.447
-342.57996,-640.1028,3124.7551
-318.29947,-662.1295,3118.1147
-302.18588,-692.83203,3097.761
-298.25446,-715.97253,3124.8215
-377.65823,-695.8375,3123.2864
-306.2542,-737.0412,3107.9958
-262.90076,-758.3172,3102.51
-242.57202,-777.7218,3106.166
-229.59348,-796.1914,3102.3008
-213.71191,-806.4857,3094.1406
-204.44293,-816.14856,3083.9583
-196.06152,-823.4684,3082.7021
-241.73328,-835.89355,3085.0474
-206.92691,-839.90283,3080.528
-304.0371,-851.3134,3105.2947
-447.39084,-780.9828,3141.5684
-540.2669,-721.5461,3137.5251
-340.6299,-790.9552,3101.1553
-319.50018,-837.1752,3093.7334
-238.77963,-851.677,3087.9966
-234.03209,-865.30286,3110.6646
-159.57507,-855.51215,3077.4944
-213.5819,-853.09937,3107.1663
-182.22704,-866.4269,3117.7583
-219.71107,-886.0359,3106.3818
-271.7406,-893.34796,3088.0134
-177.4405,-887.5091,3073.2695
-96.27777,-891.295,3062.139
-653.09235,-592.3688,3053.5186
-648.72626,-598.79517,3050.9812
-650.6903,-604.39606,3034.0825
-652.2119,-610.8088,3048.423
-664.4922,-648.29987,3045.416
-681.146,-644.81335,3029.6992
-622.4064,-771.1754,3007.9785
-635.63947,-767.5975,3008.9048
-597.47,-810.11084,3002.9138
-621.66943,-789.2733,3037.4468
-591.6818,-836.5751,3037.846
-628.3285,-799.4219,3049.4287
-579.902,-846.37225,3014.791
-561.4734,-848.4485,3003.346
-604.6997,-812.29736,3018.888
-553.2062,-856.6221,2978.0647
-543.3902,-861.75653,2989.724
-540.8224,-877.75616,3019.8289
-512.04944,-864.03784,3054.7048
-541.68665,-816.2701,3078.985
-576.9542,-756.12695,3084.1133
-512.6524,-808.20483,3042.3115
-520.4888,-803.59985,2990.947
-481.1626,-786.58624,3010.6208
-65.39754,-682.38873,3096.6572
-46.118057,-722.85126,3089.7256
-52.21364,-745.26373,3086.0784
-60.04886,-762.77783,3073.3804
-48.586975,-745.1317,3085.2964
-64.55176,-739.7572,3086.6804
-56.14476,-710.4459,3089.0945
-70.921646,-702.655,3097.1646
-75.354904,-702.35095,3119.5278
-66.80551,-705.5874,3104.5828
-55.94304,-696.99097,3099.5398
-56.347534,-695.90674,3094.202
-51.37236,-695.40125,3096.2876
-63.803467,-708.64465,3104.5989
-45.48221,-688.41614,3107.3901
-47.8584,-683.3458,3109.652
-60.965256,-681.9033,3109.8481
-74.144745,-682.5593,3101.3508
-70.59096,-665.0204,3106.6926
-98.33937,-680.82745,3117.064
-102.35298,-681.04004,3116.3464
-105.86223,-676.2079,3117.5342
-128.78284,-685.0215,3108.3481
-110.221695,-679.5653,3126.5393
-114.36551,-683.0645,3128.1707
-142.56615,-696.9357,3122.73
-119.16293,-687.3623,3123.141
-126.76189,-694.709,3121.836
-129.07503,-692.238,3129.372
-128.0483,-686.1462,3127.675
-138.61719,-685.72723,3128.7083
-159.71936,-686.90955,3102.5315
-151.98424,-684.2126,3106.5278
-143.76419,-684.2853,3097.5002
-137.77072,-679.4068,3101.737
-143.89716,-680.0287,3115.0232
-139.34528,-677.05994,3122.155
-141.14069,-675.7812,3123.826
-150.96016,-674.2381,3125.5337
-149.41365,-670.3104,3138.8184
-154.56416,-666.4054,3147.174
-160.37053,-659.85657,3174.6912
-167.23601,-653.07623,3167.6348
-163.24205,-645.91565,3162.5708
-165.56157,-639.9631,3163.1372
-164.70639,-632.4014,3170.254
-162.2725,-627.744,3179.42
-161.82225,-624.308,3184.3628
-167.56473,-621.79694,3182.229
-172.78787,-615.15405,3174.917
-172.6189,-605.63324,3188.4612
-172.70204,-598.91534,3182.689
-170.95322,-592.4283,3188.051
-173.39574,-584.6246,3181.1982
-181.53577,-578.4691,3205.3977
-195.51094,-573.2628,3190.9365
-196.14049,-570.4226,3181.3057
-208.72324,-574.804,3174.5046
-209.83707,-573.82947,3160.1528
-220.09644,-574.8056,3170.2039
-224.48238,-574.8907,3144.451
-233.16045,-575.28143,3154.2805
-229.89209,-572.0466,3155.684
-243.8175,-579.73035,3144.2893
-246.3926,-576.953,3151.7107
-248.62393,-575.3087,3149.4888
-251.03253,-577.7251,3155.831
-267.33362,-573.1806,3154.8396
-274.77823,-559.8966,3175.2927
-286.04865,-551.7937,3187.3728
-301.04733,-546.9771,3184.167
-309.2537,-540.34045,3192.2805
-366.40598,-599.19543,3215.8462
-423.6563,-569.36346,2995.3457
-476.08676,-594.8369,2912.5408
-506.75897,-680.90906,2916.363
-509.67258,-765.3286,2939.9692
-537.8176,-745.83655,2912.0974
-538.02216,-755.5017,2907.627
-539.19696,-757.7301,2904.743
-529.3699,-760.0446,2914.3586
-521.96387,-766.9518,2929.4656
-520.8511,-775.2346,2940.065
-513.78296,-788.62103,2942.0598
-533.8667,-806.9413,2938.336
-475.24747,-791.8927,2936.0325
-508.99976,-817.8788,2930.121
-521.6089,-842.0721,2939.1445
-525.7981,-864.9964,2947.3308
-532.1981,-880.28015,2958.665
-533.1397,-889.48706,2978.1604
-529.39716,-905.91943,2987.0308
-487.7615,-895.10223,2991.327
-463.17023,-849.1886,2974.0996
-476.15338,-922.6747,2958.0923
-491.53354,-936.30566,2963.592
-502.97678,-945.2665,2971.0322
-506.27792,-957.5053,2982.2676
-505.7864,-969.1729,2988.6272
-528.6809,-978.9751,2990.75
-545.4049,-986.0951,2988.603
-554.2488,-993.80005,2980.6406
-558.4977,-1002.11084,2978.471
-553.6464,-1006.87616,2982.641
-539.0661,-1012.18286,2983.8389
-530.79266,-1015.98016,2983.351
-511.18948,-1020.55786,2979.8953
-496.43542,-1021.02124,2983.9568
-487.16232,-1012.78284,2994.128
-480.31018,-1015.6322,2990.1912
-468.1115,-1013.1843,2992.7666
-459.26685,-1010.04565,2996.872
-457.96576,-1009.61646,2996.0051
-468.64127,-1007.51514,2993.5256
-476.20645,-1002.4301,2990.8767
-484.32077,-996.1042,2991.4795
-498.5207,-993.527,2987.3464
-507.88666,-988.6001,2987.0867
-512.3101,-982.4922,2989.3586
-524.1741,-976.72156,2991.8645
-528.5116,-968.9595,3008.5098
-522.5152,-967.24817,3010.8042
-526.9261,-961.9337,3010.297
-536.2391,-959.3809,3003.746
-533.753,-955.68945,3007.8572
-528.71655,-951.4055,3009.0151
-531.7223,-940.6488,3015.873
-309.74945,-786.6376,3018.0566
-305.38428,-856.3325,2962.9397
-368.67444,-858.996,2945.2122
-409.92538,-875.55005,2916.9885
-441.2877,-882.239,2897.9734
-475.84546,-879.14996,2894.187
-502.61945,-891.2743,2873.4397
-504.60318,-891.7362,2840.4404
-235.94882,-634.07654,3130.464
-221.91833,-547.8848,3174.4148
-202.86365,-574.5392,3182.1482
-172.99887,-550.49976,3171.2627
-188.12427,-552.855,3172.7788
-176.35278,-528.364,3147.1833
-190.4216,-542.86426,3122.6746
-208.13144,-535.0012,3102.9246
-217.78665,-505.01407,3078.9927
-222.95819,-487.99512,3044.1228
-410.67285,-503.09183,2949.5554
-516.7633,-538.8037,2906.8384
-558.1356,-547.1593,2889.063
-589.48737,-547.08624,2879.9944
-594.526,-544.40436,2886.6318
-595.8873,-540.56793,2894.3413
-591.0532,-533.7137,2889.8765
-582.20557,-531.0559,2889.374
-575.4072,-533.0475,2885.7087
-574.0707,-533.6205,2889.8308
-552.4329,-531.6654,2869.1956
-534.85266,-529.9071,2859.9805
-516.69965,-528.3077,2862.033
-498.8827,-530.86255,2879.4941
-475.28046,-531.6356,2881.1143
-436.76422,-529.2694,2862.7083
-402.56436,-520.6742,2859.3342
-323.6018,-505.66348,2898.835
-277.26303,-502.73877,2912.933
-220.60243,-512.4619,2907.2544
-180.708,-552.7413,2715.7424
-157.07089,-568.8045,2730.6572
-109.06831,-554.8961,2840.492
-88.94305,-596.7985,2717.41
-74.70581,-596.7679,2820.634
-66.31295,-591.5299,2810.9404
-21.630234,-582.138,2778.8455
13.350296,-581.8358,2759.5486
53.845413,-584.8592,2733.1829
74.37959,-593.8095,2701.7341
102.012985,-608.68085,2678.0933
117.90902,-616.08484,2633.396
141.9587,-618.4512,2603.0833
152.84274,-621.4291,2582.472
189.93369,-620.8668,2576.8345
217.39267,-615.843,2548.655
57.432793,-594.81006,2497.0564
3.3747787,-617.35443,2443.9175
-25.199055,-640.8628,2481.7964
-48.755737,-658.89435,2499.9229
-54.390167,-675.55084,2527.738
-41.03923,-689.11957,2545.0764
-38.791775,-701.0432,2559.7788
-25.871962,-709.8834,2574.7854
-13.161659,-714.95276,2590.0605
-23.69371,-718.07324,2592.8955
-8.261459,-729.9171,2581.3293
-9.885071,-739.35565,2576.7964
-8.974937,-738.671,2582.3262
3.5389175,-609.8153,2564.3284
-0.013793945,-574.28906,2563.1597
-4.7378845,-577.4578,2560.5166
10.910507,-675.84656,2585.107
2.9605255,-716.4783,2573.5679
-6.3037415,-655.7614,2572.8623
-16.027618,-598.2749,2570.6294
-21.322266,-574.3743,2568.4705
-25.396057,-558.9733,2561.7847
-34.12361,-553.95197,2553.4846
-49.37422,-551.1714,2564.8315
-23.4673,-673.008,2586.3367
-54.38478,-712.2679,2599.4368
-81.704575,-729.5193,2606.1072
-107.120346,-731.9879,2593.075
-142.27054,-720.01917,2564.5435
-118.03979,-757.8202,2514.9082
-147.39717,-619.0039,2526.035
-96.87633,-717.6653,2552.7031
-144.03275,-750.7837,2584.2507
-173.21495,-757.6665,2623.9055
-188.24286,-763.2488,2611.451
-140.5643,-776.2923,2617.5352
-116.421364,-780.42725,2589.6555
-116.08025,-778.77344,2552.132
-119.83385,-776.4821,2523.6123
-106.4567,-775.9656,2537.3179
-123.332016,-772.50055,2531.1255
-123.43364,-765.8423,2564.8235
-134.28818,-758.74585,2592.7556
-141.26839,-756.52454,2607.3083
-145.50183,-754.93677,2619.2168
-148.49535,-757.16266,2632.7595
-135.73001,-650.4061,2565.2632
-139.0395,-700.0486,2601.4753
-144.1957,-715.043,2583.5483
-151.65176,-714.86926,2569.9202
-170.19327,-705.22485,2552.0366
-153.79192,-702.62646,2551.0024
-163.43713,-701.73047,2572.3342
-170.89671,-695.2801,2583.3381
-169.26813,-684.2117,2595.9666
-182.04123,-676.3801,2608.0962
-179.6913,-664.5918,2630.422
-191.48053,-663.1246,2659.2188
-199.0981,-647.652,2654.1855
-216.05289,-642.70953,2668.7412
-233.88614,-633.155,2678.0159
-240.4509,-623.8506,2693.1792
-253.39828,-618.05975,2702.3367
-270.92072,-616.27045,2715.4236
-281.07797,-613.62134,2726.291
-297.48135,-610.87335,2735.8157
-301.30154,-608.0936,2750.1743
-311.11948,-606.4679,2757.6743
-320.92877,-608.94885,2780.6567
-335.4538,-612.9523,2788.939
-342.66284,-622.93256,2810.6816
-341.62836,-614.5484,2795.944
-350.6068,-624.9241,2806.1682
-348.9146,-616.3515,2802.4124
-347.07318,-619.52295,2817.9817
-345.71698,-616.31213,2819.055
-352.75775,-621.19385,2822.0193
-351.28308,-620.69324,2821.241
-351.59747,-612.23694,2819.2986
-354.98755,-612.89014,2825.9546
-357.95007,-614.47205,2825.9395
-359.55115,-614.9005,2823.6035
-363.65448,-611.49866,2822.4404
-361.47772,-614.40045,2823.316
-360.58435,-617.0642,2822.8264
-367.99457,-621.3867,2817.2502
-363.72388,-619.2413,2813.901
-363.3402,-623.6717,2816.2024
-358.47565,-619.5389,2809.9614
-354.8333,-616.679,2805.7607
-358.96484,-618.23315,2801.1292
-358.09845,-613.51575,2789.435
-352.8255,-615.50867,2788.5935
-347.93976,-615.2404,2786.6135
-351.66357,-617.6896,2780.5852
-354.20032,-609.5227,2775.166
-348.08356,-612.15875,2780.9675
-334.94275,-610.4877,2781.9878
-324.10394,-604.0093,2766.6228
-316.40894,-607.8911,2764.4634
-297.3634,-604.73065,2745.0647
-289.2674,-602.1017,2728.6501
-265.42856,-594.4822,2713.4866
-251.16986,-587.0138,2696.375
-231.40387,-578.02246,2683.696
-223.4464,-571.9802,2672.4558
-210.26074,-562.93506,2662.1377
-201.66043,-564.5516,2675.6987
-192.38806,-558.87085,2658.9788
-177.559,-557.2703,2639.9138
-160.03348,-553.5559,2625.6277
-144.29623,-552.2301,2615.0637
-140.15936,-555.8562,2611.3662
-132.78177,-555.1033,2594.9407
-129.95044,-556.68555,2586.1458
-125.182106,-559.1981,2576.0945
-122.73047,-561.18896,2560.2227
-120.11876,-566.324,2555.7893
-119.09826,-575.73096,2560.223
-112.59915,-578.1039,2559.085
-104.98891,-578.8752,2560.0002
-97.23787,-577.9428,2550.0125
-89.38728,-575.1343,2535.5515
-85.37065,-569.6518,2516.105
-76.87857,-561.0512,2499.1829
-77.69188,-557.88074,2496.77
-73.58685,-552.49207,2488.7854
-69.19951,-552.72845,2498.68
-73.46744,-587.13403,2513.629
-89.94802,-603.37,2514.5845
-103.78116,-612.48926,2507.817
-110.002365,-619.9061,2498.2139
-115.98222,-639.4911,2506.3794
-107.88991,-643.4354,2479.6238
-107.154495,-648.3689,2457.5845
-103.82669,-664.2738,2475.2444
-106.86403,-658.98505,2459.3394
-106.43651,-664.1792,2465.3584
-102.30611,-664.6117,2474.1716
-119.16289,-629.058,2461.6685
-121.675095,-598.4294,2448.175
-111.88945,-638.9258,2484.7725
-107.45823,-639.9729,2476.0813
-95.42576,-636.0415,2462.3325
-103.71156,-657.6975,2478.7126
-129.15341,-676.12134,2500.2263
-140.14642,-622.42285,2476.357
-148.9652,-608.02563,2458.4917
-158.08331,-600.05383,2447.1611
-152.66536,-579.19824,2419.367
-121.32329,-588.10516,2438.9326
-128.50575,-596.72174,2434.546
-134.73653,-605.87085,2436.8386
-142.28236,-608.4339,2437.8835
-138.79495,-612.1303,2441.0774
-130.81972,-609.9592,2450.3882
-139.81429,-601.63525,2456.7058
-149.29367,-595.8761,2456.619
-148.90482,-591.41406,2463.5596
-148.7529,-587.6987,2472.597
-144.90091,-584.08887,2473.0208
-136.66048,-584.4132,2482.3901
-132.08081,-585.4301,2498.2292
-127.64162,-582.03687,2509.8
-122.04399,-628.7727,2553.6394
-127.63203,-651.9645,2588.1055
-131.31265,-656.60895,2608.7952
-136.56644,-656.4169,2620.6855
-139.92798,-651.73846,2646.5125
-151.59055,-650.8957,2671.365
-162.53972,-649.1872,2692.7646
-172.92993,-646.90625,2718.3809
-188.11795,-648.0669,2741.9438
-196.36682,-637.21124,2733.3584
-212.02559,-638.40784,2767.461
-222.68704,-625.99304,2780.4128
-227.38983,-623.53644,2808.9797
-248.27528,-630.8368,2821.673
-263.52448,-636.2661,2848.592
-293.9885,-648.8904,2872.99
-291.75635,-657.0518,2872.006
-297.85754,-662.6898,2869.2988
-308.8365,-670.6858,2880.1658
-304.51358,-670.58356,2874.9136
-305.2657,-674.49316,2877.612
-311.99304,-678.05927,2885.3005
-317.36673,-712.46326,2857.0798
-325.20963,-703.02344,2870.9734
-316.21222,-688.98535,2860.4167
-312.89868,-687.96387,2865.6938
-306.43646,-678.9783,2855.3408
-306.36066,-669.61066,2846.851
-300.62732,-668.3582,2844.3567
-285.14117,-661.5623,2835.0732
-278.4347,-663.7706,2843.1602
-270.29727,-657.63586,2839.0847
-259.60382,-644.1527,2826.9338
-241.92508,-631.767,2812.5112
-228.12624,-624.69543,2805.593
-214.17514,-618.47675,2798.8633
-202.50061,-608.7874,2788.1077
-184.5829,-601.0862,2761.4429
-176.96854,-594.8702,2752.4917
-163.9627,-593.31024,2750.4963
-167.21321,-586.65265,2743.3
-144.14383,-581.57166,2738.6592
-138.11235,-570.9109,2734.2795
-141.89267,-561.6356,2728.6243
-142.94768,-552.99585,2720.3262
-135.42278,-542.07166,2704.3074
-136.34845,-536.7636,2698.1514
-140.50696,-530.5252,2684.2905
-132.33151,-534.6065,2679.3062
-129.78247,-535.1921,2680.6287
-133.94458,-530.25806,2690.4246
-117.8557,-523.47675,2692.41
-102.748245,-517.7162,2701.8499
-90.51592,-507.23358,2721.2183
-76.22673,-496.28003,2733.6438
-61.719105,-487.609,2737.3538
-47.70311,-480.35263,2722.0393
-35.62172,-468.78625,2719.2847
-17.757027,-457.9607,2709.5718
-7.4557495,-453.0373,2694.427
5.803879,-444.50275,2695.0693
12.964508,-438.7185,2685.1338
22.397034,-432.47137,2675.5247
25.240036,-424.6596,2662.5552
32.98256,-418.38086,2647.6597
32.77281,-411.61398,2637.599
31.566727,-405.08264,2612.525
35.31801,-402.33478,2596.6748
33.764816,-401.3803,2587.3352
28.111618,-403.97018,2574.9011
31.553589,-405.1311,2548.229
15.258995,-405.2857,2519.2368
19.048813,-405.15094,2501.2634
24.098572,-410.14432,2479.4482
8.856491,-435.7077,2434.9656
-18.012459,-475.2017,2432.7651
-53.42906,-495.07553,2433.4565
-71.88948,-512.83685,2411.4138
-103.80481,-518.8496,2436.4165
-105.29964,-530.1273,2423.0256
-132.10529,-526.9535,2385.2559
-157.28723,-528.431,2357.755
-171.26949,-532.60114,2320.1401
-189.64757,-539.54535,2284.9832
-192.17953,-553.72296,2263.3848
-199.23033,-556.8538,2232.2607
-213.44296,-562.1476,2201.4805
-226.26778,-570.05896,2176.3179
-246.06097,-570.835,2146.8987
-224.688,-576.77936,2118.8408
-141.29684,-638.67096,2110.2979
-70.20181,-679.56793,2127.9102
-37.25287,-687.9531,2194.5024
30.645447,-758.3789,2193.1304
119.97286,-789.94006,2227.1125
103.068146,-805.0155,2229.6167
77.74546,-822.2302,2230.9553
-87.12785,-735.6981,2138.17
-197.43225,-712.39685,2072.3298
-241.71455,-700.1816,2042.6453
-268.89484,-702.07104,2025.19
-283.3381,-708.07544,2014.2505
-286.16495,-711.09467,2008.6252
-286.01254,-714.2627,2006.997
-290.70932,-723.34766,2003.7657
-297.66718,-733.973,2001.4081
-301.67114,-742.63367,1997.8064
-306.6112,-751.2921,1994.9336
-310.16162,-756.65985,1993.8373
-317.82605,-764.80725,1987.8674
-324.6953,-771.0355,1984.0709
-332.60873,-777.8921,1978.2839
-343.76245,-783.11755,1974.5435
-351.41986,-787.2241,1971.7083
-360.68887,-794.3689,1970.201
-365.18686,-797.9197,1971.2631
-375.28723,-804.92175,1969.7617
-383.24066,-811.64075,1968.5366
-391.43066,-815.11755,1967.1138
-393.3599,-815.6085,1966.7485
-400.54642,-812.52014,2002.1909
-386.54538,-794.274,1987.8652
-400.63702,-787.0083,2004.7931
-408.5708,-781.3978,2014.3881
-413.93988,-780.3987,2027.7842
-413.47485,-781.00415,2038.9918
-410.4456,-780.7009,2043.4087
-408.40222,-779.0863,2039.805
-407.50375,-777.0524,2053.681
-405.08685,-773.4842,2067.7722
-399.65265,-773.0027,2074.614
-402.56827,-774.412,2070.2288
-407.9183,-774.189,2081.7773
-421.68787,-782.19086,2094.5278
-407.56372,-799.23303,2106.3867
-409.98248,-806.8063,2093.585
-421.5772,-814.9241,2073.1423
-422.98816,-831.29974,2066.669
-436.61197,-831.1194,2070.6348
-414.35733,-842.26843,2070.0264
-395.83807,-847.8818,2059.875
-378.4193,-854.95325,2064.5618
-374.44882,-858.3834,2061.5605
-369.47717,-860.92847,2062.4814
-386.00934,-856.4337,2051.8057
-389.7162,-853.8718,2055.9136
-385.5593,-847.61194,2076.1697
-389.54697,-837.13586,2072.2217
-393.44998,-826.6668,2066.363
-386.65967,-807.82605,2101.2417
-383.35028,-791.90857,2080.8892
-388.30896,-750.26465,2136.652
-384.29657,-726.85986,2148.624
-377.0628,-712.052,2141.512
-367.58075,-692.92236,2133.4407
-367.17117,-668.90027,2131.825
-362.34833,-652.4617,2119.6426
-348.391,-640.29364,2099.23
-343.28436,-622.3065,2094.1567
-312.99692,-620.3849,2045.9774
-279.0213,-618.1276,2015.1982
-244.16821,-611.15857,1998.8185
-209.9588,-607.62286,1985.625
-187.06778,-601.6928,1982.5323
-169.02827,-597.1303,1980.6171
-152.49155,-591.20166,1979.4039
-143.27011,-589.4793,1981.1409
-140.46793,-589.90576,1985.6475
-134.38512,-593.12866,1987.2521
-128.7911,-603.4661,1989.9905
-123.20462,-617.2151,1996.4143
-122.34456,-632.25934,2023.4753
-274.67114,-607.3916,2124.0623
-298.16946,-612.8303,2140.6274
-309.50677,-626.92474,2138.9526
-326.02386,-631.9891,2131.6572
-332.1546,-641.15295,2140.9302
-336.89783,-650.9619,2120.0093
-347.66302,-655.4551,2121.0322
-354.16992,-658.3373,2107.2327
-354.54382,-659.80804,2092.5789
-360.89075,-663.29297,2068.111
-380.22632,-655.5231,2066.0823
-390.7706,-653.14526,2041.5795
-412.1925,-649.7444,2037.8894
-427.84537,-650.8225,2032.2393
-443.89682,-653.5197,2020.8085
-454.22662,-663.70386,2007.1031
-467.17947,-665.5138,1970.5402
-486.46152,-666.9923,1972.408
-505.01144,-664.00696,1952.9127
-519.1892,-666.31647,1937.878
-530.68396,-674.4166,1913.2382
-541.60754,-682.0315,1910.3398
-548.5122,-691.8364,1903.7
-560.7683,-697.7616,1905.5336
-566.20447,-706.9775,1894.2817
-564.75183,-716.8003,1879.1094
-550.98566,-734.43555,1873.6075
-539.28534,-744.96985,1875.9756
-513.52966,-760.9222,1861.7494
-491.5916,-764.9854,1851.5094
-482.2737,-765.41876,1846.4696
-472.49097,-759.4009,1845.1366
-473.34985,-761.2632,1842.6803
-470.46707,-760.7227,1840.7058
-472.08478,-762.2722,1837.277
-471.26917,-765.81836,1833.1992
-469.4489,-767.5375,1830.8849
-466.44525,-772.061,1827.659
-457.81635,-769.31104,1829.6963
-461.6284,-769.2973,1827.4713
-478.83997,-761.3917,1827.4512
-492.55487,-756.4104,1830.3994
-498.9294,-751.54785,1828.9093
-500.5733,-752.2556,1828.4169
-491.1944,-755.79517,1832.4584
-501.05505,-745.225,1831.5093
-505.51456,-739.1769,1829.7849
-517.19604,-728.3442,1832.585
-521.5956,-721.7672,1826.4725
-529.8297,-719.62146,1821.9661
-549.8543,-711.2389,1828.344
-558.7435,-709.43884,1822.3231
-570.9966,-712.233,1831.0338
-571.4795,-713.1445,1823.4973
-576.76105,-711.24005,1829.7701
-584.2485,-703.2927,1843.8812
-577.302,-703.7895,1844.6829
-572.9609,-696.3988,1846.0897
-573.48224,-684.1692,1857.4834
-562.65216,-676.24146,1852.1013
-572.8779,-661.3248,1861.9823
-559.38293,-648.7717,1880.2826
-555.752,-629.06134,1876.1744
-546.5525,-605.0189,1897.3828
-550.623,-577.69226,1912.3652
-536.86017,-554.73236,1919.2428
-531.81635,-533.5026,1931.2429
-533.3967,-507.92297,1929.4735
-519.58234,-485.67346,1929.6125
-512.9402,-473.69635,1911.2745
-516.4519,-466.57803,1894.8793
-522.282,-457.57806,1883.1362
-525.9675,-450.37213,1869.4214
-529.21454,-446.37112,1854.3937
-531.88165,-439.92493,1843.3618
-535.39264,-438.56598,1834.8743
-540.9138,-443.28876,1819.9828
-546.0535,-447.32468,1809.7185
-541.25726,-453.21802,1797.8799
-542.7665,-460.75684,1789.3927
-534.754,-465.3736,1776.175
-527.6521,-472.335,1761.0226
-521.1781,-479.25836,1752.5817
-521.1948,-489.92792,1744.2012
-518.44476,-500.4213,1739.7745
-509.96283,-510.39185,1738.2905
-509.93835,-521.823,1736.6179
-506.04053,-533.7401,1736.0051
-503.83856,-545.26587,1741.9612
-493.61172,-553.16376,1734.7474
-488.80804,-567.87976,1740.3976
-486.9451,-577.4569,1737.4775
-469.82944,-583.56525,1714.1543
-464.27704,-589.433,1679.4115
-451.53232,-594.4029,1665.9219
-437.7798,-599.55756,1655.9517
-421.08026,-605.1566,1654.7521
-401.44434,-616.25,1660.0535
-389.9366,-622.4897,1649.4668
-371.8657,-627.6489,1642.8373
-355.54175,-636.0846,1648.6826
-345.173,-646.07135,1652.698
-335.31607,-651.0167,1639.3672
-345.46808,-658.5853,1637.3176
-343.86182,-666.59863,1634.4513
-340.47656,-674.49097,1632.8972
-476.72104,-498.4762,1869.723
-471.86005,-497.0307,1858.8772
-464.68896,-497.31628,1854.1353
-457.5539,-496.9713,1848.1841
-451.66147,-491.80823,1843.1145
-440.28033,-488.26062,1836.8564
-418.64566,-486.91492,1838.6833
-404.03107,-487.9583,1847.6544
-372.9746,-493.8957,1857.8461
-361.96118,-493.34973,1867.9843
-348.06403,-497.40723,1885.1707
-324.11584,-506.58444,1907.7919
-325.80945,-505.82993,1917.576
-313.21335,-511.9599,1936.4083
-300.12213,-515.1751,1949.7988
-276.56146,-516.35815,1962.9167
-271.8322,-517.0824,1973.4429
-261.27625,-519.8969,1989.282
-246.92194,-524.553,2007.6365
-237.8332,-531.7539,2017.9866
-222.75818,-535.2825,2023.7463
-218.24435,-534.3279,2022.8523
-209.45439,-534.79626,2024.477
-196.3042,-534.7212,2024.0979
-178.048,-533.4202,2031.4531
-158.80273,-529.40247,2029.5085
-145.23622,-530.6386,2030.9304
-121.783554,-528.266,2035.0795
-104.13098,-527.4989,2034.831
-80.11029,-520.51013,2021.6547
-61.69028,-515.50916,2009.9084
-44.63378,-508.1159,1994.0574
-26.442932,-503.4311,1983.9479
-18.115082,-497.6354,1975.2595
-13.512817,-488.62564,1964.3501
-6.772003,-480.3021,1948.8213
-0.73844147,-479.39606,1941.2529
3.7942047,-477.19836,1937.7358
0.098480225,-479.50458,1932.543
4.366493,-481.14545,1924.0996
2.3622208,-486.44403,1914.0945
9.538078,-489.09497,1897.2378
15.070557,-495.82733,1885.991
17.885452,-496.8744,1866.6985
22.881699,-502.5916,1862.7913
29.288998,-502.40576,1843.01
34.06889,-499.66476,1821.6727
34.931957,-502.32794,1814.1207
41.710083,-508.28522,1808.398
42.08408,-511.79584,1804.3107
47.013115,-513.1439,1789.7542
45.12038,-515.7231,1785.9287
47.409073,-520.10034,1779.4995
50.490757,-521.0608,1773.8076
46.70407,-521.192,1755.802
55.005295,-519.5275,1750.7196
60.77367,-519.46045,1741.9829
61.92044,-521.0184,1740.4364
76.005196,-524.18207,1746.6793
86.375275,-525.8543,1746.9384
99.40984,-527.12054,1749.3485
102.16624,-528.502,1752.3514
111.49457,-531.005,1741.5168
114.73415,-532.43274,1739.6864
124.08342,-535.63434,1735.2933
133.44211,-535.8389,1730.5154
147.7687,-534.64636,1726.9678
154.01755,-537.5731,1726.9653
166.81767,-538.90027,1722.8889
186.21399,-541.9502,1711.1696
200.2038,-542.7559,1698.147
214.00003,-545.07886,1686.0101
229.5355,-548.95544,1672.8839
254.77788,-551.45886,1658.9255
262.38986,-548.89636,1652.9346
247.60645,-539.83795,1651.822
252.60196,-526.2208,1644.3999
263.0026,-518.4667,1632.0286
280.8494,-513.34174,1616.5022
301.2833,-510.10132,1599.4608
326.16074,-509.76602,1576.3976
357.57755,-507.35483,1550.3785
409.55383,-508.99548,1510.2957
469.91003,-508.58902,1455.5482
507.74664,-506.4437,1418.2103
539.7874,-483.63626,1380.6876
573.1189,-475.73563,1346.1769
592.856,-477.5929,1338.2493
611.92615,-476.582,1316.0404
614.4797,-504.9304,1344.5126
609.54974,-525.2051,1359.6534
610.58655,-541.19257,1361.8846
610.82196,-555.1874,1363.8116
668.3026,-480.24356,1349.0813
663.3604,-444.4791,1293.7355
656.279,-454.31268,1314.7782
638.24603,-460.60645,1314.4745
647.0432,-419.76514,1194.711
639.8195,-445.70813,1213.5791
630.37103,-504.7537,1216.8567
610.98425,-561.5885,1211.5535
584.548,-597.33704,1189.7214
578.37256,-628.7785,1150.2853
597.69275,-646.52563,1113.5625
604.20514,-650.10284,1111.4124
609.053,-657.49194,1117.7783
611.43445,-661.3651,1124.4329
612.06433,-663.35895,1129.9376
611.6581,-664.39716,1134.3115
610.78986,-664.94684,1137.7727
609.7972,-665.2426,1140.5176
608.8442,-665.4045,1142.6985
607.99567,-665.4949,1144.4323
607.2642,-665.54694,1145.8081
606.6314,-665.57916,1146.8901
606.1253,-665.5978,1147.7614
605.7202,-665.60876,1148.4609
605.39594,-665.6154,1149.0217
605.1362,-665.6195,1149.471
604.9283,-665.6221,1149.8307
604.7618,-665.6239,1150.1184
604.6284,-665.6251,1150.3486
604.52167,-665.62604,1150.5327
604.4363,-665.6267,1150.68
604.3679,-665.6273,1150.7979
604.3132,-665.6278,1150.892
604.2694,-665.6283,1150.9674
604.2344,-665.62866,1151.0277
604.2063,-665.62915,1151.0758
604.1839,-665.6295,1151.1145
604.16595,-665.6299,1151.1453
604.15155,-665.63025,1151.1699
604.14014,-665.6306,1151.1896
604.131,-665.631,1151.2053
604.1236,-665.6314,1151.2179
604.11774,-665.6318,1151.2279
604.11304,-665.6322,1151.2361
604.10925,-665.63257,1151.2424
604.1062,-665.6329,1151.2476
604.1038,-665.63324,1151.2516
604.10187,-665.63367,1151.2548
604.10034,-665.63403,1151.2574
604.0991,-665.6344,1151.2594
604.09814,-665.63477,1151.2611
604.09735,-665.63513,1151.2623
604.0967,-665.6355,1151.2633
604.0962,-665.63586,1151.2643
604.0958,-665.6362,1151.2648
604.09546,-665.6366,1151.2654
604.0952,-665.63696,1151.2656
604.09503,-665.6373,1151.2659
604.09485,-665.6377,1151.2662
604.0947,-665.6381,1151.2664
604.0946,-665.6384,1151.2665
604.09454,-665.6388,1151.2665
604.0944,-665.63916,1151.2665
604.0944,-665.6396,1151.2666
604.09436,-665.63995,1151.2666
604.0943,-665.6403,1151.2666
604.0943,-665.6407,1151.2665
604.09424,-665.6411,1151.2665
604.09424,-665.6415,1151.2665
604.09424,-665.64185,1151.2664
604.09424,-665.6422,1151.2664
604.09424,-665.6426,1151.2662
604.0942,-665.64294,1151.2662
604.0942,-665.6433,1151.2662
604.0942,-665.6437,1151.2661
604.0942,-665.64404,1151.2661
604.0942,-665.6444,1151.266
604.0942,-665.6448,1151.266
604.0942,-665.64514,1151.2659
604.0942,-665.6455,1151.2657
604.0942,-665.6459,1151.2657
604.0942,-665.64624,1151.2656
604.0942,-665.6466,1151.2656
604.0942,-665.64703,1151.2655
604.0942,-665.6474,1151.2654
604.0942,-665.64777,1151.2654
604.0942,-665.64813,1151.2653
604.0942,-665.6485,1151.2653
604.0942,-665.64886,1151.2651
604.0942,-665.64923,1151.265
604.0942,-665.6496,1151.265
604.0942,-665.65,1151.2649
604.0942,-665.6504,1151.2649
604.0942,-665.65076,1151.2648
604.0942,-665.6511,1151.2646
604.0942,-665.6515,1151.2646
604.0942,-665.65186,1151.2645
604.0942,-665.6522,1151.2645
604.0942,-665.6526,1151.2644
604.0942,-665.65295,1151.2643
604.0942,-665.6533,1151.2643
604.0942,-665.6537,1151.2642
405.93906,-455.20087,717.7472
310.61636,-370.57562,654.8114
274.77322,-283.67197,597.2089
257.3547,-235.31877,601.28503
203.99092,-214.1756,730.0406
246.94559,-177.3389,668.7222
249.63406,-195.7851,620.58923
293.64603,-201.02945,610.25525
258.2514,-184.04047,591.58307
304.1399,-310.37845,767.8023
268.2285,-483.16843,695.23376
195.49695,-446.438,710.543
294.3171,-545.44434,695.2567
297.96362,-556.04736,687.7307
304.42267,-560.5723,687.30927
311.91956,-561.7991,691.2282
316.6957,-509.16574,659.9642
320.14362,-481.94852,652.5043
325.76624,-468.3836,652.3757
332.0937,-460.8878,657.06104
339.84018,-456.7119,662.7773
348.82584,-453.66208,670.18085
394.0274,-455.75073,669.1287
364.732,-449.12854,683.53845
379.77576,-443.62057,699.1183
429.94666,-447.3936,686.4938
410.36017,-226.73692,613.8361
443.45117,-114.854706,613.82184
460.74332,-61.34604,607.0317
467.51624,-35.97113,596.03503
595.1355,-42.811615,1040.1838
585.0977,-243.54666,1053.58
590.4903,-297.8966,1039.5682
596.3684,-318.48456,1024.7374
598.36414,-327.5882,1014.7733
597.9533,-331.90723,1008.4846
596.4617,-334.03244,1004.5296
594.6386,-335.10062,1001.9927
592.84735,-335.64508,1000.31683
591.24036,-335.92468,999.1766
589.8655,-336.06665,998.38477
588.71747,-336.1396,997.8163
587.7923,-336.1501,997.46954
587.032,-336.15698,997.1894
586.4127,-336.16156,996.96564
585.91156,-336.1646,996.7884
585.5075,-336.1666,996.6481
585.1825,-336.1679,996.53723
584.9215,-336.16882,996.44946
584.7122,-336.16953,996.38
584.5444,-336.16998,996.32495
584.4099,-336.17038,996.28107
584.30237,-336.17065,996.2462
584.2162,-336.17093,996.2185
584.14716,-336.17114,996.1965
584.092,-336.17133,996.17883
584.0478,-336.17145,996.1648
584.01245,-336.17166,996.1536
583.9842,-336.1718,996.14465
583.96155,-336.172,996.13745
583.9435,-336.17218,996.1318
583.929,-336.1723,996.1272
583.9174,-336.1725,996.12354
583.90814,-336.1726,996.1206
583.90076,-336.1728,996.1182
583.89484,-336.17294,996.1164
583.8901,-336.1731,996.11487
583.8863,-336.17325,996.11365
583.8833,-336.1734,996.1127
583.88086,-336.17355,996.11194
583.87897,-336.1737,996.11127
583.87744,-336.1739,996.1108
583.8762,-336.174,996.1104
583.8752,-336.1742,996.11005
583.87445,-336.17435,996.10974
583.87384,-336.1745,996.10956
583.8733,-336.17465,996.1094
583.873,-336.1748,996.10925
583.8726,-336.17496,996.10913
583.8724,-336.1751,996.109
583.87225,-336.1753,996.10895
583.8721,-336.1754,996.1088
583.87195,-336.1756,996.1088
583.8719,-336.17572,996.10876
583.8718,-336.1759,996.10876
583.8717,-336.17606,996.10864
583.87177,-336.1762,996.10864
583.8717,-336.17636,996.10864
583.87164,-336.1765,996.10864
583.8717,-336.1767,996.1086
583.87164,-336.17682,996.1085
583.87164,-336.17697,996.1085
583.8717,-336.17712,996.1085
583.8717,-336.1773,996.10846
583.8717,-336.17746,996.10846
583.8717,-336.1776,996.10846
583.8717,-336.17776,996.1084
583.8717,-336.17792,996.1084
583.87177,-336.17807,996.1084
583.87177,-336.17822,996.1084
583.87177,-336.1784,996.10834
583.8718,-336.17856,996.10834
583.8718,-336.1787,996.10834
583.8718,-336.17886,996.10834
583.8718,-336.17902,996.1083
583.8719,-336.17914,996.1083
583.8719,-336.17932,996.1083
583.8719,-336.17947,996.1082
583.87195,-336.17963,996.1082
583.87195,-336.1798,996.1082
583.87195,-336.17993,996.1082
583.872,-336.1801,996.10815
583.872,-336.18024,996.10815
583.872,-336.18042,996.10815
583.8721,-336.18054,996.10815
583.8721,-336.18073,996.1081
583.8721,-336.18088,996.1081
583.87213,-336.18103,996.1081
583.87213,-336.1812,996.1081
583.87213,-336.18134,996.10803
583.8722,-336.18152,996.10803
583.8722,-336.18164,996.10803
583.8722,-336.18182,996.108
583.87225,-336.18195,996.108
583.87225,-336.18213,996.108
583.87225,-336.1823,996.108
583.8723,-336.18243,996.1079
583.8723,-336.1826,996.1079
583.8723,-336.18274,996.1079
583.8724,-336.18292,996.1079
583.8724,-336.18304,996.10785
583.8724,-336.18323,996.10785
583.87244,-336.18338,996.10785
583.87244,-336.18353,996.1078
583.87244,-336.1837,996.1078
583.8725,-336.18384,996.1078
583.8725,-336.18402,996.1078
583.8725,-336.18414,996.1077
583.87256,-336.18433,996.1077
583.87256,-336.18445,996.1077
583.87256,-336.18463,996.1077
583.8726,-336.18475,996.10767
583.8726,-336.18494,996.10767
583.8726,-336.1851,996.10767
583.8727,-336.18524,996.10767
583.8727,-336.18542,996.1076
583.8727,-336.18555,996.1076
583.8727,-336.18573,996.1076
583.87274,-336.18585,996.10754
583.87274,-336.18604,996.10754
583.87274,-336.18616,996.10754
583.8728,-336.18634,996.10754
583.8728,-336.1865,996.1075
583.8728,-336.18665,996.1075
583.87286,-336.18683,996.1075
583.87286,-336.18695,996.1075
583.87286,-336.1871,996.1074
583.8729,-336.18726,996.1074
583.8729,-336.18744,996.1074
583.8729,-336.18756,996.1074
583.873,-336.18774,996.10736
583.873,-336.18793,996.10736
583.873,-336.18805,996.10736
583.87305,-336.1882,996.1073
583.87305,-336.18835,996.1073
583.87305,-336.18854,996.1073
583.8731,-336.18866,996.1073
583.8731,-336.18884,996.10724
583.8731,-336.18896,996.10724
583.87317,-336.18915,996.10724
583.87317,-336.1893,996.10724
583.87317,-336.18945,996.1072
583.8732,-336.1896,996.1072
583.8732,-336.18976,996.1072
583.8732,-336.18994,996.1072
583.8733,-336.19006,996.1071
583.8733,-336.19025,996.1071
583.8733,-336.19037,996.1071
583.87335,-336.19055,996.10706
583.87335,-336.1907,996.10706
583.87335,-336.19086,996.10706
583.8734,-336.191,996.10706
583.8734,-336.19116,996.107
583.8734,-336.1913,996.107
583.8734,-336.19147,996.107
583.8735,-336.19162,996.107
583.8735,-336.19177,996.10693
583.8735,-336.19196,996.10693
583.87354,-336.1921,996.10693
583.87354,-336.19226,996.10693
583.87354,-336.1924,996.1069
583.8736,-336.19257,996.1069
583.8736,-336.19272,996.1069
583.8736,-336.19287,996.1068
583.87366,-336.19302,996.1068
583.87366,-336.19318,996.1068
583.87366,-336.19336,996.1068
583.8737,-336.1935,996.10675
583.8737,-336.19366,996.10675
583.8737,-336.1938,996.10675
583.8738,-336.19397,996.10675
583.8738,-336.19412,996.1067
583.8738,-336.19427,996.1067
583.87384,-336.19443,996.1067
583.87384,-336.19458,996.1066
583.87384,-336.19476,996.1066
583.8739,-336.1949,996.1066
583.8739,-336.19507,996.1066
583.8739,-336.19522,996.10657
583.87396,-336.19537,996.10657
583.87396,-336.19553,996.10657
583.87396,-336.19568,996.10657
583.874,-336.19583,996.1065
583.874,-336.19598,996.1065
583.874,-336.19614,996.1065
583.8741,-336.1963,996.1065
583.8741,-336.19647,996.10645
583.8741,-336.19662,996.10645
583.87415,-336.19678,996.10645
583.87415,-336.19693,996.1064
583.87415,-336.19708,996.1064
583.8742,-336.19724,996.1064
583.8742,-336.1974,996.1064
583.8742,-336.19754,996.1063
583.87427,-336.1977,996.1063
583.87427,-336.19788,996.1063
583.87427,-336.19803,996.1063
583.87427,-336.19818,996.10626
583.8743,-336.1983,996.10626
583.8743,-336.1985,996.10626
583.8743,-336.19864,996.10626
583.8744,-336.1988,996.1062
583.8744,-336.19897,996.1062
583.8744,-336.19913,996.1062
583.87445,-336.19928,996.10614
583.87445,-336.1994,996.10614
583.87445,-336.1996,996.10614
583.8745,-336.19974,996.10614
583.8745,-336.1999,996.1061
583.8745,-336.20004,996.1061
583.8746,-336.2002,996.1061
583.8746,-336.20038,996.1061
583.8746,-336.2005,996.106
583.87463,-336.20068,996.106
583.87463,-336.2008,996.106
583.87463,-336.201,996.10596
583.8747,-336.20114,996.10596
583.8747,-336.2013,996.10596
583.8747,-336.20145,996.10596
583.87476,-336.2016,996.1059
583.87476,-336.20175,996.1059
583.87476,-336.2019,996.1059
583.8748,-336.2021,996.1059
583.8748,-336.2022,996.10583
583.8748,-336.2024,996.10583
583.8749,-336.2025,996.10583
583.8749,-336.2027,996.10583
583.8749,-336.20282,996.1058
583.87494,-336.203,996.1058
583.87494,-336.20316,996.1058
583.87494,-336.2033,996.1057
583.875,-336.2035,996.1057
583.875,-336.2036,996.1057
583.875,-336.2038,996.1057
583.875,-336.20392,996.10565
583.87506,-336.2041,996.10565
583.87506,-336.20422,996.10565
583.8751,-336.2044,996.10565
583.8751,-336.2046,996.1056
583.8751,-336.2047,996.1056
583.8751,-336.2049,996.1056
583.8752,-336.20502,996.1056
583.8752,-336.2052,996.1055
583.8752,-336.20532,996.1055
583.87524,-336.2055,996.1055
583.87524,-336.20563,996.10547
583.87524,-336.2058,996.10547
583.8753,-336.206,996.10547
583.8753,-336.20612,996.10547
583.8753,-336.20627,996.1054
583.87537,-336.20642,996.1054
583.87537,-336.2066,996.1054
583.87537,-336.20673,996.1054
583.8754,-336.2069,996.10535
583.8754,-336.20703,996.10535
583.8754,-336.2072,996.10535
583.8755,-336.20737,996.10535
583.8755,-336.20752,996.1053
583.8755,-336.20767,996.1053
583.87555,-336.20782,996.1053
583.87555,-336.208,996.1052
583.87555,-336.20813,996.1052
583.8756,-336.2083,996.1052
583.8756,-336.20844,996.1052
583.8756,-336.20862,996.10516
583.8757,-336.20877,996.10516
583.8757,-336.20892,996.10516
583.8757,-336.2091,996.10516
583.87573,-336.20923,996.1051
583.87573,-336.2094,996.1051
583.87573,-336.20953,996.1051
583.8758,-336.20972,996.1051
583.8758,-336.20987,996.10504
583.8758,-336.21002,996.10504
583.87585,-336.21017,996.10504
583.87585,-336.21033,996.105
583.87585,-336.2105,996.105
583.87585,-336.21063,996.105
583.8759,-336.2108,996.105
583.8759,-336.21094,996.1049
583.8759,-336.21112,996.1049
583.876,-336.21127,996.1049
583.876,-336.21143,996.1049
583.876,-336.2116,996.10486
583.87604,-336.21173,996.10486
583.87604,-336.21188,996.10486
583.87604,-336.21204,996.1048
583.8761,-336.2122,996.1048
583.8761,-336.21234,996.1048
583.8761,-336.21252,996.1048
583.87616,-336.21268,996.10474
583.87616,-336.21283,996.10474
583.87616,-336.21295,996.10474
583.8762,-336.21313,996.10474
583.8762,-336.2133,996.1047
583.8762,-336.21344,996.1047
583.8763,-336.2136,996.1047
583.8763,-336.21375,996.1047
583.8763,-336.21393,996.1046
583.87634,-336.21405,996.1046
583.87634,-336.21423,996.1046
583.87634,-336.21436,996.10455
583.8764,-336.21454,996.10455
