-110.37892,281.63077,2765.0576
-110.0795,279.8334,2760.3384
-108.535614,278.29663,2748.1082
-109.73206,277.79572,2743.2332
-113.38863,278.76437,2736.1624
-116.23642,280.56787,2728.3071
-128.98178,280.55728,2717.7383
-134.81273,279.03986,2704.391
-142.1655,280.69962,2695.1099
-151.80496,282.46106,2679.7432
-162.14929,290.5968,2656.436
-174.9646,284.3253,2645.1384
-192.59412,277.16248,2638.3716
-206.03535,276.19092,2626.9534
-213.90533,278.5608,2620.2156
-221.12321,283.97766,2603.0872
-228.591,288.64566,2595.3477
-237.85168,296.95462,2582.7393
-246.83824,298.91687,2577.2139
-263.08163,296.509,2568.2888
-271.2005,294.20944,2561.7876
-285.13385,299.4176,2553.9563
-292.22095,303.55194,2549.129
-295.7576,303.5078,2550.1494
-303.7231,303.0822,2544.0784
-308.2706,299.53168,2542.6902
-312.2447,300.16504,2535.6304
-321.0754,295.87894,2525.2134
-324.55005,294.36395,2523.6787
-322.57852,296.41037,2505.398
-322.09534,296.77316,2494.803
-317.30682,299.1821,2487.9006
-315.32684,295.89178,2488.4905
-309.7479,297.98636,2482.748
-304.4993,296.49475,2481.306
-304.98093,291.37268,2484.8782
-299.7655,292.40805,2479.9866
-293.69104,292.4342,2475.843
-282.77283,295.81476,2464.452
-280.50818,297.7216,2466.2424
-271.97943,297.97513,2463.8342
-273.082,295.93854,2465.4592
-266.87164,297.2485,2459.8796
-260.62402,297.14587,2458.7476
-263.39642,294.51953,2460.4985
-257.82394,292.29886,2457.9377
-252.14314,294.88098,2456.8635
-249.88367,294.415,2456.1687
-245.73393,291.61835,2455.6377
-243.05374,292.07904,2457.9019
-239.8711,293.13516,2458.206
-237.17506,293.8147,2457.6785
-234.95563,295.00537,2457.9893
-229.05103,294.9041,2463.3394
-225.83946,295.3578,2466.4294
-225.97014,295.2405,2471.2468
-229.94838,295.04398,2472.222
-230.1247,293.7893,2476.8525
-234.5613,295.6656,2481.9868
-237.75916,298.02817,2488.0706
-243.80534,296.3463,2496.0718
-253.9696,295.73694,2497.84
-261.2518,296.79132,2499.5562
-273.024,299.70636,2504.3103
-278.8341,299.4478,2519.0486
-287.5391,297.4583,2532.7986
-293.86624,298.07507,2541.3198
-306.93033,299.09174,2547.6108
-310.32925,297.20386,2549.1765
-310.1662,295.35822,2557.5288
-308.3273,298.06244,2573.8174
-305.1289,299.27597,2577.822
-299.13187,302.1502,2586.3623
-286.30762,296.09583,2594.7947
-280.78857,290.38782,2610.417
-276.86533,286.4531,2621.1555
-295.73233,271.14526,2632.3967
-285.18997,271.9475,2636.0183
-262.01056,273.30035,2649.6094
-254.29997,270.81766,2659.9292
-233.30617,271.42337,2674.806
-226.27887,269.1511,2688.369
-223.73257,267.77505,2693.1829
-218.3007,267.90573,2700.063
-204.67026,268.40482,2709.516
-192.86046,270.49533,2733.2
-180.23819,276.6341,2752.4133
-177.80716,277.75134,2770.9414
-175.9196,273.4198,2780.8142
-174.4831,269.28445,2782.173
-171.96933,267.23157,2786.8147
-169.97826,267.46954,2789.2588
-165.63293,273.398,2805.7947
-168.91795,272.20316,2810.0288
-174.5207,273.7916,2815.0642
-177.63054,274.57654,2822.0977
-179.56844,270.77124,2829.5164
-181.36621,271.71848,2840.6514
-182.81198,272.60168,2853.3325
-191.66922,268.30145,2868.1912
-198.96106,268.7574,2871.9436
-204.51831,269.07626,2874.6707
-218.22263,269.2619,2883.6465
-236.49184,270.23535,2894.7505
-241.85901,270.94974,2894.0496
-248.62065,272.21436,2893.3389
-273.92114,265.26,2902.7542
-286.37805,260.8984,2907.283
-292.20917,260.82358,2912.6892
-297.56158,258.1221,2914.6987
-303.5903,259.93164,2921.523
-314.08682,254.13962,2934.677
-319.38748,251.09714,2936.244
-330.5899,243.15987,2937.5784
-324.6151,245.11827,2930.5364
-324.27884,245.30661,2929.1128
-329.20508,241.80496,2936.2183
-337.60327,234.94943,2954.7817
-339.8459,225.92693,2952.6035
-340.22656,223.37437,2947.7869
-337.52744,228.48164,2944.5833
-337.21045,222.03214,2946.725
-335.7135,223.07169,2946.598
-333.91162,224.95656,2944.8677
-331.52658,221.29411,2942.3542
-304.2656,229.45,2929.7986
-294.0537,233.98798,2920.8743
-295.92334,230.44334,2924.8242
-288.79953,225.70226,2924.59
-277.65402,215.53654,2939.1904
-269.72284,210.4486,2946.2356
-262.92038,211.31657,2948.4597
-253.8536,211.1236,2951.1226
-234.98637,215.78539,2953.9885
-223.85071,218.4697,2952.3096
-215.63786,228.76093,2949.5789
-206.08798,235.54408,2945.467
-193.86168,248.86046,2936.8147
-187.15776,255.6426,2932.0784
-191.56783,250.88538,2939.8877
-193.1957,258.36053,2939.8787
-192.93042,252.37915,2942.9465
-191.06905,250.14859,2944.0518
-190.03348,249.17348,2943.428
-191.10957,246.86533,2945.4255
-199.63571,247.53601,2956.7666
-207.00879,243.88187,2959.2754
-201.4055,248.11281,2956.1
-206.9952,247.3083,2958.3125
-205.7614,242.6511,2957.121
-206.55905,241.09183,2956.5115
-213.76334,236.92561,2954.5193
-218.22548,234.19794,2949.555
-230.03792,232.98158,2942.146
-227.9089,238.29141,2947.736
-227.76064,239.14963,2948.4128
-237.5652,243.04822,2942.0056
-246.02617,242.75003,2942.5352
-252.21286,239.5484,2939.3433
-265.55466,239.55244,2940.982
-263.36768,239.07008,2938.6982
-263.41235,238.71263,2936.4802
-264.49515,241.56316,2935.8945
-269.54306,239.75668,2932.6604
-273.4948,242.33144,2935.0046
-276.4252,249.646,2930.4922
-284.39838,247.41937,2929.1135
-289.8241,245.84802,2926.781
-301.09616,249.50574,2923.4248
-299.41006,249.84271,2922.2327
-299.5037,250.45984,2922.5547
-301.55475,248.16028,2922.4148
-307.19125,247.63943,2922.9243
-310.79733,246.12979,2921.0964
-313.14728,246.24796,2920.4314
-305.42972,232.14717,2919.5928
-310.84293,236.5184,2918.8179
-317.89218,235.535,2914.6038
-320.54733,235.49176,2911.8667
-324.80707,234.7763,2909.603
-324.3424,235.67929,2910.0854
-327.44333,232.98141,2908.1897
-326.84433,235.18372,2903.7498
-320.8919,238.38947,2904.3955
-320.32605,245.69081,2904.5417
-319.41467,242.948,2903.7715
-316.0538,242.19336,2903.4019
-309.15634,244.17409,2903.606
-304.6896,241.35681,2905.5906
-301.79636,239.86374,2906.2014
-293.1972,238.81146,2908.6328
-286.11493,234.33221,2909.1484
-281.0631,232.42944,2906.3945
-277.3159,234.31354,2905.217
-276.0592,244.90118,2924.2158
-275.73355,243.28397,2916.8062
-271.3243,243.73582,2916.0417
-268.57623,244.76367,2916.258
-268.0772,245.52324,2914.724
-267.9382,252.59691,2912.6519
-268.16318,256.09763,2909.8047
-269.55933,261.17374,2912.4456
-270.6082,261.53983,2911.204
-272.80945,262.17517,2910.0537
-274.64645,262.11185,2912.0796
-279.42075,261.9282,2909.4253
-284.27475,263.29132,2915.3616
-288.3625,264.95105,2918.5896
-286.9264,270.44034,2922.768
-285.71982,274.73212,2922.5762
-289.75873,279.1767,2922.3464
-298.866,296.021,2925.0808
-298.4816,297.1537,2919.8357
-304.02927,296.60083,2922.3381
-308.17856,297.10376,2918.1729
-310.7035,297.665,2918.9377
-314.17938,299.15353,2919.1685
-313.70502,296.62836,2919.9417
-313.29834,297.53497,2917.66
-311.98093,307.2923,2896.2175
-314.0744,304.0294,2899.7312
-315.25772,303.20755,2902.6584
-316.2399,302.48834,2903.5962
-317.0598,300.1186,2906.3428
-317.97794,301.78162,2904.5227
-317.26266,303.88776,2904.2878
-312.48694,305.7957,2895.7422
-313.32898,303.90106,2893.6497
-313.20312,304.1553,2894.847
-312.70242,303.6538,2893.7744
-312.55588,304.18134,2893.027
-311.5515,304.19586,2896.1738
-310.60834,302.94476,2897.3164
-307.31036,301.06332,2892.8262
-303.9118,304.51486,2890.1404
-299.06955,307.1139,2882.8186
-299.20062,303.79083,2882.208
-295.71127,305.8625,2872.3896
-294.37637,306.13684,2868.9111
-291.706,307.90656,2860.826
-287.3014,305.98254,2858.4133
-288.0328,296.9489,2822.2559
-265.54196,322.8434,2811.0588
-249.99207,339.89252,2808.9785
-239.16162,347.5671,2803.6423
-229.61926,352.6877,2801.303
-222.35571,355.85236,2800.2422
-216.04482,353.276,2793.371
-208.21173,351.63318,2791.886
-199.246,352.43414,2788.067
-191.7202,348.46542,2782.2415
-185.63974,340.22327,2774.4658
-178.91592,335.1236,2767.61
-170.44055,333.2855,2762.2102
-162.29166,333.40054,2758.0828
-150.71411,338.46588,2758.4763
-144.22324,338.43723,2758.748
-136.11969,339.89636,2757.4272
-130.83293,332.61853,2752.6033
-122.86439,325.88892,2748.9512
-111.76784,324.51602,2749.1255
-106.70014,319.81488,2745.7383
-98.11062,317.79874,2745.2256
-91.46212,313.56784,2743.5093
-80.463356,311.93396,2745.1904
-73.09075,308.59085,2741.2837
-65.2332,305.27106,2740.0173
-58.227097,298.82324,2740.2178
-49.022354,296.7388,2743.2007
-41.26603,294.67383,2744.5715
-32.80964,291.6391,2745.4788
-26.514908,289.37506,2745.8687
-20.19426,284.27878,2745.441
-13.379051,281.27118,2745.4255
-7.672806,276.98773,2746.5107
-2.8025284,271.87915,2746.9841
1.796257,267.87238,2747.1843
7.4247055,265.5393,2746.1885
6.5836945,258.763,2744.51
12.18959,260.13718,2744.4353
12.59848,257.79153,2741.7585
14.684502,252.11731,2740.9624
22.792076,249.6011,2741.861
25.50373,245.76161,2740.0815
28.620987,245.45535,2738.8872
36.632423,244.8392,2740.8083
38.62567,242.15454,2738.33
43.266357,241.79732,2736.7766
44.95465,238.8982,2732.318
50.958862,236.07333,2731.6838
58.857155,234.62799,2729.7278
67.6704,231.8791,2727.875
73.00555,230.91472,2725.2258
81.25361,228.63411,2722.7205
93.95875,227.1595,2723.5864
105.24382,223.77626,2723.3264
116.73396,222.22974,2723.8696
127.720726,221.37404,2725.2034
140.26285,222.30405,2726.8538
149.44568,225.23422,2726.6208
157.57642,230.41089,2732.1252
166.87459,229.67451,2735.0767
175.66312,231.88535,2736.25
183.9224,233.76541,2738.0024
190.22847,235.53885,2738.5652
193.73071,233.17903,2737.8215
195.56787,233.29102,2737.2986
199.16534,235.87689,2735.6714
200.87865,237.96523,2736.306
201.32932,241.28287,2736.9832
201.10175,244.74017,2738.9146
198.78865,248.3544,2740.1772
194.9011,250.35464,2738.6624
189.11253,245.70619,2737.6438
183.36374,248.83784,2745.2344
175.65521,254.80826,2751.7927
167.94293,256.0754,2754.3892
161.03763,262.984,2762.6025
150.78392,269.27866,2766.8787
140.97374,273.412,2771.085
130.80043,279.2071,2776.5894
120.96752,288.747,2785.8154
112.528305,294.54126,2793.4795
104.31821,299.60938,2800.491
97.74422,302.76578,2808.8296
92.023346,303.26804,2820.5278
87.58008,305.06134,2829.99
81.59555,307.79993,2837.348
77.62999,306.55365,2842.9438
75.75749,307.0583,2852.9382
73.201,305.0644,2859.7917
72.90561,302.32523,2865.088
72.6379,300.54828,2872.3801
73.132645,295.95056,2876.7454
72.82208,290.25955,2879.2566
72.90344,281.47803,2882.5293
73.35797,272.86954,2886.6282
73.91136,265.36594,2891.1943
74.444916,257.13367,2893.1753
72.7358,250.86775,2894.215
69.604485,243.41335,2898.8018
65.50954,237.39003,2903.1812
61.75107,231.98096,2908.8
57.16001,222.81587,2910.6665
52.176086,213.7675,2912.7756
46.7866,206.34857,2911.926
40.070095,198.22415,2908.5964
33.69523,190.73268,2906.102
26.361166,181.89809,2909.4343
19.240435,173.02881,2906.4868
11.605576,166.16318,2902.766
4.7040577,157.07065,2901.9868
-1.5926819,150.98062,2897.5303
-7.724682,142.57138,2893.1604
-15.7818985,136.02055,2886.9363
-21.28564,131.55954,2881.1733
-26.110748,125.233734,2874.735
-34.516212,120.35278,2871.697
-43.57968,113.28235,2866.9385
-51.861664,107.796196,2863.3115
-59.707058,103.08954,2864.6594
-67.49471,96.34683,2861.3464
-74.801544,89.29181,2858.3132
-81.798386,82.59425,2854.6697
-88.99599,74.03229,2849.1006
-95.81882,64.35077,2846.6584
-102.53336,56.48494,2843.962
-108.606476,47.815506,2838.714
-112.5318,35.02356,2826.5247
-117.610985,24.858856,2819.085
-121.39794,13.910034,2809.6428
-124.72002,1.6681519,2802.2717
-129.34663,-10.886475,2797.02
-136.1492,-20.236618,2794.4236
-138.96094,-31.168716,2789.2273
-140.80585,-43.557922,2787.0627
-144.57175,-55.1519,2785.7412
-148.06299,-63.645523,2783.4854
-150.96782,-72.555664,2786.0645
-153.11984,-80.29816,2788.2048
-154.59253,-87.614456,2792.037
-154.60437,-98.788574,2799.7964
-154.32794,-107.15976,2807.6948
-156.27588,-110.64003,2816.207
-153.70988,-115.54408,2827.2778
-151.68718,-118.10396,2841.1653
-149.31589,-117.755356,2855.9993
-144.98358,-117.87349,2866.9458
-140.15506,-115.08722,2883.1497
-138.49365,-109.68498,2890.2686
-136.98267,-106.22807,2894.957
-133.8043,-89.21956,2911.799
-129.56033,-79.744675,2923.9634
-116.772575,-68.09714,2932.6343
-102.7714,-54.291733,2941.695
-74.055595,-35.395874,2946.231
-60.68916,-28.413773,2948.604
-45.979645,-16.309845,2948.6887
-33.507042,1.1831665,2943.5562
-28.512543,7.4240265,2945.8052
-23.622398,16.991638,2940.294
-23.114197,24.410065,2938.3232
-24.44194,31.683823,2937.7583
-24.132843,41.141846,2936.0913
-24.02938,48.69394,2935.7942
-27.45417,53.86283,2931.856
-30.147003,63.52594,2925.2368
-31.114601,64.51395,2926.7036
-31.498611,66.48697,2927.6868
-32.67759,64.83594,2929.5454
-36.75686,64.8857,2925.9438
-42.249565,66.19526,2923.5466
-45.99469,65.96518,2919.1824
-55.588905,61.664604,2913.4934
-70.1645,55.259842,2903.7288
-95.32933,38.944733,2895.1323
-120.96985,24.963882,2881.3262
-133.30167,13.209473,2872.9832
-140.01816,10.073227,2857.5647
-143.6934,8.286346,2840.7493
-142.52193,1.7965393,2826.469
-143.52173,-3.5435944,2809.3904
-137.19054,-21.981339,2797.4119
-142.72354,-17.206375,2784.2139
-141.2702,-5.847336,2772.8552
-132.11664,3.2959595,2763.6985
-140.05472,3.88089,2759.7974
-147.27362,9.284363,2752.2795
-150.45079,13.079636,2748.7803
-151.43466,14.209106,2747.0588
-118.74849,41.95056,2726.0586
-95.728584,60.675667,2712.2493
-78.147,76.287926,2698.0015
-64.87545,83.13808,2686.6282
-52.787468,89.17911,2680.4614
-44.139977,89.00461,2677.609
-33.53862,88.38147,2675.872
-23.782143,88.527756,2676.3123
-14.906815,85.4324,2672.743
-10.908142,86.04863,2667.3503
0.18492126,89.41998,2662.9702
7.450386,84.18653,2660.0828
16.68541,78.11488,2659.998
27.78865,75.19889,2660.6492
34.38836,74.563805,2666.2046
42.043938,70.630226,2665.9343
49.12896,67.29374,2667.6477
52.047264,66.357956,2668.759
60.34083,64.12669,2666.507
64.640076,67.6095,2666.6667
65.044464,68.79129,2667.736
68.01415,66.496704,2670.2175
69.22102,68.20947,2670.8184
76.49178,73.186035,2670.057
79.37903,71.844604,2665.481
79.03319,74.63452,2663.9858
75.80537,78.54252,2660.7302
71.44297,83.33519,2656.289
63.387398,84.584564,2648.2148
48.1763,94.38725,2647.8342
21.816206,98.17291,2640.5205
-14.179666,100.85847,2632.7122
-50.396168,98.963715,2625.2434
-81.63638,95.321625,2620.7324
-109.804924,91.76743,2620.912
-138.82787,87.335144,2614.9434
-166.09259,84.09428,2615.2656
-190.97885,84.05185,2619.0813
-212.18893,80.98979,2623.39
-233.99417,79.60492,2636.5579
-258.29175,73.526726,2643.4658
-279.3659,72.842476,2653.9417
-298.03644,76.41866,2664.6494
-318.709,82.466965,2676.6956
-336.92856,90.62924,2687.197
-358.611,104.01601,2701.607
-377.70004,121.221,2715.276
-391.39673,136.95767,2728.5867
-400.77368,149.16713,2751.7422
-404.58838,159.2941,2775.3567
-405.23154,168.70953,2797.1133
-406.10318,174.41243,2822.0808
-390.06357,179.6539,2863.823
-387.0765,183.36441,2884.1687
-383.89642,191.44373,2893.132
-384.84448,198.4193,2902.4766
-304.70496,219.56783,2941.4297
-213.95638,226.57837,2941.122
-184.16406,242.35136,2958.7375
-159.304,254.28653,2966.6248
-129.91504,288.06363,2931.4307
-110.447365,307.12,2909.841
-95.55513,318.52734,2895.2722
-83.91769,328.24173,2877.1465
-72.87424,331.89703,2869.0422
-57.11904,332.31882,2857.3828
-43.891716,327.14917,2847.227
-29.184704,320.12988,2837.1736
-16.73733,307.11,2824.2314
-3.1208649,293.23987,2805.9692
9.964462,276.4535,2788.6604
14.123112,243.60562,2773.3064
12.770599,217.98643,2763.7756
23.318195,190.84549,2749.281
32.064873,162.71039,2742.0488
38.060734,136.77174,2734.0
36.897346,113.3443,2729.9822
29.22985,101.85327,2736.5452
21.413494,93.61429,2743.0964
23.837463,78.47332,2756.1482
26.303886,70.48949,2772.561
34.234573,57.05287,2790.0408
42.820038,38.994293,2797.581
52.63819,25.857254,2810.7224
63.892174,11.361267,2822.7825
75.727936,-13.541611,2828.0466
81.80272,-26.755447,2836.099
88.51804,-39.15448,2843.259
94.50931,-51.09169,2842.1848
97.48138,-65.07999,2843.7852
100.35603,-75.02336,2843.0208
100.952324,-81.28876,2839.1196
101.42398,-85.92642,2834.0894
98.82238,-91.74698,2834.6309
95.35564,-93.8106,2831.5803
85.50612,-97.25361,2831.1577
76.84018,-98.53594,2825.6292
69.0152,-99.136475,2821.7644
56.37327,-99.22859,2818.5127
41.359695,-97.75789,2815.4883
23.423126,-97.1536,2813.4407
1.4031677,-96.134186,2811.5156
-16.311005,-89.34825,2806.3945
-34.357864,-76.50331,2797.122
-56.86389,-64.75486,2791.3296
-79.88269,-52.883064,2786.4521
-107.66812,-41.503777,2783.2905
-134.78564,-29.496445,2779.9934
-159.73126,-16.463608,2774.3489
-185.48465,-4.3351135,2770.6301
-214.95697,6.8558044,2765.7593
-239.59592,18.245255,2760.9053
-262.05118,28.740982,2755.5454
-283.25388,40.76306,2754.1465
-302.13397,55.655228,2750.877
-323.5841,84.56681,2754.4043
-343.80414,112.59142,2761.4375
-367.63953,139.66632,2766.2656
-386.7278,153.9288,2770.0315
-401.06186,157.65912,2773.5823
-412.4687,165.12088,2780.11
-422.23273,172.09283,2788.0906
-432.0921,183.26042,2794.3643
-441.1576,189.94525,2802.394
-448.1037,200.9082,2808.4485
-453.77304,208.613,2811.1174
-457.61346,217.52385,2807.1516
-460.73145,223.07698,2806.8052
-459.2377,231.44139,2801.8757
-458.20346,239.03606,2801.189
-455.64532,248.53128,2802.983
-453.09354,253.98914,2801.9102
-446.16064,262.58798,2803.6453
-442.43738,273.8732,2807.2249
-437.93146,279.8499,2801.0493
-428.75665,284.60126,2802.8555
-421.1598,294.3684,2804.346
-412.28918,298.88284,2805.6863
-419.6447,297.54984,2806.2722
-400.72324,310.2975,2811.1272
-403.53116,311.09058,2809.0325
-405.3294,307.20935,2805.564
-399.54205,297.90515,2801.3337
-396.08466,287.89288,2796.806
-384.4682,279.35556,2795.253
-365.65445,271.9867,2788.399
-352.7768,266.014,2784.0579
-341.95023,266.08173,2781.118
-271.16702,295.07767,2792.0557
-219.33144,308.2076,2791.0735
-178.39526,312.67682,2791.3762
-154.50647,313.8255,2783.9946
-133.2055,305.8148,2779.7305
-117.62651,293.47516,2775.0808
-102.716576,271.29413,2767.438
-82.39606,257.8842,2737.9795
-72.69676,247.9587,2713.5178
-64.3723,233.50786,2744.6592
-65.70271,224.14833,2785.3933
-60.637566,216.12144,2827.6365
25.823387,251.32277,2910.2664
86.395065,261.6365,2953.9536
129.69202,265.95615,2970.3662
158.60449,268.12592,2971.2507
174.56908,267.44937,2960.4211
188.18991,264.67557,2948.6309
202.20563,261.53625,2935.775
219.46552,256.83334,2921.6033
247.3476,255.38535,2899.2666
296.23553,246.22484,2864.91
325.28827,238.95572,2827.785
335.46957,246.81224,2791.2573
341.96152,243.09941,2763.7712
341.80426,243.73795,2732.1482
340.36108,247.79016,2698.9785
339.9453,248.00961,2658.51
333.23776,256.98853,2624.8738
326.53223,253.57904,2584.5974
319.10568,251.08452,2538.5498
309.36273,251.60019,2491.8052
296.7111,250.38373,2455.0996
283.8995,250.33812,2414.7446
268.64746,250.27731,2378.3088
253.13397,252.38158,2344.9673
237.2902,256.68237,2315.4944
220.84764,258.15866,2299.9521
206.09021,259.00064,2282.5552
191.42905,258.84143,2271.456
176.81622,258.96274,2261.51
160.35179,258.57828,2246.178
148.17108,259.69458,2241.9392
134.28444,265.7834,2229.1667
124.002785,268.2383,2227.4124
115.783424,269.29202,2231.8154
-67.12381,266.50208,2266.49
-154.91457,261.8119,2214.4812
-211.89099,262.15533,2230.3413
-237.27707,262.24435,2256.2803
-246.86009,264.43283,2279.6047
-250.26051,267.30923,2298.7295
-249.6998,271.0132,2309.955
-244.32187,276.12137,2324.88
-239.38632,279.18225,2340.6924
-232.79721,282.9862,2353.6223
-226.02658,284.29855,2361.157
-219.99164,284.69144,2366.8958
-209.63564,284.35165,2370.717
-199.02591,286.0863,2375.8186
-181.94102,287.93857,2385.255
-174.74658,285.15393,2393.7776
-162.71767,282.38873,2401.1587
-157.67392,279.88538,2405.1348
-153.93848,272.9261,2405.4517
-147.04114,268.47784,2410.038
-144.17699,264.21558,2415.1233
-138.2314,261.20572,2423.922
-132.46335,257.34845,2429.6301
-130.7754,248.86581,2428.1873
-130.33363,241.72836,2429.4014
-131.2474,233.0573,2429.988
-128.33626,226.56058,2430.8833
-128.28795,219.94627,2430.0684
-130.48969,213.83833,2426.0618
-122.061165,204.02708,2424.222
-122.9287,198.54779,2420.1455
-122.013245,192.68057,2422.028
-122.72609,187.12767,2427.417
-113.23858,186.31215,2441.108
-108.090836,188.3496,2452.7075
-109.43534,183.36366,2450.711
-109.58902,177.79117,2447.6624
-115.74324,178.15837,2451.5527
-116.104965,180.82455,2458.773
-114.408646,184.8068,2468.323
-117.29368,185.13016,2473.1768
-117.02869,188.32413,2478.0898
-123.91085,187.49207,2476.9492
-130.14389,187.04391,2476.5244
-141.88062,191.28975,2479.7776
-152.1911,193.2254,2479.8174
-164.82936,194.35439,2472.653
-175.31766,193.90433,2466.0652
-183.00717,193.83485,2460.9907
-192.57233,196.42824,2457.2246
-200.67668,196.40955,2449.8264
-211.02963,195.28175,2435.215
-216.60124,192.11293,2425.1987
-224.73878,191.99655,2410.2742
-230.94351,191.4448,2399.6716
-234.09714,185.47754,2379.1396
-234.69775,183.75003,2370.6833
-235.57379,181.19711,2358.3096
-232.77237,180.08804,2356.549
-229.69339,179.01018,2355.7292
-226.37387,181.584,2356.1924
-220.74234,180.0348,2349.9365
-213.9773,178.4241,2342.9136
-203.31607,174.52928,2339.8682
-191.7394,171.34406,2338.1807
-180.55804,169.85574,2340.4346
-167.74931,167.44653,2340.9736
-152.12057,165.3302,2342.0188
-135.52643,161.45789,2345.5308
-119.19945,157.16237,2347.048
-102.81787,153.16731,2353.1396
-86.09746,151.3458,2360.7554
-69.01692,149.63954,2366.38
-44.943466,144.76439,2369.307
-26.069534,141.4604,2376.2673
-9.119881,139.45262,2382.7996
8.810394,137.36446,2392.6792
27.432037,133.9992,2399.5264
46.473022,129.23804,2406.243
63.319992,124.53035,2415.4424
82.34557,120.91508,2425.2742
102.13139,116.9383,2434.625
119.52702,116.10421,2441.137
142.17361,111.6158,2448.0547
161.73837,110.95056,2453.584
178.45071,111.75175,2457.4668
193.5822,112.04506,2463.0828
208.01012,114.24165,2467.9023
226.25458,115.07297,2470.8123
243.58304,118.33754,2473.4092
257.4646,118.3127,2477.2102
268.31717,115.82939,2482.5037
279.64847,120.473145,2488.4998
294.32608,119.13262,2493.233
310.27515,121.131325,2499.1057
325.73175,124.8334,2504.7153
337.17438,127.365166,2511.6648
350.37183,127.89961,2516.6272
363.10757,125.97433,2519.4504
376.51257,125.2832,2523.2625
389.0953,120.87513,2523.746
401.31946,118.427345,2523.3936
415.07773,115.29376,2521.6248
423.82196,109.49895,2518.4495
431.0834,104.3018,2516.3083
440.62668,101.118286,2514.1372
449.86505,92.71074,2512.468
456.72974,83.4098,2506.8262
466.5458,77.39111,2502.5154
471.6705,70.41013,2496.341
476.7748,59.92743,2490.4282
481.4231,48.751114,2483.1587
483.77023,38.59433,2474.661
484.28064,27.451874,2465.35
484.5131,18.131973,2458.109
482.7621,7.083069,2447.3274
481.1532,-1.9451294,2439.2334
480.37134,-11.306534,2428.6536
474.22296,-16.981277,2422.1987
467.69385,-23.436432,2417.289
459.11084,-27.526917,2412.4463
452.1254,-31.06166,2404.9856
443.00876,-35.01857,2397.7913
431.72357,-40.240707,2390.9304
419.5067,-43.638657,2383.831
408.27887,-49.992172,2378.2144
396.48267,-54.33716,2372.5005
383.1349,-56.698776,2367.8093
368.48096,-62.197433,2363.0142
353.64172,-65.41855,2357.353
338.20877,-70.08865,2350.6187
322.27777,-73.62279,2342.8704
306.16406,-80.73256,2335.639
290.51752,-83.34575,2329.717
275.98898,-90.57071,2325.203
261.8843,-97.43021,2324.641
247.90211,-102.20996,2321.3677
232.5802,-104.62311,2323.3862
216.023,-106.62512,2326.2842
201.50519,-112.33534,2332.5862
187.14737,-113.5027,2340.412
175.37582,-115.85306,2346.6675
164.15067,-119.62973,2357.1167
152.08633,-119.35947,2365.6836
136.59872,-112.569595,2369.2295
121.51784,-107.374695,2368.8862
111.63759,-107.00853,2373.214
107.18358,-106.324554,2375.7979
98.31817,-103.451294,2376.6816
81.98541,-95.90611,2373.0234
66.4243,-87.68219,2369.8904
48.34292,-74.859955,2362.5554
28.814987,-62.1938,2349.5186
8.076622,-48.390045,2336.4275
-10.365623,-32.906662,2322.487
-30.005661,-16.561066,2308.2244
-48.934006,-0.5490875,2299.357
-68.291374,17.870468,2292.404
-86.70314,36.529877,2284.0823
-105.9926,55.343018,2278.9727
-122.65068,73.38878,2272.8284
-138.01253,92.99764,2265.4512
-149.64685,111.44481,2257.191
-160.64822,129.66534,2252.6775
-170.68953,150.051,2250.0632
-179.95558,172.06158,2250.2598
-187.08157,194.79291,2253.2805
-190.42093,213.05458,2253.4495
-195.49152,235.83446,2267.106
-196.18947,255.55194,2276.9075
-197.1431,276.31793,2286.6384
-196.17575,292.1535,2289.3608
-193.69217,308.76584,2294.3027
-188.20862,324.36102,2301.6667
-182.58368,339.75378,2313.115
-177.64328,348.09094,2317.2783
-170.61464,357.15393,2327.0837
-167.61562,367.96973,2347.277
-160.94566,377.475,2365.9382
-152.5794,383.3847,2374.4326
-144.27007,388.00116,2377.7595
-135.53946,390.45038,2380.5515
-125.66032,392.05786,2382.8691
-113.97911,392.1515,2383.2856
-103.3208,389.30396,2386.7783
-92.67078,385.89984,2405.773
-79.70022,385.41016,2425.6953
-66.560905,383.07962,2444.691
-47.895515,374.6443,2467.5342
-33.506508,365.738,2481.7983
-11.16851,356.59195,2511.8596
13.036278,346.49963,2533.22
36.70767,330.53778,2546.624
59.09736,316.19418,2564.1802
89.59697,307.723,2591.5571
117.6028,294.03003,2605.7563
149.97829,277.8756,2614.788
209.5452,255.784,2596.906
249.25714,238.57239,2584.78
275.17975,228.76915,2575.245
294.0818,215.36723,2560.8738
305.54947,203.50426,2553.7034
315.36267,197.29854,2545.77
309.36392,185.68242,2554.9666
293.9065,193.57048,2584.4485
263.89597,196.0791,2620.6401
183.67532,197.37592,2669.3188
127.44267,192.68158,2692.4065
89.785645,172.53802,2710.451
57.67221,160.91974,2717.723
43.248646,140.24098,2729.9033
31.899132,120.39557,2742.1394
22.933044,102.45249,2768.1538
15.223236,92.722305,2789.985
6.9739685,91.3308,2813.3215
-23.616379,81.1664,2826.321
-35.5403,71.9563,2854.9517
-50.69496,49.328827,2872.569
-51.3183,42.27568,2894.8079
-63.03586,34.503983,2918.8364
-73.01062,23.71492,2939.5254
-90.95909,11.563065,2966.4788
-105.59749,6.12941,2991.3245
-114.36789,-1.2627563,3020.436
-112.98444,10.512726,3064.286
-109.919556,26.642471,3117.6309
-99.34448,35.591827,3142.5286
-87.04602,46.6746,3165.0845
-81.89937,54.430916,3178.1848
-84.112595,58.031075,3201.0056
-82.461174,69.98657,3216.311
-83.983315,80.97715,3233.6108
-85.22272,86.88045,3254.7744
-92.026596,89.205414,3271.0942
-93.66797,93.96005,3277.6497
-93.49775,95.16844,3288.6587
-97.9264,100.69923,3291.5457
-100.67778,103.16666,3291.2498
-100.992615,105.84459,3285.1387
-104.61421,105.411026,3282.8496
-113.38008,99.45405,3285.3713
-125.97761,90.94774,3288.9468
-149.21358,84.33473,3295.0547
-170.4395,77.4774,3297.1484
-191.89711,60.880486,3300.147
-209.82788,59.077225,3290.9578
-234.49532,53.50255,3289.712
-234.58862,79.37158,3260.0806
-254.88354,108.29727,3230.6401
-237.98846,95.90396,3207.3896
-226.9201,86.36938,3182.5273
-247.75093,88.47996,3174.4197
-248.9706,56.146713,3174.9216
-270.53232,49.966698,3185.2322
-305.58975,47.66816,3189.1213
-311.05573,62.704468,3177.9495
-318.25928,53.827446,3171.92
-343.59094,63.058266,3158.51
-377.88565,67.09326,3143.4338
-384.9325,81.62953,3127.6584
-421.5974,103.314476,3128.2473
-441.05328,104.73839,3134.369
-462.75293,115.8412,3151.5576
-472.95117,121.94598,3158.4097
-485.53906,125.57716,3163.7588
-490.9166,130.58786,3165.7715
-501.2149,132.6134,3171.9834
-509.14975,131.21361,3169.4597
-516.1673,125.71843,3168.9553
-520.08356,129.1215,3167.0735
-519.6726,138.43404,3165.3323
-508.99118,147.40005,3157.2734
-505.82474,152.98398,3159.8525
-511.9344,152.13202,3167.6226
-508.18524,155.99747,3171.4683
-499.21796,159.62418,3168.2512
-489.7176,167.19577,3156.2742
-479.58096,169.72371,3157.3018
-497.6991,169.97496,3161.2397
-492.22107,175.11345,3162.9746
-485.37097,175.14607,3157.0376
-473.9502,177.21034,3158.5654
-462.9195,177.07971,3158.0242
-462.28958,186.4046,3160.8792
-458.5352,192.18788,3164.6086
-454.50592,193.18474,3172.248
-440.76028,191.95226,3173.9648
-431.24683,194.56242,3168.8162
-426.4381,196.42017,3174.5056
-424.54303,198.53648,3175.3433
-423.61765,202.28442,3179.214
-415.4363,196.71654,3180.5298
-407.22296,199.17511,3179.2034
-398.32443,200.11102,3179.4404
-395.99066,200.01962,3181.3735
-374.43756,192.76422,3180.38
-364.42358,191.93002,3190.8076
-356.18048,194.72404,3194.7712
-354.43405,204.0462,3206.2195
-342.07944,201.60202,3207.9768
-330.52133,204.24432,3204.7388
-309.74176,197.63882,3202.4963
-289.60187,189.0645,3201.7905
-284.1147,183.08292,3206.5078
-276.9395,184.62486,3213.0881
-263.97763,177.59866,3216.0696
-251.08313,174.44467,3218.0955
-246.88593,169.81436,3220.201
-236.55557,161.79013,3224.477
-229.88647,156.94595,3228.8008
-217.52106,148.83197,3221.744
-213.2664,146.50276,3227.2485
-207.40472,139.91533,3237.55
-200.15161,134.7015,3234.4724
-190.31041,132.35771,3233.5703
-190.61531,132.35954,3235.0667
-183.1709,128.77243,3233.6145
-181.5093,122.51625,3239.004
-176.64508,120.37602,3240.618
-180.02502,119.110535,3236.4897
-197.23557,122.66896,3235.5403
-207.87149,125.45871,3234.899
-212.32895,125.62721,3234.6318
-228.22256,128.21176,3238.973
-264.65576,142.65579,3230.7195
-279.31775,149.2863,3220.3843
-278.50397,141.7952,3220.8345
-285.25922,134.50931,3218.8582
-289.61197,125.87812,3217.4985
-287.0235,118.61095,3214.957
-261.7338,94.83536,3224.751
-254.0813,77.69229,3223.4153
-241.96439,66.25224,3227.1387
-250.82516,59.487305,3232.017
-253.405,46.96553,3231.8289
-269.49622,42.14093,3229.0715
-276.68057,34.58748,3229.9956
-289.16476,26.622025,3219.6816
-303.67365,19.081955,3213.2273
-317.91705,9.34491,3209.2087
-335.93164,1.1485443,3206.3767
-338.97928,-5.928604,3201.733
-346.18695,-16.08403,3198.1729
-362.02625,-24.86145,3187.2043
-377.87006,-35.9747,3181.311
-393.76556,-48.730545,3176.2036
-408.05984,-61.643585,3171.8855
-439.24692,-81.60959,3162.529
-461.60773,-97.52406,3156.7349
-471.03497,-108.34001,3150.0005
-445.9705,-110.70256,3156.9944
-452.60153,-118.03722,3163.2627
-466.4922,-120.23328,3170.2834
-480.14212,-128.98483,3172.1929
-491.0559,-144.46611,3176.606
-503.44128,-156.32938,3178.5361
-519.3972,-167.28105,3172.803
-522.10297,-179.06047,3175.1567
-528.896,-191.09715,3173.6924
-537.1965,-206.2965,3169.3452
-549.37463,-217.51167,3167.247
-572.79913,-243.64845,3140.9204
-589.9357,-264.7117,3136.9644
-600.5864,-276.71045,3126.0798
-612.3715,-288.7013,3119.9983
-613.3517,-293.82983,3122.3105
-614.4839,-298.72858,3130.7153
-614.5666,-294.21756,3144.8403
-622.24927,-294.77893,3142.5166
-626.253,-300.09662,3146.6235
-622.93207,-314.92758,3148.0078
-632.9597,-329.37064,3133.9048
-637.13904,-341.96918,3108.4333
-638.44604,-349.42334,3104.5637
-643.70734,-325.88385,3125.7637
-625.9374,-308.143,3147.2341
-619.5045,-296.1038,3158.7593
-620.2201,-278.92926,3162.559
-616.8865,-270.9571,3172.3289
-623.99634,-273.97336,3164.6233
-614.2598,-251.44139,3167.424
-617.2003,-230.97247,3168.5957
-612.414,-223.0198,3169.4526
-610.8503,-214.31139,3170.1162
-615.2698,-212.36601,3169.3716
-608.2943,-172.72495,3176.5242
-602.3397,-152.96248,3180.5566
-601.3217,-125.29989,3182.4717
-602.3111,-108.499,3184.0486
-605.482,-98.68101,3186.8843
-609.8851,-102.597885,3178.8132
-614.03766,-93.399826,3175.1475
-615.24084,-85.19956,3179.18
-615.26385,-76.9493,3174.6426
-627.3269,-80.236496,3171.541
-621.1968,-58.785522,3174.0322
-607.5757,-37.715378,3184.4124
-597.1309,-16.394531,3183.2556
-585.90875,1.4202423,3189.435
-563.96484,36.824158,3185.9941
-552.4524,44.519577,3192.741
-544.7287,55.647537,3196.9565
-531.8008,73.07721,3200.536
-527.6891,79.44725,3207.531
-510.4618,89.4152,3214.5708
-490.20297,97.62851,3225.5881
-505.53067,88.84215,3212.7925
-496.11072,94.494125,3219.256
-485.26978,96.732254,3221.6665
-473.58884,106.841515,3224.7896
-461.45795,117.31568,3227.6135
-447.7697,127.06024,3229.1208
-451.84872,128.65979,3223.4634
-452.8706,129.69281,3211.659
-449.77335,128.67592,3194.9543
-442.0041,135.31073,3183.6724
-434.1273,141.21707,3176.6738
-425.84134,146.84404,3169.94
-416.54355,152.66821,3161.9834
-408.06406,158.64827,3160.7273
-401.41486,162.35109,3158.2166
-394.78955,168.05038,3154.5698
-390.57413,179.24377,3152.3167
-386.934,190.00537,3149.6616
-383.81033,196.28603,3145.783
-381.964,201.98825,3135.8867
-380.1419,207.26387,3128.8179
-378.44485,208.94702,3121.4653
-376.70068,210.93085,3114.1794
-377.67654,213.09799,3108.8499
-379.31027,216.80037,3104.0005
-382.32492,218.437,3099.4973
-389.4312,219.22765,3091.9282
-394.14505,218.33441,3087.8804
-398.62784,219.36127,3084.9502
-405.5151,217.66685,3080.2664
-418.20697,223.49475,3077.582
-423.81528,222.47183,3071.8962
-432.20175,217.76936,3065.2146
-437.76175,215.18127,3058.2869
-443.7573,209.41335,3053.412
-450.2797,207.48366,3041.5396
-457.31848,202.6794,3028.6057
-462.46234,199.63348,3027.4768
-470.3281,193.55914,3020.1653
-475.87573,189.08406,3009.7295
-482.1792,186.73694,3002.8123
-489.4472,179.34555,2996.7163
-498.02774,178.42308,2992.5276
-506.2956,175.76926,2987.2407
-513.0648,176.60309,2987.705
-521.58606,175.68198,2982.1921
-528.6378,171.67154,2982.7275
-536.4086,132.38902,2958.3787
-549.06024,122.582596,2949.1636
-559.5817,114.26753,2942.9265
-564.00305,110.253654,2939.4854
-579.38116,106.10818,2940.6333
-582.4556,101.835556,2930.8005
-582.09796,97.46023,2920.067
-579.07733,99.85741,2906.8105
-579.3498,97.20485,2896.2957
-580.5084,88.608765,2886.1438
-585.0998,77.73802,2876.1963
-590.8343,61.585403,2866.1304
-595.11,43.83081,2854.0667
-598.5598,28.465683,2843.7026
-601.8526,11.58905,2835.901
-603.15753,-8.811493,2826.57
-602.31866,-33.045227,2819.962
-603.2392,-50.10785,2816.7368
-602.42194,-67.52803,2812.0122
-602.01636,-86.86249,2809.3118
-601.6335,-100.96867,2804.7334
-603.4794,-114.19278,2799.2097
-605.66736,-126.2292,2795.474
-607.01044,-141.33101,2791.239
-607.16614,-153.35387,2783.9575
-606.14594,-168.7595,2781.5913
-605.7472,-181.87296,2778.5493
-613.2595,-189.91487,2771.5903
-618.6076,-196.71237,2760.7163
-620.3422,-201.36137,2750.1582
-621.7492,-209.11209,2743.8193
-617.85596,-220.1614,2736.2476
-612.3748,-229.71835,2731.5437
-607.58813,-235.99199,2726.4668
-598.24286,-242.47151,2722.1082
-589.96375,-247.79344,2720.7178
-581.9452,-249.6519,2718.1228
-578.90015,-250.48097,2716.7683
-571.1103,-250.57295,2717.099
-566.1941,-251.08429,2717.7966
-563.82794,-249.42358,2717.3806
-566.15765,-244.36552,2715.029
-567.94257,-236.66158,2713.182
-569.49457,-228.75613,2713.337
-573.5066,-222.2834,2710.91
-577.0313,-215.68823,2710.9287
-579.05884,-209.57732,2712.3792
-584.0338,-203.06776,2714.1626
-584.70575,-200.46492,2723.9238
-584.9633,-196.10718,2730.5427
-587.0596,-187.0563,2733.9546
-591.712,-176.13608,2737.2034
-596.7764,-169.81622,2746.6968
-601.3953,-161.14066,2756.314
-607.25885,-147.32617,2768.3225
-612.08594,-132.74648,2778.3345
-617.06995,-115.76657,2788.1848
-629.11475,-93.68149,2801.8123
-638.0755,-81.00723,2814.523
-643.2393,-69.68977,2811.5078
-649.5914,-54.048935,2811.471
-662.3182,-53.10164,2809.729
-639.0163,-49.34482,2757.541
-612.2747,-37.961548,2728.5493
-585.8222,-28.01175,2735.0603
-583.6173,-4.745102,2746.3787
-586.47974,24.863327,2758.3562
-597.4384,51.08023,2764.926
-603.45746,72.54288,2777.6108
-611.8769,96.99374,2786.502
-621.7395,126.91256,2798.4612
-664.3773,162.29254,2796.1719
-683.08386,190.16815,2801.228
-679.0393,229.89206,2821.8948
-678.64026,260.3379,2842.4436
-673.63586,285.8405,2856.6072
-669.5245,306.90186,2873.3696
-661.42773,320.36234,2888.0977
-649.596,329.4139,2892.567
-637.09155,338.80682,2900.2537
-620.8409,342.09314,2902.4648
-602.31104,340.6244,2899.2737
-580.7999,339.88135,2903.5232
-561.4409,340.7103,2897.5085
-541.7324,340.78143,2891.5422
-521.0188,338.88766,2886.8452
-492.0689,330.95844,2900.4028
-464.996,327.33505,2909.2888
-436.8439,323.04846,2918.5354
-412.9738,322.09012,2910.6172
-372.22083,308.5172,2919.25
-338.87897,296.9599,2923.8674
-293.909,277.76843,2935.4292
-248.80814,250.7618,2942.5872
-196.59628,228.44371,2949.0684
-141.70354,205.80376,2941.2651
-98.94345,183.83008,2937.9316
-61.38898,165.70473,2919.0361
-47.684715,153.08588,2897.991
-18.378601,131.33292,2876.4543
21.804817,108.7887,2851.4844
59.858673,89.550026,2837.5217
92.83925,73.95643,2825.284
130.95053,63.115707,2814.47
160.8088,51.62149,2802.5823
192.63283,42.455383,2785.9595
220.48088,33.36908,2761.7888
250.14468,28.240845,2732.6619
275.08643,24.518173,2702.3684
179.88278,98.48998,2589.0017
132.40898,123.38636,2485.4666
79.12152,145.1653,2463.904
46.650314,158.22191,2473.886
28.408226,158.15303,2486.9126
19.126144,153.40833,2498.9055
14.322891,144.82016,2507.8386
9.602278,135.98209,2515.786
3.952011,126.98993,2521.7043
-1.1611943,120.07315,2532.866
-3.1907659,103.29065,2541.4128
-4.521118,87.2811,2550.8398
-5.3185368,77.752396,2557.9316
-8.795452,71.06444,2568.7407
-12.892761,65.59126,2575.892
-15.070332,53.56276,2589.879
-16.68444,47.030518,2599.8018
-16.020313,38.052094,2610.92
-14.83112,28.919937,2618.9497
-17.508564,24.524124,2627.5435
-18.958336,20.864273,2632.224
-20.27275,16.495209,2638.1318
-22.351265,13.753235,2643.6252
-26.254028,12.886993,2644.5684
-31.398987,8.967392,2640.9236
-38.064148,7.7110443,2634.9773
-47.07315,5.47258,2625.8555
-58.391327,4.4866943,2613.293
-69.97573,4.640091,2596.664
-81.51559,7.1016846,2579.1924
-99.60095,13.749817,2559.7314
-113.688705,22.49086,2543.9587
-126.47246,33.369247,2529.3005
-135.17282,45.934723,2516.7847
-138.32501,53.276306,2508.091
-137.187,58.781387,2497.2659
-131.11218,64.46942,2489.519
-128.82607,68.408554,2483.96
-126.83036,76.42291,2482.8135
-124.81968,82.5105,2488.8347
-128.13968,93.13853,2490.3894
-132.31667,102.47667,2501.303
-134.23303,108.93873,2509.3096
-135.51956,110.42657,2519.569
-132.9015,110.53271,2530.3079
-113.41028,102.48609,2538.581
-110.62686,97.36726,2549.6282
-117.73328,96.952065,2574.8916
-122.70131,94.4817,2594.6382
-132.06073,96.33919,2614.9458
-145.51706,103.14175,2630.6406
-157.83495,110.16412,2650.474
-175.17844,124.01779,2668.9854
-193.06157,131.79346,2677.8071
-212.1583,140.99567,2691.18
-236.15369,143.71744,2704.2668
-256.20593,152.26215,2726.4521
-280.81046,156.25328,2753.128
-302.1071,162.11075,2775.7585
-321.02148,162.98776,2790.6572
-346.22507,164.79808,2803.5935
-372.40665,167.44402,2820.6177
-393.51712,172.28894,2845.1414
-416.5188,175.41296,2861.8777
-438.18872,178.54611,2879.4504
-462.0261,180.27342,2892.1287
-487.8564,179.32115,2902.9253
-510.4734,185.5305,2920.8708
-532.4043,191.92215,2941.1714
-556.093,189.52737,2957.5308
-577.08167,177.85481,2964.5034
-587.5738,175.84023,2969.4534
-598.0637,167.67642,2973.5645
-600.4179,169.49077,2981.4624
-602.49945,168.62717,2988.301
-604.2313,169.93428,2999.8174
-610.2023,165.71893,3009.5916
-612.75616,164.4503,3013.7925
-617.4559,170.0279,3025.4568
-620.5955,172.62662,3031.3235
-624.78375,169.90396,3035.1125
-627.0786,167.32758,3037.33
-628.81396,170.30069,3039.1377
-631.1505,166.81741,3039.1104
-630.88727,164.00189,3039.7585
-631.6325,161.24457,3031.4875
-628.5007,160.98264,3024.9468
-627.75104,156.76291,3016.2969
-618.8527,157.83452,3009.3394
-609.8069,161.42111,3002.5322
-600.7986,161.39279,2991.7847
-588.5678,165.79666,2983.317
-574.20294,171.28592,2966.7349
-551.8336,180.37936,2955.4128
-533.8666,187.63528,2938.0317
-516.56024,201.92758,2921.538
-499.41678,206.30756,2904.2573
-470.9387,210.83525,2891.0757
-451.07758,219.7637,2877.4287
-435.97812,221.04524,2851.6606
-417.09793,227.58138,2831.6743
-399.7869,235.44574,2811.4976
-386.26968,244.88153,2795.748
-375.94247,255.39062,2780.7937
-364.24384,269.02396,2769.7217
-354.69714,280.82147,2754.514
-346.2637,293.79346,2742.27
-340.29425,296.08453,2725.2747
-337.95337,301.60565,2715.263
-336.91122,300.0989,2703.6052
-335.68185,300.172,2696.393
-334.57675,298.1282,2690.8484
-333.7973,294.76605,2686.2617
-332.31848,292.90558,2682.1252
-331.85052,290.18622,2678.5613
-331.87115,284.91125,2677.8843
-333.14624,278.8346,2677.9622
-333.37137,271.97333,2677.5593
-334.21512,263.2546,2676.272
-335.07584,258.1263,2675.9255
-335.22705,253.8606,2678.1646
-334.84573,248.79996,2681.5178
-333.1319,243.4615,2687.1423
-328.14667,242.51897,2685.3738
-321.23004,240.00584,2681.303
-315.4697,235.9122,2676.492
-308.31732,233.91443,2671.433
-298.4269,222.34158,2666.9653
-286.9206,212.50087,2663.6248
-276.4755,208.81308,2662.9956
-265.1813,205.12407,2658.5276
-255.77039,200.4988,2655.693
-250.30676,183.49638,2649.0972
-246.52307,175.79259,2649.974
-242.93433,168.45541,2647.4211
-239.85643,163.47356,2646.492
-240.1711,161.78534,2657.6567
-244.50856,161.5414,2661.154
-248.18942,164.43895,2666.2441
-252.33119,163.76825,2673.044
-249.62987,167.34157,2662.3357
-248.5315,166.25711,2656.2537
-257.1505,170.10138,2649.2263
-258.93445,172.39828,2637.3389
-260.68,167.50415,2625.887
-259.7604,162.38385,2621.5088
-242.32758,176.905,2608.8032
-230.4259,182.76654,2595.3044
-224.64404,184.29427,2587.4727
-217.50899,187.5365,2579.1926
-211.9317,187.364,2568.3179
-209.4676,186.1983,2558.4885
-206.2813,184.66539,2551.8015
-204.09846,182.80385,2545.913
-201.0523,177.89479,2543.902
-190.7372,169.22882,2542.4539
-186.07924,166.03474,2542.7485
-187.98381,163.05359,2545.04
-191.10217,160.00385,2547.0137
-191.16905,158.10303,2552.3135
-193.90111,160.24258,2560.7996
-196.00739,161.27707,2571.437
-200.38489,162.25052,2580.4888
-207.57117,163.11203,2593.207
-213.4568,163.81752,2606.0051
-220.26328,163.57675,2619.1897
-227.39339,165.88878,2634.0232
-234.48154,170.11273,2651.8728
-239.5628,176.3991,2668.1716
-249.22577,179.59448,2685.613
-258.05704,181.87196,2700.751
-265.42136,183.95752,2717.7744
-272.45352,182.92865,2735.3765
-275.8576,193.90009,2754.9578
-282.0457,196.92497,2769.2148
-283.0433,212.32494,2797.6177
-277.8869,221.3125,2810.8628
-275.36743,220.2341,2825.9683
-270.96387,217.1729,2846.8047
-272.02594,192.26575,2863.283
-269.96448,178.08813,2886.381
-268.05612,171.08241,2911.918
-265.44824,162.33673,2930.258
-258.024,158.79591,2955.2344
-247.02336,154.63358,2977.4116
-238.83286,149.98587,2995.5962
-229.91481,140.76355,3011.3765
-223.9319,134.74055,3020.2927
-217.16174,133.47269,3026.5342
-206.70062,127.92346,3029.1365
-195.5771,126.53601,3032.5134
-189.24542,128.46524,3027.2156
-180.14148,127.173874,3015.4214
-168.88031,133.05313,3004.127
-155.76744,132.71054,2983.2974
-142.68091,133.25064,2964.4473
-131.30641,138.27206,2940.9956
-118.537285,152.29901,2918.0183
-106.05724,163.01907,2893.5295
-94.43034,172.6216,2859.4668
-81.44742,183.25677,2830.4841
-70.39354,198.18462,2800.8098
-65.11259,211.47568,2765.8147
-60.25441,222.1677,2734.3108
-61.73854,229.43877,2699.679
-68.70985,240.16132,2673.7617
-80.42874,249.89388,2653.7485
-94.23991,257.80258,2639.6003
-101.864006,268.59662,2636.547
-107.03135,280.997,2634.0574
-109.69615,288.08276,2629.9634
-122.12576,299.45538,2626.0613
-130.63464,308.16882,2630.3743
-138.44745,315.92773,2631.6907
-147.12767,328.64233,2639.794
-151.236,341.09216,2655.3733
-151.4489,348.2572,2668.026
-147.55608,358.13837,2675.155
-141.04343,366.85333,2688.173
-135.09784,374.41986,2691.7117
-126.94534,379.90494,2697.1274
-118.07755,388.2047,2700.1633
-106.43652,394.7916,2701.0334
-96.47867,396.96768,2698.936
-86.95196,400.78326,2694.7942
-80.043945,404.07007,2686.139
-71.81789,407.74835,2677.3264
-62.55201,414.5876,2665.9019
-57.404022,417.25928,2651.7646
-49.511406,421.1881,2633.922
-44.312904,425.12952,2617.3677
-40.119453,427.88788,2592.728
-34.08219,431.30914,2565.8845
-28.988853,429.65207,2530.964
-20.658302,427.87628,2491.251
-11.039322,428.7741,2448.547
-0.48900604,424.9673,2409.1726
11.644745,420.50665,2372.6882
19.416359,393.33322,2329.527
34.565903,362.33896,2293.1355
52.224953,339.099,2255.4375
83.37834,310.7267,2205.5605
96.78459,286.06146,2181.7456
123.61188,264.27448,2152.2942
144.01709,238.32014,2126.3625
154.4798,209.91438,2108.617
162.74771,182.29752,2091.7825
159.05116,156.14758,2074.7222
160.72278,131.0613,2065.4226
157.1197,107.14963,2050.73
131.0648,87.24347,2033.0608
103.61761,70.39189,2025.8928
71.657585,56.09471,2015.3452
59.782837,38.233826,2010.1445
48.640278,21.039413,2009.5891
36.868458,3.4025726,2009.3573
22.747988,-12.99852,2012.7833
3.226574,-25.868378,2011.915
-17.103386,-38.54117,2012.3289
-41.109253,-47.993652,2011.5688
-66.83326,-56.865433,2012.7999
-97.06554,-60.829254,2020.7432
-127.2084,-60.192093,2034.9048
-148.32965,-65.17076,2043.7216
-163.67583,-74.61261,2053.1792
-178.1173,-82.98085,2062.2893
-187.26959,-93.09042,2072.5903
-196.00618,-99.51056,2078.7346
-203.99316,-103.84979,2082.8523
-211.42723,-108.34244,2089.8262
-216.09235,-113.21184,2092.5017
-219.77048,-117.17711,2093.8945
-221.791,-120.786606,2092.4277
-223.6075,-125.73193,2090.1409
-226.49507,-130.70137,2086.7517
-229.27698,-131.5145,2082.2869
-237.32681,-136.35493,2068.351
-242.68408,-139.4743,2056.1306
-246.57773,-138.97021,2043.9911
-248.07458,-134.97061,2034.0483
-249.43665,-132.92302,2024.4518
-250.70128,-128.42798,2015.466
-254.12874,-123.29483,2008.4348
-256.55096,-116.41278,2003.9099
-256.6035,-109.50116,1998.2488
-254.51154,-98.538055,1997.4583
-257.9151,-88.432816,1991.6096
-261.16907,-75.18796,1984.7804
-266.54614,-61.291428,1978.8602
-270.47046,-47.796417,1974.7314
-273.1463,-36.826508,1972.5117
-276.08405,-26.899673,1970.9347
-276.70172,-19.136658,1968.1453
-276.10764,-12.655609,1966.3882
-274.17178,-10.390945,1964.6443
-269.8573,-11.363205,1961.9441
-266.6246,-11.163239,1959.6831
-264.30975,-12.320175,1960.5037
-259.00058,-17.902634,1962.0369
-252.06786,-23.752945,1961.5455
-246.15025,-27.768127,1959.7832
-239.60883,-33.466415,1959.4784
-234.477,-27.670761,1957.5925
-226.72542,-24.43367,1956.158
-216.23401,-23.0941,1954.5762
-203.52069,-27.784653,1952.3839
-188.79326,-32.12271,1951.7445
-171.99712,-37.133408,1949.0986
-157.09229,-37.592163,1945.7964
-139.84085,-35.731277,1942.058
-121.250275,-32.651093,1939.2731
-101.26266,-27.96759,1936.5029
-81.91974,-21.667831,1934.2485
-59.816383,-12.7122345,1935.8406
-37.236725,-1.9856873,1935.0107
-19.438759,12.628571,1940.1127
-3.8886032,28.887161,1946.8531
10.504364,46.092773,1954.5392
25.428078,66.695404,1964.8237
34.03051,89.60962,1976.0282
38.411118,112.67071,1989.5319
42.976715,134.98836,1998.9789
44.740936,155.97531,2008.5931
47.21398,177.9523,2015.5717
44.995384,196.81036,2017.0555
44.182106,216.27492,2020.5547
45.09629,229.28952,2020.819
41.080124,241.85257,2019.9142
36.784676,251.2005,2017.1431
33.893173,260.9585,2013.9606
27.682747,265.48813,2010.3717
18.997131,266.86438,2007.8901
10.401062,266.45074,2007.8817
1.628685,258.87036,2007.6943
-8.598076,248.09943,2008.2916
-20.713097,233.93034,2009.203
-34.211792,220.61137,2012.002
-47.583324,204.3968,2012.0454
-59.93174,183.93286,2012.2648
-73.404755,167.39168,2011.0529
-88.16487,147.81885,2007.4652
-103.55903,131.57301,2006.1134
-119.922516,117.0041,2008.211
-137.85284,106.47595,2012.0426
-153.4835,94.987564,2010.596
-169.06906,80.33995,2011.2874
-184.64354,70.06294,2010.7227
-200.70912,59.796143,2009.8524
-220.74501,51.17305,2006.0442
-239.09117,45.079987,2002.768
-258.42456,41.511124,2000.4043
-277.3133,34.169968,1994.2032
-295.4502,30.407867,1988.8423
-312.23096,25.6315,1981.9751
-326.70303,22.71788,1973.7563
-341.12167,22.546646,1965.586
-354.81824,23.09639,1957.0573
-366.12686,24.231293,1947.8004
-374.99738,22.679245,1938.6749
-383.80222,23.798157,1933.6786
-391.4024,26.478241,1928.4375
-396.45367,31.958847,1923.9865
-399.0846,32.746033,1918.3523
-396.46628,32.734406,1913.9363
-395.38788,35.714523,1908.9558
-389.73053,33.696213,1905.9576
-381.92938,32.763504,1902.8309
-369.3751,31.468796,1900.3865
-357.9955,30.771378,1899.7759
-344.16705,28.234467,1897.7142
-331.65588,26.21402,1895.9308
-318.31238,23.604202,1894.31
-304.12787,21.286606,1892.8306
-291.6319,18.479156,1892.8373
-276.58173,11.013016,1889.8617
-266.01028,5.029373,1889.0714
-257.53946,-0.4550476,1890.0338
-253.98665,-5.8391876,1889.9778
-254.60446,-8.313568,1891.1163
-258.4037,-10.865295,1892.0331
-263.16412,-16.59784,1892.6106
-271.06015,-23.70723,1891.4513
-281.31488,-30.68216,1891.9929
-294.30264,-36.2462,1891.6327
-308.9733,-39.952316,1888.7866
-324.75967,-44.25615,1885.977
-343.11493,-42.566803,1883.9236
-360.988,-37.701202,1878.6428
-380.72202,-31.307007,1872.7588
-399.04065,-20.969467,1866.1871
-415.08368,-6.7595367,1858.9144
-432.8595,14.620316,1852.9265
-449.43896,35.797302,1845.4493
-464.78757,61.855804,1836.5458
-481.62927,89.8191,1828.5717
-497.13965,117.63638,1820.4652
-516.66003,155.84654,1815.6184
-533.7595,187.18118,1810.1965
-548.59875,219.21754,1804.4525
-562.18176,250.12537,1801.5374
-575.8093,281.7962,1800.1437
-585.73004,307.23975,1797.1279
-594.0614,326.6328,1793.2767
-601.8441,351.40567,1792.2196
-607.9243,369.8253,1791.5182
-610.1768,382.65482,1788.75
-612.7844,392.2256,1785.303
-616.1312,402.54578,1784.5122
-620.2136,410.35144,1784.4906
-623.94354,414.7091,1783.5963
-624.7072,419.8642,1782.2986
-623.63666,419.84186,1779.475
-621.2131,416.83734,1776.298
-618.61755,413.43607,1773.6818
-612.9696,407.3259,1769.4381
-608.23895,399.99548,1765.1727
-603.1048,393.74884,1763.8854
-595.7035,385.66434,1761.5963
-586.0136,378.398,1760.414
-577.38293,367.33014,1757.0496
-568.163,354.94415,1752.5802
-555.6409,343.48083,1751.8433
-544.36035,331.5506,1749.0781
-532.53625,317.27386,1745.9214
-520.0087,304.63348,1743.8203
-504.15753,294.3,1743.636
-487.31213,278.9844,1743.7817
-472.5095,268.26495,1740.9862
-460.03958,256.52396,1739.7549
-451.81964,244.64357,1737.1644
-442.9643,236.33812,1734.647
-431.76883,227.77562,1732.3962
-420.13623,221.63535,1730.9467
-403.70007,209.6446,1728.501
-390.23074,200.09177,1726.704
-373.1259,193.4336,1726.7585
-355.1602,187.75148,1727.7485
-339.5425,180.19733,1728.2396
-323.4623,175.38165,1730.4473
-307.36334,171.76184,1731.0402
-295.5136,167.82893,1731.8574
-282.7276,164.59799,1733.1953
-524.32416,349.02283,2088.5972
-522.0432,348.21265,2084.8396
-516.92633,346.9879,2081.9287
-513.08905,345.24536,2081.5913
-510.62985,346.4257,2089.1128
-507.04218,346.93652,2088.8455
-501.36093,346.894,2089.7488
-494.84528,347.93317,2086.801
-482.75378,343.38217,2079.5679
-472.71875,346.19617,2079.293
-460.4337,346.38724,2078.407
-439.72583,340.8163,2070.8782
-424.85352,342.50806,2069.4663
-411.25262,339.27728,2067.5728
-395.23856,337.76306,2067.0454
-374.1454,336.3806,2066.7922
-357.41327,336.88782,2069.3796
-342.40112,336.874,2072.733
-325.6388,334.2067,2074.0918
-310.67288,327.66492,2074.4548
-291.03348,323.1687,2077.526
-275.35834,322.6671,2082.82
-261.3074,321.90326,2086.1287
-250.92693,320.57074,2089.7449
-239.11359,320.6116,2095.4468
-227.5453,322.6165,2102.3984
-220.73036,320.6789,2102.4414
-209.35435,323.6239,2106.735
-198.2449,322.27637,2108.6663
-189.1511,321.4464,2110.225
-185.52473,319.24298,2109.1438
-180.9982,318.59198,2108.6702
-174.01057,317.7062,2107.797
-166.25333,320.7644,2105.775
-160.63644,325.03387,2102.8757
-153.62735,329.01807,2097.392
-150.46095,329.32474,2093.0784
-145.29192,332.8662,2087.398
-143.0345,333.2617,2078.4248
-134.3217,333.37823,2065.7952
-129.61165,330.62134,2051.4863
-119.168365,328.3759,2034.2874
-110.73179,322.66278,2015.542
-100.726746,321.8197,1996.4651
-86.87967,318.23605,1972.295
-76.183426,317.2144,1949.8616
-66.6682,319.00223,1928.0193
-59.812744,321.0699,1905.1188
-51.496857,322.38937,1881.7183
-46.733536,323.68155,1857.2434
-38.297577,325.76733,1833.8923
-32.461586,326.30524,1810.6006
-27.750729,323.81848,1787.7965
-20.364738,325.52148,1767.6592
-15.590184,325.13818,1749.5092
-8.046038,327.0903,1735.8173
-3.2963352,327.3742,1721.0624
-0.4149475,327.0984,1710.4803
2.2375193,326.90103,1700.9545
1.4426918,327.41992,1693.4126
3.75883,328.1963,1688.3398
5.6612444,327.33783,1682.4415
10.944115,324.92303,1678.3263
15.742051,324.4386,1675.5004
21.655184,322.16977,1674.1171
27.902733,322.7539,1672.0337
36.9906,324.96527,1671.332
45.605793,322.88025,1670.2308
57.698204,322.4314,1670.0879
73.11813,319.91248,1670.401
89.31827,319.52826,1672.2172
107.47697,317.83496,1672.3427
126.21559,314.50644,1670.1113
149.84457,311.35486,1666.4569
173.03056,314.05338,1662.459
197.89214,318.2321,1656.2366
226.2007,327.58292,1649.8475
252.17848,334.1499,1641.5935
278.81555,337.15308,1632.3917
304.66177,338.22064,1623.344
329.9101,338.58572,1615.5737
356.01965,339.89,1608.5027
385.22736,338.43732,1600.4978
411.82086,338.46692,1592.0176
432.62387,331.81024,1581.2355
447.08997,339.2222,1572.5088
459.35385,334.7066,1561.297
472.7723,330.55057,1549.1719
484.40652,326.05902,1530.3702
496.65714,322.6213,1516.5137
500.31662,317.90656,1497.4012
505.5568,311.46362,1477.8928
509.46893,303.59314,1459.1577
518.3006,344.09198,1462.1538
515.6105,369.19818,1452.3339
511.83096,386.45056,1448.685
503.4781,389.82098,1438.3876
489.75296,384.8624,1428.152
479.21457,380.02493,1420.7346
482.00363,331.19995,1420.8766
464.40845,281.92783,1386.5791
440.12106,252.26698,1332.9293
426.6672,218.2185,1291.1268
453.47226,186.0058,1309.6707
505.99362,184.12573,1323.4805
547.213,182.6249,1319.8424
569.0834,182.50562,1313.855
580.179,182.58586,1309.7797
585.7465,182.65848,1307.4688
588.53064,182.70242,1306.2451
589.9202,182.72601,1305.6161
590.6093,182.73764,1305.2972
590.9406,182.74187,1305.1367
591.07684,182.74,1305.0558
591.0728,182.729,1305.0139
591.0708,182.72368,1304.9933
591.0697,182.72119,1304.9828
591.0692,182.72015,1304.9778
591.069,182.71976,1304.9755
591.0688,182.71976,1304.9742
591.0687,182.71996,1304.9739
591.06866,182.7202,1304.9736
591.0686,182.72049,1304.9738
591.0686,182.72086,1304.974
591.0686,182.72118,1304.974
591.06854,182.72153,1304.9742
591.06854,182.7219,1304.9744
591.06854,182.72223,1304.9746
591.0685,182.7226,1304.9749
591.0685,182.72292,1304.975
591.0684,182.72327,1304.9752
591.0684,182.7236,1304.9753
591.06836,182.72397,1304.9756
591.0683,182.7243,1304.9758
591.0683,182.72466,1304.976
591.0683,182.725,1304.9762
591.06824,182.72537,1304.9763
591.06824,182.72571,1304.9766
591.06824,182.72604,1304.9767
591.0682,182.72638,1304.9769
591.0682,182.72675,1304.9772
591.0682,182.72711,1304.9773
591.0681,182.72742,1304.9775
591.0681,182.72778,1304.9777
591.06805,182.72813,1304.9779
591.06805,182.7285,1304.9781
591.06805,182.72882,1304.9783
591.068,182.72916,1304.9785
591.068,182.72952,1304.9786
591.068,182.72987,1304.9789
591.06793,182.73022,1304.9791
591.06793,182.73055,1304.9792
591.06793,182.73093,1304.9795
591.0679,182.73126,1304.9796
591.0679,182.7316,1304.9799
591.0679,182.73195,1304.9801
591.0678,182.7323,1304.9802
591.0678,182.73264,1304.9805
591.06775,182.73299,1304.9806
591.06775,182.73332,1304.9808
591.06775,182.73372,1304.9812
591.0677,182.73405,1304.9812
591.0677,182.73438,1304.9816
591.0677,182.73474,1304.9817
591.0676,182.73508,1304.9819
591.0676,182.73544,1304.9822
591.0676,182.73576,1304.9823
591.06757,182.73611,1304.9825
591.06757,182.7365,1304.9827
591.0675,182.73682,1304.9829
591.0675,182.73715,1304.983
591.0675,182.7375,1304.9833
591.06744,182.73785,1304.9835
591.06744,182.73822,1304.9836
591.06744,182.73856,1304.9839
591.0674,182.7389,1304.984
591.0674,182.73927,1304.9843
591.0674,182.7396,1304.9845
591.0673,182.73994,1304.9846
591.0673,182.74028,1304.9849
591.0673,182.74065,1304.985
591.06726,182.74098,1304.9852
591.06726,182.74133,1304.9855
591.06726,182.74167,1304.9856
591.0672,182.74205,1304.9858
591.0672,182.74239,1304.986
591.06714,182.74272,1304.9862
591.06714,182.74307,1304.9865
591.06714,182.74341,1304.9866
591.0671,182.74377,1304.9868
591.0671,182.74411,1304.9869
591.0671,182.74445,1304.9872
591.067,182.74481,1304.9874
591.067,182.74518,1304.9875
591.067,182.74548,1304.9878
634.9659,203.7428,1167.443
409.8051,304.91013,1136.7103
258.65375,347.175,1108.1827
195.13483,336.55853,1103.9343
163.7061,329.35693,1097.9594
148.1771,325.35986,1093.987
140.47224,323.27307,1091.7537
136.63821,322.21063,1090.5752
134.72919,321.67767,1089.9706
125.91365,166.56155,1064.2146
189.38017,-18.670212,1055.4028
212.71577,-110.572,1040.8488
222.13759,-155.56,1031.3225
226.28334,-177.71976,1026.0488
228.21553,-188.70404,1023.2926
229.14673,-194.16989,1021.88654
163.15277,-181.38843,939.87
133.95403,-173.64742,892.76306
120.53604,-169.3653,867.8699
114.148895,-167.11314,855.1165
111.039734,-165.95818,848.66797
109.50766,-165.37318,845.42786
108.75337,-165.07698,843.8124
108.38507,-164.9263,843.0139
108.215225,-164.84666,842.6337
108.19795,-164.78595,842.53613
273.5307,-84.8156,817.02405
350.27466,-31.680466,788.80927
386.1875,-1.2375946,771.97626
403.42673,14.991516,763.0502
395.99783,436.87494,578.98804
489.72864,591.05005,836.4194
527.0814,578.48505,987.50586
533.08704,554.5749,1055.4508
533.36017,538.80695,1086.0044
532.8943,530.0792,1100.2617
532.52246,525.5206,1107.1162
532.30396,523.19556,1110.4724
532.18713,522.0226,1112.1316
532.12897,521.43646,1112.9539
532.10645,521.1526,1113.3547
532.09875,521.0157,1113.55
532.1474,521.0195,1113.5802
532.1717,521.0214,1113.5952
532.18384,521.0225,1113.6025
532.18994,521.0231,1113.6063
532.19293,521.0235,1113.6082
532.19446,521.0238,1113.6091
532.19525,521.024,1113.6096
532.19556,521.0242,1113.6099
532.19574,521.0243,1113.6101
532.1958,521.0245,1113.6101
532.1958,521.02466,1113.6101
532.19586,521.0248,1113.61
532.19586,521.02496,1113.61
532.1958,521.0251,1113.61
532.1958,521.02527,1113.61
532.1958,521.0254,1113.6101
532.19574,521.0256,1113.6101
532.19574,521.02576,1113.6101
532.19574,521.0259,1113.6101
532.1957,521.02606,1113.6101
532.1957,521.0262,1113.6101
532.1957,521.02637,1113.6101
532.1957,521.0265,1113.6101
532.1956,521.0267,1113.6101
532.1956,521.02686,1113.6101
532.1956,521.027,1113.6101
532.19556,521.0271,1113.6101
532.19556,521.0273,1113.6101
532.19556,521.02747,1113.6101
532.1955,521.0276,1113.6101
532.1955,521.0278,1113.6102
532.1955,521.02795,1113.6102
532.19543,521.0281,1113.6101
532.19543,521.02826,1113.6101
532.19543,521.02844,1113.6101
532.1954,521.02856,1113.6101
532.1954,521.0287,1113.6101
532.1954,521.0289,1113.6102
532.1953,521.02905,1113.6102
532.1953,521.0292,1113.6102
532.1953,521.02936,1113.6102
532.19525,521.0295,1113.6102
532.19525,521.02966,1113.6102
532.19525,521.0298,1113.6101
532.1952,521.02997,1113.6101
532.1952,521.03015,1113.6102
532.1952,521.0303,1113.6102
532.1951,521.03046,1113.6102
532.1951,521.0306,1113.6102
532.1951,521.03076,1113.6102
532.19507,521.0309,1113.6102
532.19507,521.03107,1113.6101
532.19507,521.03125,1113.6102
532.195,521.0314,1113.6102
532.195,521.03156,1113.6102
532.195,521.03174,1113.6102
532.19495,521.03186,1113.6102
532.19495,521.032,1113.6102
532.19495,521.03217,1113.6102
532.1948,521.03235,1113.6102
532.1948,521.0325,1113.6104
532.1948,521.03265,1113.6104
532.1948,521.03284,1113.6102
532.19476,521.03296,1113.6102
532.19476,521.0331,1113.6102
532.19476,521.03326,1113.6102
532.1947,521.03345,1113.6102
532.1947,521.03357,1113.6104
532.1947,521.03375,1113.6104
532.19464,521.03394,1113.6104
532.19464,521.03406,1113.6102
532.19464,521.0342,1113.6102
532.1946,521.03436,1113.6102
532.1946,521.03455,1113.6102
532.1946,521.03467,1113.6102
532.1945,521.03485,1113.6104
532.1945,521.035,1113.6104
532.1945,521.03516,1113.6104
532.19446,521.0353,1113.6104
532.19446,521.03546,1113.6104
532.19446,521.03564,1113.6104
532.1944,521.03577,1113.6102
532.1944,521.03595,1113.6104
532.1944,521.03613,1113.6104
532.19434,521.03625,1113.6104
532.19434,521.0364,1113.6104
532.19434,521.03656,1113.6104
532.1943,521.03674,1113.6104
532.1943,521.03687,1113.6104
532.1943,521.03705,1113.6104
532.1942,521.03723,1113.6104
532.1942,521.03735,1113.6104
532.1942,521.0375,1113.6104
532.19415,521.03766,1113.6104
532.19415,521.03784,1113.6104
532.19415,521.03796,1113.6104
532.1941,521.03815,1113.6104
532.1941,521.03827,1113.6105
532.1941,521.03845,1113.6105
532.19403,521.0386,1113.6105
532.19403,521.03876,1113.6105
532.19403,521.03894,1113.6104
532.194,521.03906,1113.6104
532.194,521.03925,1113.6104
532.194,521.0394,1113.6104
532.194,521.03955,1113.6105
532.1939,521.0397,1113.6105
532.1939,521.03986,1113.6105
532.1939,521.04004,1113.6105
532.19385,521.04016,1113.6104
532.19385,521.04034,1113.6104
532.19385,521.0405,1113.6104
532.1938,521.04065,1113.6105
532.1938,521.0408,1113.6105
532.1938,521.04095,1113.6105
532.1937,521.04114,1113.6105
532.1937,521.04126,1113.6105
532.1937,521.04144,1113.6105
532.19366,521.0416,1113.6105
532.19366,521.04175,1113.6106
532.19366,521.04193,1113.6105
532.1936,521.04205,1113.6105
532.1936,521.04224,1113.6105
532.1936,521.04236,1113.6105
532.19354,521.04254,1113.6105
532.19354,521.04266,1113.6105
532.19354,521.04285,1113.6105
532.1935,521.043,1113.6106
532.1935,521.0432,1113.6105
532.1935,521.04333,1113.6105
532.1934,521.04346,1113.6105
532.1934,521.04364,1113.6105
532.1934,521.0438,1113.6105
532.19336,521.04395,1113.6105
532.19336,521.0441,1113.6106
532.19336,521.04425,1113.6106
532.1933,521.04443,1113.6106
532.1933,521.04456,1113.6106
532.1933,521.04474,1113.6106
532.19324,521.0449,1113.6105
532.19324,521.04504,1113.6105
532.19324,521.04517,1113.6105
532.19324,521.04535,1113.6106
532.1932,521.04553,1113.6106
532.1932,521.04565,1113.6106
532.1932,521.04584,1113.6106
532.1931,521.046,1113.6106
532.1931,521.04614,1113.6105
532.1931,521.04626,1113.6105
532.19305,521.04645,1113.6106
532.19305,521.04663,1113.6106
532.19305,521.04675,1113.6106
532.193,521.04694,1113.6106
532.193,521.0471,1113.6106
532.193,521.04724,1113.6106
532.19293,521.0474,1113.6106
532.19293,521.0476,1113.6106
532.19293,521.0477,1113.6107
532.1929,521.04785,1113.6107
532.1929,521.04803,1113.6106
532.1929,521.0482,1113.6106
532.1928,521.04834,1113.6106
532.1928,521.0485,1113.6106
532.1928,521.0487,1113.6106
532.19275,521.0488,1113.6107
532.19275,521.04895,1113.6107
532.19275,521.04913,1113.6107
532.1927,521.0493,1113.6106
532.1927,521.04944,1113.6106
532.1927,521.04956,1113.6106
532.1926,521.04974,1113.6106
532.1926,521.0499,1113.6106
532.1926,521.05005,1113.6107
532.19257,521.05023,1113.6107
532.19257,521.05035,1113.6107
532.19257,521.05054,1113.6107
532.19244,521.0507,1113.6107
532.19244,521.0509,1113.6107
532.19244,521.051,1113.6106
532.1924,521.05115,1113.6107
532.1924,521.05133,1113.6107
532.1924,521.0515,1113.6107
532.1924,521.05164,1113.6107
532.1923,521.0518,1113.6107
532.1923,521.052,1113.6107
532.1923,521.0521,1113.6107
532.19226,521.05225,1113.6106
532.19226,521.0524,1113.6107
532.19226,521.0526,1113.6107
532.1922,521.05273,1113.6107
532.1922,521.0529,1113.6107
532.1922,521.0531,1113.6107
532.19214,521.0532,1113.6107
532.19214,521.05334,1113.6107
532.19214,521.0535,1113.6108
532.1921,521.0537,1113.6108
532.1921,521.05383,1113.6108
532.1921,521.05396,1113.6107
532.192,521.05414,1113.6107
532.192,521.0543,1113.6107
532.192,521.0545,1113.6107
532.19196,521.0546,1113.6107
532.19196,521.0548,1113.6108
532.19196,521.05493,1113.6108
532.1919,521.0551,1113.6108
532.1919,521.0553,1113.6108
532.1919,521.0554,1113.6107
532.19183,521.0556,1113.6107
532.19183,521.0557,1113.6107
532.19183,521.0559,1113.6108
532.1918,521.056,1113.6108
532.1918,521.0562,1113.6108
532.1918,521.05634,1113.6108
532.1917,521.0565,1113.6108
532.1917,521.05664,1113.6108
532.1917,521.0568,1113.6108
532.19165,521.057,1113.6108
532.19165,521.0571,1113.6108
532.19165,521.0573,1113.6108
532.1916,521.05743,1113.6108
532.1916,521.0576,1113.6108
532.1916,521.05774,1113.6108
532.1915,521.0579,1113.6108
532.1915,521.05804,1113.6108
532.1915,521.0582,1113.611
532.1915,521.05835,1113.6108
532.19147,521.0586,1113.6108
532.19147,521.0587,1113.6108
532.19147,521.0589,1113.6108
532.1914,521.059,1113.6108
532.1914,521.0592,1113.6108
532.1914,521.0593,1113.6108
532.19135,521.0595,1113.611
532.19135,521.05963,1113.611
532.19135,521.0598,1113.611
532.1913,521.06,1113.611
532.1913,521.0601,1113.6108
532.1913,521.0603,1113.6108
532.1912,521.0604,1113.6108
532.1912,521.0606,1113.611
532.1912,521.0607,1113.611
532.19116,521.0609,1113.611
532.19116,521.06104,1113.611
532.19116,521.0612,1113.611
532.1911,521.0614,1113.611
532.1911,521.0615,1113.6108
532.1911,521.06165,1113.611
532.19104,521.0618,1113.611
532.19104,521.062,1113.611
532.19104,521.0622,1113.611
532.191,521.0623,1113.611
532.191,521.0625,1113.611
532.191,521.0626,1113.611
532.1909,521.0628,1113.611
532.1909,521.063,1113.6111
532.1909,521.0631,1113.6111
532.19086,521.0633,1113.611
532.19086,521.0634,1113.611
532.19086,521.0636,1113.611
532.1908,521.0637,1113.611
532.1908,521.0639,1113.611
532.1908,521.0641,1113.6111
532.1908,521.0642,1113.6111
532.19073,521.0644,1113.6111
532.19073,521.0645,1113.6111
532.1907,521.0647,1113.611
532.1907,521.0648,1113.611
532.1907,521.065,1113.611
532.1907,521.0651,1113.611
532.1906,521.0653,1113.6111
532.1906,521.0654,1113.6111
532.1906,521.0656,1113.6111
532.19055,521.0658,1113.6111
532.19055,521.0659,1113.6111
532.19055,521.06604,1113.6111
532.1905,521.0663,1113.6111
532.1905,521.0664,1113.6111
532.1905,521.0666,1113.6111
532.1904,521.0668,1113.6111
532.1904,521.0669,1113.6111
532.1904,521.067,1113.6111
532.19037,521.0672,1113.6111
532.19037,521.0674,1113.6111
532.19037,521.0675,1113.6111
532.1903,521.0676,1113.6111
532.1903,521.0678,1113.6111
532.1903,521.068,1113.6111
532.19025,521.0681,1113.6111
532.19025,521.0683,1113.6111
532.19025,521.0684,1113.6111
532.1902,521.0686,1113.6111
