149.99197,-979.83813,2748.2874
148.41296,-984.04175,2746.272
146.84346,-986.35077,2745.771
146.67935,-988.03015,2751.249
158.17429,-995.4617,2755.299
166.81725,-1012.36914,2744.08
160.35068,-999.0028,2747.5803
156.77074,-995.48804,2745.4502
143.28192,-1020.531,2736.8057
141.50449,-1021.68915,2745.5227
151.25714,-1011.97723,2719.325
134.77182,-971.6113,2702.3013
134.7536,-986.6995,2697.4204
139.10663,-991.4055,2698.1846
145.96591,-998.19727,2670.724
154.40619,-992.07904,2650.7234
118.597534,-1013.1548,2653.2122
109.30495,-1008.876,2655.1453
116.28179,-1008.21313,2650.817
113.49507,-1009.83765,2635.333
132.3787,-979.2103,2654.6655
124.402,-995.0195,2640.8875
123.00241,-1001.907,2635.6843
121.23179,-1003.07886,2632.8547
91.24507,-982.9415,2534.2625
105.25954,-961.7854,2527.656
85.52783,-973.72437,2486.1165
84.541084,-976.98785,2472.7776
87.99927,-987.5738,2439.7173
110.290764,-939.3093,2333.6309
88.888565,-916.12646,2332.491
62.9277,-923.9459,2340.0493
75.557434,-923.5095,2336.973
114.51233,-941.80896,2320.2866
81.57791,-898.45435,2288.425
100.13053,-949.3987,2347.6406
97.41057,-986.4364,2358.7188
97.54251,-989.83093,2358.4246
97.73037,-993.5773,2358.3506
126.86389,-988.97327,2388.1262
118.773125,-965.12274,2363.7805
116.98282,-970.00195,2373.694
110.74314,-976.2976,2383.4832
119.71146,-976.5626,2383.428
120.32698,-974.493,2376.2222
122.421005,-972.4502,2376.675
132.79117,-989.2041,2395.2703
131.61533,-981.8556,2426.3752
130.79865,-1001.4796,2455.019
137.89584,-1000.14166,2459.773
142.38272,-994.33716,2461.8125
149.955,-981.62964,2463.9407
110.767235,-980.9874,2438.6904
120.87011,-970.05676,2415.2856
123.591774,-992.7428,2388.992
124.1301,-993.7881,2382.926
122.19969,-993.7043,2369.07
122.01749,-998.21423,2370.7268
113.737946,-1002.8799,2374.524
112.654434,-998.6742,2372.9849
139.41125,-979.1721,2351.3276
151.07506,-966.396,2338.2908
145.71802,-964.539,2338.354
140.96057,-964.6282,2339.9753
141.52747,-984.9367,2337.9338
160.54697,-949.14453,2355.3035
159.4468,-956.4059,2372.279
151.00735,-965.1658,2356.5347
132.4036,-1018.2769,2537.9595
107.71179,-997.38684,2498.5962
90.63187,-994.4324,2508.4941
86.80206,-983.88135,2563.2
78.09523,-979.5121,2617.054
80.91092,-944.04333,2640.08
69.14953,-960.6592,2663.0178
69.09246,-970.2114,2679.5889
70.21002,-966.8126,2682.6335
67.97762,-971.18506,2682.584
90.40651,-996.12396,2688.1287
92.24413,-989.87396,2713.3923
88.383835,-1022.09863,2727.9746
93.44034,-1019.3182,2721.7874
95.97272,-1030.541,2726.3696
94.758865,-1034.9282,2730.8042
95.20838,-1022.6802,2731.8726
99.57262,-1029.7645,2735.7676
95.08724,-1030.489,2743.0864
94.46997,-1031.6888,2752.253
90.83146,-1031.7401,2760.901
88.297035,-1024.3181,2762.5525
58.191032,-987.40283,2753.0596
58.413124,-987.5388,2751.9644
65.460396,-1037.1235,2849.0544
83.08517,-1041.0543,2818.1572
91.51279,-1052.2507,2814.2185
101.333755,-1049.7225,2819.144
93.82805,-1050.5891,2835.329
106.61348,-1009.1998,2819.9817
105.414635,-1004.97205,2778.61
109.51012,-1005.7755,2776.1748
94.693085,-987.7805,2762.2285
98.57097,-994.8252,2760.8303
100.19265,-1005.5292,2737.348
97.46546,-1000.89923,2729.6643
98.684326,-1006.32074,2735.9312
87.51992,-1023.01306,2728.3154
92.31515,-1018.21564,2736.128
92.76735,-1018.0819,2737.2905
93.0414,-1015.34393,2738.6008
91.85485,-1006.3469,2736.6057
90.9125,-1009.07184,2737.1873
87.483536,-1008.98083,2736.6204
84.40363,-996.1185,2737.7092
87.069405,-981.88574,2736.399
69.44986,-993.7459,2765.2837
76.206215,-984.3004,2792.7925
84.08911,-990.93506,2806.1272
84.835594,-1010.90045,2814.7754
83.08482,-1002.31665,2814.2715
60.767155,-989.6832,2855.0264
95.06727,-1014.94824,2860.7803
91.42608,-1011.80975,2848.252
122.463486,-995.0432,2845.164
120.53538,-1004.4356,2849.9243
130.4466,-1002.666,2850.811
126.83737,-1007.733,2855.1665
116.57066,-1048.9635,2876.4446
116.01422,-1050.9778,2877.5967
115.02142,-1045.5542,2879.299
112.78575,-1042.0658,2896.5957
113.70387,-1025.5724,2921.644
110.14421,-1034.5586,2923.0068
108.88371,-1029.3809,2924.3582
112.23381,-1023.43585,2925.461
103.56717,-988.7348,2939.9456
108.617584,-1003.9502,2938.076
136.9679,-1016.8955,2952.1414
106.73227,-1021.8484,2959.463
112.45643,-1030.5745,2943.5369
112.58503,-1028.227,2928.7905
111.4735,-1031.8083,2918.3022
111.34305,-1011.80347,2892.291
109.71096,-1023.2808,2896.4856
107.87579,-1029.6438,2899.508
99.61164,-1045.2451,2915.5103
94.88169,-1048.5422,2927.2305
98.33514,-1051.647,2932.241
112.31518,-1053.176,2949.605
111.599106,-1054.6145,2947.1455
111.449326,-1053.9937,2940.2607
107.8282,-1054.5212,2927.1548
106.71076,-1053.3992,2920.798
106.63829,-1054.3789,2919.4666
106.741585,-1054.9883,2922.3706
106.302246,-1054.27,2927.629
105.524994,-1053.976,2930.1401
106.43187,-1043.947,2930.7373
115.05272,-1025.6104,2890.9727
117.37222,-1024.7098,2870.517
115.74809,-1012.1074,2881.245
111.287506,-1026.3613,2888.8162
107.06589,-1024.9172,2891.681
107.99204,-1028.4308,2886.2273
104.34366,-1029.7358,2893.6782
110.20807,-1033.554,2897.086
112.24498,-1047.6862,2882.9702
114.356514,-1046.4138,2877.323
107.76598,-1011.68005,2835.3357
113.61409,-1033.6968,2844.2722
110.287735,-1027.4554,2842.1692
111.38571,-1031.0753,2838.767
112.61767,-1026.242,2838.4583
121.00067,-1006.6051,2838.2356
96.41911,-976.9907,2836.818
84.95561,-967.1855,2836.933
80.44479,-962.8064,2830.7693
91.10101,-970.1344,2831.3486
100.389175,-979.58594,2830.7935
97.45464,-983.5161,2822.9412
100.67148,-985.2167,2820.7512
104.11535,-984.77936,2821.0317
107.389946,-983.8114,2821.605
108.37021,-978.1968,2815.9624
109.78641,-983.9613,2812.856
109.5711,-986.96924,2811.6008
103.44089,-986.89923,2832.5117
106.59035,-986.30145,2824.0286
114.25464,-997.568,2829.6619
114.78266,-993.17944,2860.934
108.4996,-991.95844,2873.9778
108.11295,-994.0238,2877.844
110.001816,-991.6941,2869.9458
111.622955,-1006.1297,2873.4197
113.01999,-1015.56866,2876.489
112.127464,-1018.739,2904.2126
114.078964,-1019.15015,2893.642
116.87871,-1020.2638,2885.6055
116.497055,-1018.9387,2882.1194
120.578766,-1018.9878,2872.3452
119.31868,-1019.50073,2874.7
122.10567,-1017.1446,2870.5889
119.15791,-1015.11676,2875.9836
120.3421,-1012.9551,2876.7812
119.84506,-1012.18726,2879.5408
122.09366,-998.66943,2885.6284
116.67618,-982.30786,2833.8345
107.831696,-980.72485,2810.2966
110.63278,-975.88196,2803.4207
139.72076,-961.1751,2803.2986
152.37552,-957.8322,2802.6472
138.84665,-961.6052,2784.5151
144.92061,-965.7119,2791.2102
158.15042,-966.41736,2799.7615
159.31673,-963.7201,2802.534
162.16281,-959.6344,2798.1567
181.96051,-958.03046,2793.8958
186.84991,-951.91235,2790.007
189.86032,-946.5415,2786.157
194.83713,-949.4335,2784.3594
197.34357,-962.2574,2771.8635
198.26323,-944.28107,2772.0796
198.89517,-940.3286,2772.5842
203.64688,-943.0596,2769.035
205.95929,-947.17664,2769.952
216.09225,-952.35583,2732.8677
211.53685,-951.05164,2739.4163
208.12076,-927.2291,2732.3738
209.0823,-928.6915,2731.4312
212.83537,-928.35547,2736.175
224.59775,-935.12976,2746.8618
232.98679,-940.68616,2752.6465
234.42664,-949.8331,2760.7573
228.18265,-946.3737,2759.226
230.22997,-942.72375,2766.3801
233.19263,-950.8715,2772.2573
247.70299,-952.9114,2760.4753
243.86534,-960.5637,2764.718
244.87167,-968.28503,2769.67
244.49536,-966.07025,2772.9207
244.90715,-959.1239,2796.6104
232.56332,-935.0603,2767.2566
211.90982,-922.6426,2752.8765
204.82265,-893.78174,2748.6604
213.04568,-892.1405,2739.086
212.91565,-899.96765,2745.7354
212.16028,-904.7634,2745.696
213.90967,-904.52014,2745.7495
211.43497,-910.0831,2756.422
212.7901,-911.4815,2750.1953
210.94374,-911.9046,2751.2722
208.93204,-912.0315,2759.5005
201.762,-918.60815,2763.5483
196.87366,-918.235,2761.2534
192.25601,-920.0122,2758.6328
185.08275,-915.4562,2755.8455
189.228,-914.82153,2748.8823
187.60324,-915.7516,2749.2012
182.82709,-917.72546,2750.6384
177.53236,-919.0438,2762.176
178.14948,-921.14526,2757.8765
170.23404,-910.5716,2755.746
167.02008,-911.89703,2760.9456
170.66202,-915.9293,2756.2576
176.5048,-926.5698,2751.685
174.68878,-924.21375,2750.7004
168.89798,-917.53546,2761.484
171.49753,-924.5516,2761.9255
169.1907,-927.3386,2762.854
171.6142,-923.30664,2758.2063
181.46979,-929.9484,2752.6428
180.37918,-934.23267,2754.3599
179.6929,-932.3103,2759.7717
178.41412,-930.6958,2766.8909
176.6594,-928.77576,2766.7214
175.04993,-929.88684,2768.873
179.4347,-934.68677,2761.8926
178.95816,-928.2634,2764.5542
176.69977,-918.5669,2768.5916
172.81511,-921.31006,2771.213
179.91698,-922.7736,2759.2307
173.25105,-918.1992,2769.5674
180.92696,-926.5757,2767.0225
179.01297,-924.8474,2765.0767
172.25586,-919.4319,2771.2874
175.47383,-919.67114,2768.1213
173.57396,-917.49756,2765.225
172.4425,-917.67914,2771.1038
178.72363,-919.6236,2767.6714
180.74861,-924.9208,2764.41
181.41472,-924.8106,2759.7969
179.13066,-917.77936,2764.3054
181.58875,-922.14307,2764.2234
184.67932,-922.98,2761.004
186.09085,-921.9779,2761.697
185.22235,-920.1852,2758.2776
179.57019,-915.867,2765.385
184.31532,-917.33734,2767.0703
188.80824,-920.08124,2765.33
186.67776,-913.3402,2769.6357
186.49286,-912.079,2768.2708
191.50993,-916.989,2757.6296
184.02072,-907.6525,2778.031
186.20938,-904.43427,2779.662
187.09871,-907.5937,2776.5435
189.7776,-911.0342,2773.422
191.55539,-915.595,2777.4885
186.27022,-911.5475,2774.9412
186.06088,-898.1047,2782.1824
186.28464,-909.3407,2774.844
183.92632,-908.3692,2771.8784
185.55228,-909.87683,2771.3047
187.79575,-915.1428,2767.1934
195.12776,-907.0308,2774.2566
204.46393,-902.3638,2792.7615
189.84424,-896.4751,2788.8696
186.83685,-891.499,2782.0132
193.33862,-883.0791,2791.2825
193.34909,-884.8292,2775.0508
191.60022,-883.7498,2774.4504
192.45255,-886.4937,2767.3994
188.4527,-882.54376,2765.3137
193.85776,-884.6822,2756.9744
193.05853,-884.2114,2757.38
188.64105,-887.8227,2760.8113
193.52151,-884.76685,2760.3748
193.6474,-893.577,2752.0173
191.08568,-891.1046,2753.8801
187.87112,-889.501,2755.2957
189.17366,-896.79517,2754.3386
186.15242,-897.45715,2747.544
185.26375,-903.02014,2751.537
191.09357,-895.8961,2748.2458
185.87224,-900.70215,2747.6672
184.73494,-903.8492,2748.6897
187.20776,-905.63116,2748.6155
187.43158,-907.1904,2750.5217
187.9353,-915.32104,2754.3606
189.51428,-915.69385,2754.168
196.58316,-915.9009,2753.3447
197.47006,-911.4403,2747.65
191.57596,-921.9327,2751.3037
183.26422,-919.1477,2752.1716
180.61263,-917.40027,2743.932
177.46655,-923.02905,2745.4915
176.05049,-917.6864,2742.1794
177.039,-917.3221,2742.3103
174.49744,-924.1543,2756.0354
168.71716,-924.2079,2746.6135
164.38554,-922.3441,2739.323
165.37242,-921.44763,2742.9036
163.69632,-921.8353,2743.477
161.39366,-915.72595,2729.3394
163.96439,-916.4914,2739.659
164.0531,-912.52795,2735.254
164.08023,-912.09106,2734.5967
166.40141,-910.3054,2735.186
170.8948,-914.35803,2731.7288
162.34554,-912.76135,2733.613
163.59709,-917.43286,2737.9832
164.9956,-918.92285,2736.9768
165.13396,-912.6649,2726.1936
166.39029,-914.9675,2733.489
170.92761,-918.51526,2736.8506
168.61487,-917.86707,2731.4458
169.19456,-917.12213,2735.9429
175.85828,-918.4392,2739.7065
174.7588,-913.6155,2728.5483
177.4657,-912.03906,2729.2698
182.60988,-913.7348,2737.317
177.0483,-914.242,2723.658
182.9828,-918.0011,2735.7935
182.37936,-920.6537,2738.9783
182.10089,-921.13196,2733.932
167.79103,-902.1364,2731.1443
171.5758,-899.5467,2742.0967
168.48703,-893.2024,2734.7468
163.89476,-886.1842,2728.859
162.5864,-876.3037,2722.6719
161.03705,-886.501,2723.2402
164.81544,-896.5238,2723.7249
161.93274,-892.3177,2721.079
160.90822,-885.445,2716.2974
156.27959,-879.6164,2717.418
152.14212,-866.97516,2716.9495
147.39581,-862.6127,2707.01
145.17871,-854.2831,2708.307
144.02037,-870.63434,2713.613
144.67972,-865.17804,2709.2368
-4.3669434,-1094.7786,2804.9688
20.016968,-1118.6692,2806.1323
43.038803,-1137.3291,2799.4246
142.30876,-898.12756,2773.096
156.44693,-918.4528,2755.6667
171.76073,-924.41205,2742.8477
122.80196,-1171.315,2866.1282
125.203674,-1189.5454,2850.3926
130.94449,-1205.5828,2843.893
138.56903,-1213.0876,2834.0498
145.15994,-1221.6271,2844.0754
151.45093,-1224.9218,2831.2039
156.16936,-1229.6774,2829.816
158.00632,-1232.5411,2827.7932
160.31041,-1231.7893,2824.9526
158.95703,-1229.8274,2818.392
160.01984,-1227.5001,2817.3477
164.64603,-1225.992,2820.2878
166.02097,-1223.6472,2829.9233
164.8368,-1226.5681,2819.309
163.48773,-1225.711,2809.7056
162.35472,-1226.4515,2799.4033
162.73431,-1227.8385,2805.9653
160.50078,-1228.712,2807.4998
161.66127,-1229.7611,2802.8
156.22423,-1232.0186,2780.8198
155.78064,-1231.2942,2771.727
160.51895,-1230.6104,2767.3003
107.11802,-874.6979,2850.833
129.88033,-871.0345,2790.3184
161.25713,-848.4688,2760.3582
171.08998,-811.06256,2743.648
153.9279,-854.3891,2736.1135
159.74237,-859.6127,2745.8384
195.41342,-847.45337,2758.3733
188.1707,-804.6323,2769.3262
183.69405,-723.9935,2741.2
167.42886,-816.12396,2753.6697
147.80682,-846.10095,2765.1436
150.29193,-842.08466,2784.2974
156.8131,-821.26074,2789.0676
158.32933,-808.8326,2777.948
130.12968,-836.3911,2786.483
147.41539,-823.5971,2790.237
136.53983,-823.9442,2789.6833
139.83968,-810.6018,2800.927
133.66562,-814.0395,2800.9297
137.09479,-817.1724,2800.5715
133.88766,-810.82434,2807.4897
132.33394,-818.5193,2810.1743
127.037796,-805.351,2828.1235
115.883736,-795.5483,2829.95
122.25041,-810.4512,2832.7322
121.35087,-821.52014,2838.5403
121.70346,-825.94745,2837.186
125.74097,-832.31384,2832.9148
127.59891,-841.8074,2831.0735
141.29971,-832.0638,2839.1216
139.62543,-841.56415,2826.9128
152.58386,-845.9003,2822.686
156.91377,-853.97015,2819.1606
149.85945,-859.29706,2809.544
162.66353,-860.63477,2814.2183
176.73618,-865.37524,2817.2573
171.90799,-864.2409,2812.1763
171.77396,-869.0459,2803.669
171.28381,-866.2704,2807.3015
178.42456,-868.23535,2808.7788
185.99313,-872.1221,2804.4316
179.57047,-857.47577,2807.1128
183.51035,-853.967,2814.1038
184.14641,-858.70996,2809.8948
180.6571,-856.62866,2811.3289
195.45953,-856.09766,2813.019
173.71011,-859.77966,2808.1357
170.71632,-860.4236,2808.9407
153.78261,-861.596,2813.6255
142.23227,-865.7612,2809.0063
121.42084,-866.5039,2821.349
118.370285,-858.666,2826.9668
101.07475,-842.70795,2843.9902
97.985344,-852.39935,2832.8538
82.51421,-857.59357,2825.412
84.565735,-872.7752,2799.2192
71.482544,-882.4053,2773.3013
44.968697,-891.6327,2730.1836
7.1203766,-887.64246,2697.9143
-50.485626,-900.9857,2642.9536
-112.97118,-890.5083,2623.2996
-172.78967,-885.5304,2594.777
-243.90439,-900.07086,2570.071
-324.21484,-904.69354,2558.515
-403.87137,-911.0386,2558.086
-492.98193,-917.9125,2579.4285
-556.4658,-924.0559,2618.307
-601.16406,-920.9501,2674.4607
-629.0802,-929.51917,2737.8108
-642.9587,-938.9512,2797.6362
-655.41144,-935.324,2870.3672
-644.9331,-931.4168,2924.7112
-578.469,-928.074,2939.862
-538.676,-913.4162,2969.948
-505.83835,-889.19806,2989.9272
-471.0733,-869.4681,2987.7937
-469.45264,-931.84216,3005.9602
-460.2573,-909.72723,3018.7424
-366.56412,-914.8934,3023.552
-564.43756,-798.24335,2666.5537
-255.7446,-907.1273,3053.2637
-187.30788,-906.08014,3014.5698
-134.59027,-901.1887,3002.0999
-76.96507,-899.1763,2986.467
-34.55468,-887.80457,2976.6824
4.072212,-884.04785,2981.892
53.201294,-890.77344,2970.216
96.371895,-881.8734,2956.0972
138.10518,-886.7716,2964.5027
170.90121,-897.8912,2963.8196
194.20163,-908.41284,2965.7568
210.86613,-918.26495,2961.1553
206.01508,-941.55725,2948.8892
208.21979,-954.42847,2948.6367
208.24255,-951.84393,2937.2566
203.9142,-944.85065,2947.8684
204.02948,-926.5755,2971.668
193.27249,-905.13727,2948.3433
201.08118,-854.24567,2939.634
219.00224,-818.28876,2961.3784
145.49585,-1152.7872,2932.962
92.75772,-1223.4357,2937.0083
51.828735,-1272.8281,2954.7952
15.815659,-1315.4568,2968.3633
-21.277199,-1342.3932,2974.9932
-48.39692,-1358.9259,2983.6697
-69.62224,-1366.0823,2996.9485
-94.80893,-1376.1201,2998.143
-119.807365,-1376.4829,2996.893
-136.85333,-1381.0378,3004.3582
-145.3118,-1379.3357,3016.776
-160.43214,-1378.0417,3015.7905
-175.48358,-1377.2517,3016.0156
-191.0007,-1377.0183,3011.6943
-211.26723,-1376.2882,3006.7708
-232.47874,-1380.0308,2995.522
-249.93161,-1372.1816,2987.9626
-257.7188,-1355.6067,2992.708
-267.81888,-1347.626,2992.1074
-278.5254,-1345.0101,2980.2993
-288.40738,-1341.757,2972.573
-294.01828,-1339.7239,2961.931
-287.83286,-1335.1016,2956.5198
-283.38574,-1330.9849,2947.494
-283.98917,-1326.9901,2931.7837
-276.62762,-1320.7595,2919.5144
-256.27975,-1311.9998,2913.0583
-236.03029,-1293.6061,2919.7878
37.06278,-891.11096,2851.605
113.450806,-894.2672,2887.0264
155.73456,-898.88635,2889.1902
166.31616,-893.7948,2901.8833
161.05627,-890.99786,2898.8928
125.41734,-876.9027,2908.6125
61.659515,-839.3096,2926.3286
6.87088,-752.8178,2927.3218
-44.66078,-652.6898,2930.818
-74.7952,-552.7241,2937.889
-88.12778,-510.7013,2934.323
-91.97319,-475.73196,2946.9443
-68.61684,-452.6292,2948.4485
-7.7826843,-410.0392,2912.638
51.939148,-339.65707,2892.8171
99.25261,-279.12482,2870.17
128.19771,-207.27687,2860.068
127.88922,-137.88141,2871.958
319.77106,-166.22482,2811.9248
445.9478,-145.13097,2757.8503
500.16968,-105.79925,2752.0137
550.4379,-71.102776,2745.4663
576.7342,-48.36109,2720.6514
596.6141,-44.83957,2724.8167
633.4337,-48.502693,2722.6008
603.6053,-105.102295,2716.0352
602.0247,-159.32188,2723.5457
585.2855,-241.96062,2739.66
572.05286,-351.00635,2741.4395
552.3876,-449.26154,2744.832
558.7455,-604.90594,2739.9346
524.43665,-709.4272,2763.906
467.3767,-792.8334,2772.2961
407.10663,-843.2434,2781.4177
349.89542,-859.9378,2799.325
304.7335,-876.9054,2810.6313
276.77887,-882.53253,2798.0393
249.40181,-879.3011,2806.5452
253.19452,-886.7264,2818.4893
252.60883,-896.0662,2823.6064
253.44885,-905.67737,2828.9377
243.49342,-893.6708,2840.3828
234.38065,-896.5841,2828.0986
251.83784,-896.6752,2822.9739
221.73587,-906.60004,2810.5283
221.35583,-899.19556,2815.1367
211.36563,-881.85986,2798.9204
37.90895,-894.81665,2586.3582
74.19536,-821.1043,2618.6936
99.35008,-992.32776,2659.2502
118.37642,-758.29846,2647.8816
120.8212,-736.9765,2646.0522
134.65042,-742.499,2661.336
139.23389,-727.5858,2634.4934
189.59116,-732.55444,2691.0
228.20667,-763.0089,2704.637
227.3423,-746.0017,2684.017
242.77786,-879.79614,2756.2876
242.73659,-904.22626,2763.1497
250.33815,-906.2982,2778.374
254.59502,-901.4616,2780.0474
255.91403,-906.42725,2783.59
260.1523,-907.43677,2783.291
253.52226,-914.42053,2789.2856
153.5849,-936.22577,2453.9075
119.06535,-945.96045,2313.0637
93.69893,-955.27924,2240.3062
86.922874,-963.22675,2206.526
78.42143,-973.6602,2192.466
76.03084,-977.213,2179.5422
79.30752,-979.39075,2181.8904
78.437126,-982.7017,2178.516
83.97681,-986.04095,2192.3906
83.30908,-1001.0239,2227.0437
87.07933,-986.6079,2194.368
87.777245,-983.1238,2205.203
88.74507,-979.76526,2197.7573
81.33533,-979.949,2241.4934
88.24621,-963.1195,2197.102
87.12909,-963.95874,2192.6
93.574066,-961.1023,2194.8687
84.94975,-958.9485,2201.3582
110.12234,-960.277,2192.1672
111.54305,-956.2554,2188.0796
61.43745,-888.7075,2171.0217
33.922657,-858.20166,2160.4634
279.98376,-566.6684,2152.034
364.419,-454.60272,2126.246
373.15744,-434.49854,2082.743
349.3609,-470.23923,2045.5381
324.181,-529.31,2020.7542
260.61572,-582.29755,2003.6926
173.8436,-616.99774,1992.2892
66.094894,-633.4105,2011.0273
-14.895004,-651.3959,2037.2592
-89.312225,-653.2964,2072.7263
-157.98845,-630.323,2108.175
-222.67044,-590.5538,2140.6887
-260.2154,-543.08167,2175.6392
-291.72928,-484.65634,2209.3699
-325.22806,-425.41357,2227.319
-413.7391,-455.01584,2081.028
-417.12973,-612.78217,2020.1399
-381.24374,-735.3208,1981.5061
-334.68973,-823.4026,1977.2208
-294.99133,-881.7306,1973.8705
-254.1089,-922.72,1984.5208
-218.05232,-951.7894,1996.5728
-178.68976,-969.58276,2004.053
-137.64552,-973.68365,1997.0499
-102.53833,-988.0012,2017.104
-71.29103,-993.9357,2028.9847
-43.62109,-996.54504,2042.945
-10.780436,-996.5332,2066.3638
11.011915,-1000.54016,2093.923
-379.47852,-440.67902,2032.8654
-403.51074,-437.78876,1962.4834
-399.2176,-467.21472,1926.568
-367.95844,-496.4059,1894.9792
-336.04144,-531.88007,1865.9419
-290.66272,-552.73474,1833.4896
-242.90717,-574.4857,1814.3484
-193.75752,-553.61084,1799.3152
-151.05994,-556.3336,1793.5999
-109.27141,-570.0748,1796.8684
-44.81926,-579.28314,1791.4359
15.486717,-598.9158,1799.4941
78.71892,-612.47656,1813.8577
138.04996,-627.8961,1832.0212
192.10341,-649.3069,1866.3419
255.36705,-672.63855,1903.5452
319.2946,-687.812,1944.4266
369.27826,-701.6422,1985.1084
417.3827,-712.1018,2033.2157
485.92255,-748.70435,2112.092
548.96814,-779.1848,2178.4976
580.6455,-793.8047,2239.263
617.1763,-821.2321,2303.2566
631.1961,-843.82465,2355.8333
643.1154,-858.6061,2398.412
649.32513,-866.5915,2444.6257
645.2976,-884.32886,2480.795
639.05396,-885.9691,2511.352
621.64014,-887.08875,2530.725
602.77045,-884.40857,2552.7507
583.55035,-889.0127,2569.4495
576.4218,-891.3834,2583.4868
570.50226,-886.449,2588.3687
567.9602,-894.25464,2595.3486
566.6727,-897.87585,2605.7
558.2356,-908.24316,2620.2317
558.3394,-904.5188,2618.1843
564.81555,-904.0586,2623.666
579.77454,-902.8799,2635.9626
576.15686,-896.35986,2630.796
572.4259,-898.7737,2629.3657
578.48395,-900.2696,2633.5042
574.52136,-905.1087,2637.4045
576.50964,-903.0758,2639.9014
568.219,-902.9204,2639.6863
575.23816,-887.792,2633.848
580.049,-881.6492,2627.4546
576.36505,-882.3921,2625.2278
589.5191,-878.7711,2632.056
584.8565,-875.95917,2625.22
583.96124,-871.0982,2621.716
580.8096,-872.4705,2623.156
576.5929,-874.2266,2621.4573
585.98615,-868.72076,2624.6194
582.095,-868.3228,2621.0117
577.9889,-871.18024,2619.6926
568.7084,-878.428,2632.1572
568.1529,-870.4815,2631.197
581.92474,-866.82947,2628.171
578.7545,-865.85724,2624.0654
581.0472,-859.9075,2618.8757
566.4544,-864.5919,2623.8462
576.61444,-860.88513,2623.6426
573.5569,-863.4844,2623.7246
576.48016,-862.2591,2624.3225
579.296,-861.0562,2619.984
578.5466,-858.49567,2620.9297
576.24255,-860.5117,2622.6475
571.7152,-862.80237,2628.7815
572.0763,-861.0492,2635.8154
574.7247,-858.7437,2626.2568
571.6018,-864.95685,2623.6416
588.0752,-1083.2762,2616.5317
562.7421,-1139.9734,2601.5054
538.46625,-1184.0227,2595.1914
521.5588,-1222.3141,2593.981
504.54797,-1252.6163,2597.675
494.89575,-1276.5243,2602.5574
488.69916,-1297.9088,2602.6118
482.2172,-1313.8481,2604.3865
479.2202,-1329.4692,2604.0042
477.64124,-1341.7449,2602.6455
475.11768,-1353.4698,2596.3481
466.74915,-1358.1387,2598.2654
463.4685,-1365.0724,2597.259
454.85657,-1369.5378,2595.1584
451.82288,-1372.1693,2592.7192
453.0626,-1372.7383,2595.0303
449.44635,-1376.3606,2591.8552
446.52362,-1378.1257,2586.9104
461.2813,-1375.7609,2593.1597
466.20483,-1375.38,2592.1003
467.788,-1376.9702,2581.623
476.0857,-1375.569,2578.921
479.9541,-1372.9332,2574.0415
481.96527,-1371.4645,2567.8728
482.88702,-1367.7488,2562.028
486.02872,-1364.4973,2559.1838
486.40375,-1359.3342,2553.7285
490.2815,-1358.308,2546.3176
494.47665,-1361.9038,2530.5068
497.81305,-1359.5651,2519.9387
496.55606,-1357.6147,2511.5999
491.62723,-1354.0732,2509.2305
492.2608,-1356.8967,2495.2676
495.45096,-1354.4518,2473.6982
494.77777,-1353.8613,2460.9568
496.25525,-1355.152,2431.6316
494.98953,-1349.9243,2408.0396
487.36563,-1336.8508,2410.5386
484.86316,-1318.6636,2418.0496
485.65808,-1309.3201,2392.9482
497.90414,-1289.6852,2371.9617
497.73352,-1274.7773,2345.7231
492.56808,-1254.4086,2348.1118
483.3974,-1236.6711,2333.0632
470.37076,-1217.2505,2324.7397
698.8843,-791.9552,2471.5623
628.9994,-844.82227,2547.8381
597.6934,-866.2998,2584.6433
581.30066,-875.54504,2611.4724
573.18384,-884.8523,2609.7727
572.29,-888.90356,2609.7534
579.1947,-876.9609,2622.5845
578.09216,-863.047,2598.473
580.299,-856.3189,2586.5244
579.2725,-853.7023,2570.7004
582.17145,-855.82465,2573.6133
574.5929,-857.76184,2546.3174
567.6625,-859.32135,2539.4111
551.5017,-852.4175,2517.6357
540.7407,-852.7023,2500.7979
535.6605,-853.6135,2489.9873
514.2572,-844.084,2459.0625
501.77975,-844.81067,2442.295
477.94034,-836.08075,2422.0137
464.1114,-849.6743,2418.5347
436.90753,-846.79407,2401.3398
416.12296,-846.6538,2394.345
390.4729,-834.2007,2383.3157
334.05374,-768.2326,2372.2026
312.81006,-756.5127,2346.9607
276.92773,-734.3982,2350.7234
265.35266,-730.1266,2338.1465
254.75471,-735.1908,2330.2307
244.74384,-739.7849,2322.1072
234.95181,-748.454,2319.8535
227.61261,-761.5635,2316.3394
218.68158,-781.6229,2310.9016
203.2428,-792.8893,2314.5728
188.49641,-801.16077,2311.878
178.11285,-807.8164,2317.6711
179.31488,-819.0856,2330.6191
184.86673,-835.70166,2336.1062
189.58086,-850.3866,2340.4038
183.7917,-864.5093,2366.8423
199.82346,-882.60986,2373.532
197.79877,-907.77045,2381.398
198.1222,-923.56287,2389.7383
195.46274,-940.9547,2407.4849
202.14055,-965.67737,2383.152
214.78378,-989.34766,2377.23
189.50966,-1007.1105,2368.178
206.95767,-1019.68286,2366.4272
209.80067,-1028.8962,2375.9194
206.60736,-1042.5562,2372.5627
220.52658,-1056.3127,2376.3762
229.2302,-1067.6989,2377.2754
229.19354,-1079.549,2388.9656
250.7548,-1092.8553,2402.73
246.71829,-1095.4619,2422.0583
253.74783,-1089.7874,2440.9524
243.44353,-1066.1908,2451.4082
221.6985,-1013.85455,2418.982
222.65082,-1052.1255,2415.2556
231.62659,-1068.227,2406.8447
234.33047,-1080.4462,2416.2334
221.41245,-1091.0493,2401.333
216.75052,-1085.3296,2386.3167
212.23364,-1068.4248,2386.9023
202.07936,-1053.8503,2390.3696
197.49052,-1039.1648,2387.691
190.37823,-1028.0575,2367.203
192.50754,-1008.3893,2371.4468
179.84787,-1002.6933,2399.231
173.10718,-985.67365,2386.1995
162.38745,-969.41077,2408.7341
152.21675,-926.97253,2444.5022
144.05118,-933.9941,2461.3098
133.68782,-928.9327,2501.395
106.92787,-909.51697,2536.727
81.10576,-885.5397,2558.589
48.88633,-882.37366,2602.7512
11.605316,-883.37415,2645.5789
-17.577497,-876.9117,2702.1313
-52.127876,-880.70264,2741.2942
-95.653854,-868.28723,2763.2444
-136.74168,-858.5435,2790.3623
-180.898,-863.56213,2803.1523
-219.92953,-870.72876,2812.3308
-247.2106,-871.4555,2824.2854
-279.9322,-866.2905,2827.1555
-302.1452,-875.8097,2835.0378
-324.42725,-885.46643,2841.2244
-349.82043,-885.8738,2835.034
-375.8751,-895.9845,2833.4734
-389.37195,-894.7544,2832.8428
-413.97534,-892.2139,2830.107
-427.07477,-886.57477,2820.225
-435.88177,-890.2276,2817.834
-457.00287,-891.5729,2814.6448
-465.83383,-889.0938,2824.3706
-496.19766,-899.13336,2811.4968
-500.54358,-887.96246,2820.4346
-501.6238,-902.2296,2800.3826
-505.77795,-900.93915,2791.0955
-503.45447,-872.8375,2783.5903
-502.17276,-890.93427,2769.8167
-494.35364,-871.85516,2783.2642
-510.83295,-868.6046,2777.3093
-499.99966,-876.1482,2785.317
-487.44916,-881.7559,2769.6802
-508.17172,-879.282,2780.944
-492.7516,-877.2584,2777.7312
-496.7618,-885.56506,2791.0642
-504.24554,-873.3791,2806.4424
-496.03345,-886.8986,2798.2778
-520.50354,-883.51514,2793.0608
-508.83597,-891.426,2791.9707
-518.46027,-886.5859,2789.9226
-515.5215,-901.6521,2793.6943
-519.7732,-908.374,2798.339
-543.7412,-912.8811,2789.7417
-545.5924,-965.0471,2807.4941
-598.05115,-1032.2196,2805.6802
-616.2292,-1029.5706,2807.0815
-625.8924,-1031.4722,2809.8362
-634.2468,-1028.9247,2816.6765
-627.31354,-1030.8083,2823.3296
-629.66455,-1028.0903,2828.1987
-637.3854,-1019.7478,2820.584
-661.53406,-1020.6817,2827.6433
-663.45557,-1022.04785,2840.6584
-630.4714,-1014.63525,2816.6218
-628.9475,-1010.59937,2822.4475
-630.4715,-996.9392,2799.7485
-641.13776,-994.6645,2813.6416
-656.59906,-988.3021,2816.4546
-672.22644,-974.5687,2823.3406
-671.5715,-969.20544,2830.5151
-668.80695,-958.7647,2828.0427
-649.1442,-953.4255,2819.1753
-650.0886,-950.73535,2820.2595
-644.8166,-942.85925,2820.3398
-634.8273,-933.29346,2808.0186
-619.93475,-930.8541,2807.4673
-616.12384,-931.9326,2807.9128
-614.83673,-920.8491,2801.369
-604.2233,-923.6852,2805.3118
-591.9101,-927.8293,2804.2495
-581.21967,-930.95166,2805.6704
-570.48816,-930.317,2816.2036
-561.0121,-917.1192,2807.918
-566.2148,-916.8987,2836.722
-557.492,-917.0754,2833.7332
-850.1667,-725.4252,2814.8088
-669.7636,-821.49744,2810.4814
-576.6236,-856.004,2805.2346
-529.37744,-863.1321,2796.499
-506.91626,-876.6089,2806.9844
-497.2912,-885.1464,2805.2668
-493.39105,-878.02637,2802.4214
-489.1302,-889.3302,2799.02
-478.76257,-883.4273,2792.5312
-481.41223,-891.6483,2801.21
-486.76337,-899.37585,2803.7515
-479.98907,-885.5917,2801.5645
-497.1259,-918.8208,2789.7603
-502.99222,-925.96436,2797.2373
-496.1778,-906.821,2804.971
-486.92084,-895.3424,2801.101
-484.97165,-891.5774,2801.7502
-480.17157,-889.29724,2801.3403
-481.6157,-887.56866,2802.4746
-491.08472,-896.9856,2804.7646
-488.27393,-897.32007,2803.5085
-491.12213,-896.416,2807.2573
-488.24185,-897.682,2805.0374
-489.71393,-889.9126,2801.4556
-488.7785,-891.88403,2793.3374
-504.0113,-899.5028,2802.1287
-508.0897,-909.41296,2811.3123
-509.89838,-911.43005,2805.9097
-500.7836,-909.3832,2805.1484
-509.1891,-921.0777,2817.0325
-489.8645,-919.01245,2815.7422
-502.99347,-906.1091,2806.3523
-520.4329,-916.50415,2829.0947
-523.31006,-917.60626,2834.203
-515.5987,-914.12756,2817.8765
-503.76978,-911.61066,2813.9077
-509.3457,-919.47876,2819.0566
-503.37506,-932.5749,2814.8845
-502.54684,-929.08606,2816.3384
-508.33362,-929.0161,2817.3623
-502.671,-924.9863,2817.2275
-486.4427,-911.7805,2808.1182
-490.55557,-912.04596,2808.812
-501.96594,-917.0895,2808.3447
-509.99716,-920.1301,2814.154
-505.4431,-913.8181,2811.7573
-500.15005,-916.78375,2805.7021
-501.95392,-916.99524,2805.4644
-504.02374,-913.25146,2808.7695
-497.22028,-913.8644,2818.0964
-509.15543,-884.3174,2802.46
-505.59216,-906.8412,2826.3696
-508.65057,-915.8681,2842.771
-505.07544,-910.7339,2826.4348
-510.24683,-894.98987,2807.51
-507.54434,-898.4301,2809.217
-500.69,-906.28424,2816.5344
-503.1007,-890.3894,2809.444
-501.10132,-893.54706,2810.8098
-500.65353,-900.72644,2807.706
-500.05072,-894.4904,2812.193
-496.72745,-899.0083,2806.1995
-507.82678,-872.8783,2807.2644
-494.4087,-873.9848,2810.5725
-500.17862,-881.996,2810.5886
-490.1671,-878.99097,2812.6292
-494.39038,-887.0122,2813.895
-502.41278,-890.3568,2812.5127
-496.0357,-886.0123,2812.146
-494.85812,-870.0802,2809.1946
-485.92688,-866.3039,2804.4028
-481.39313,-858.4126,2804.718
-461.47147,-839.0474,2806.488
-473.63635,-841.1555,2801.7688
-488.76962,-845.601,2803.4321
-467.71628,-844.6002,2806.9783
-462.77335,-816.60175,2807.0496
-445.08966,-768.9192,2812.2456
-419.38477,-735.1809,2816.4583
-470.84396,-843.3555,2796.094
-495.565,-863.9037,2809.4697
-524.68823,-875.6575,2814.0195
-529.758,-901.63354,2813.624
-543.389,-914.5947,2814.5264
-548.96106,-922.33246,2812.953
-551.6533,-916.2719,2822.365
-554.60645,-933.4155,2819.5935
-558.038,-919.7843,2822.6304
-554.12256,-919.40936,2819.871
-554.5641,-929.65533,2827.964
-551.4358,-928.87085,2816.819
-561.4641,-925.8107,2817.2803
-572.9093,-932.0354,2816.177
-558.2146,-929.8524,2818.3694
-556.24506,-924.68604,2819.851
-545.59174,-914.4089,2821.215
-542.4045,-913.49426,2825.1177
-540.6828,-914.9037,2827.154
-549.7902,-915.04816,2820.3713
-544.4133,-915.49316,2829.2769
-542.4978,-917.32153,2820.8706
-541.9783,-910.29425,2820.768
-537.9182,-908.4087,2824.4565
-563.51733,-925.44653,2808.5593
-537.1361,-923.3977,2825.5642
-536.74054,-917.8013,2818.3801
-542.3307,-926.6002,2819.813
-531.36395,-914.92566,2824.3267
-534.87213,-925.2234,2830.0037
-535.43713,-923.2693,2842.7542
-534.86115,-923.0274,2847.7825
-541.3275,-925.8536,2851.116
-550.2831,-923.9005,2841.891
-538.2781,-927.51794,2849.772
-532.9508,-934.2676,2855.337
-533.5725,-927.45404,2862.8784
-542.3922,-939.39294,2880.635
-539.5545,-936.9077,2887.903
-538.63434,-935.2401,2894.9954
-546.5725,-934.2799,2895.9814
-542.76514,-933.02716,2906.4136
-548.8684,-931.85645,2912.0562
-559.4361,-940.22424,2943.0132
-567.25946,-942.66907,2940.9458
-569.3774,-946.05115,2942.3538
-567.30945,-942.91907,2948.0608
-571.8219,-942.69855,2951.4424
-569.47974,-945.91797,2949.1985
-569.9566,-945.78705,2950.476
-580.2031,-950.2682,2949.997
-587.1096,-947.6986,2945.7249
-583.2139,-945.5372,2949.1106
-585.4893,-942.7761,2947.0522
-580.95154,-938.80786,2949.4724
-580.41174,-933.0051,2939.0806
-578.6441,-928.9965,2953.9001
-592.5605,-926.4429,2946.0027
-580.3483,-927.8191,2944.1868
-584.64233,-930.3457,2939.7812
-577.3055,-919.62854,2936.5762
-573.8859,-918.3694,2933.5803
-584.30786,-918.30475,2934.252
-580.3151,-923.1218,2941.211
-569.1931,-919.2633,2928.7056
-580.4755,-937.0099,2941.8535
-573.5348,-934.9408,2954.526
-567.43854,-930.3917,2949.5137
-565.3577,-931.51636,2951.2
-581.3628,-928.3993,2941.7234
-573.7693,-927.63727,2948.0764
-572.7971,-930.6942,2953.6292
-577.05896,-933.01825,2946.9668
-566.52057,-936.2743,2951.2842
-553.4238,-946.9655,2942.536
-258.28296,-957.4214,3055.9263
-116.00058,-939.57056,3109.7385
-93.16371,-1136.2745,3151.555
-20.352692,-938.372,3161.6367
-8.023087,-927.23035,3170.6484
7.9153748,-942.4519,3150.3545
-24.079803,-1044.1267,3204.9988
-8.892548,-944.48645,3188.2483
-11.694489,-935.0243,3188.4707
-29.590118,-1049.2029,3258.119
-99.29788,-1092.7183,3278.0657
22.247925,-954.91736,3214.736
9.94635,-940.95276,3206.1877
11.487976,-1055.5886,3282.062
-58.451874,-1096.5723,3317.4834
-108.236115,-1140.1273,3325.5571
-149.80132,-1175.5995,3321.3557
-178.94444,-1198.7943,3319.7688
-198.53728,-1226.3828,3306.0156
-217.70065,-1241.0553,3299.4668
-238.43343,-1258.0267,3284.5437
-256.12628,-1277.0496,3267.254
-268.04376,-1288.5005,3257.389
-278.94812,-1296.3749,3245.5396
-283.24017,-1307.8987,3234.8281
-286.83722,-1317.8672,3222.6023
-313.80063,-1332.7671,3210.1692
-335.68268,-1343.1323,3195.4438
-350.82098,-1353.0696,3178.0693
-361.21143,-1361.6302,3166.8909
-362.99722,-1362.4946,3162.3762
-355.34195,-1362.172,3155.7717
-353.46063,-1362.72,3149.4705
-340.8943,-1362.328,3141.1638
-333.5398,-1357.4114,3141.4033
-331.0846,-1343.1611,3147.0837
-327.9613,-1345.6091,3139.8633
-321.00073,-1340.1176,3139.7212
-316.879,-1333.8065,3140.9517
-317.6416,-1333.9471,3137.8103
-329.1486,-1334.7067,3134.074
-337.879,-1331.7485,3130.413
-346.56253,-1327.469,3129.6807
-360.0751,-1329.1552,3124.737
-368.15793,-1327.0349,3122.2058
-373.11502,-1321.4961,3123.0085
-383.4544,-1318.5361,3123.4382
-386.2463,-1310.5502,3136.1643
-378.20715,-1309.9003,3134.9111
-380.46912,-1308.0382,3132.3745
-387.73532,-1311.4695,3125.4526
41.010986,-840.3446,3424.0186
8.363525,-874.4355,3310.5112
85.39377,-1061.1732,3419.8982
2.895813,-1108.635,3424.1318
-62.92012,-1143.7468,3405.847
-129.99246,-1168.9717,3383.065
-166.86778,-1204.5856,3319.859
-200.08316,-1215.7911,3283.6748
-233.77603,-1224.3229,3246.8083
-262.22968,-1243.9766,3196.2454
-309.67203,-1238.9407,3201.8672
166.08252,-893.256,3231.858
125.59184,-830.668,3318.3062
118.427475,-854.5851,3282.5488
122.228745,-841.08527,3273.6838
120.763504,-831.25696,3262.2253
130.68906,-831.21045,3237.053
131.6705,-845.69086,3198.2
134.30565,-836.1588,3154.3567
157.6586,-780.7706,3108.728
158.93,-773.59106,2958.227
36.64627,-685.33203,2983.287
1.0956726,-775.4518,2884.781
-24.306595,-813.0875,2826.1042
-57.56404,-838.75635,2751.6023
-84.89365,-847.9054,2702.962
-107.21895,-852.10095,2668.7754
-128.00337,-849.4385,2619.552
-144.49312,-855.63904,2587.97
-160.96727,-859.94116,2566.9272
-183.82034,-858.80005,2552.5347
-187.94519,-848.81885,2537.453
-192.00832,-841.5304,2537.3247
-189.89807,-836.40674,2540.095
-190.20215,-878.3999,2536.2053
-171.29912,-883.8164,2541.8032
-142.54253,-882.08154,2536.018
-146.8976,-885.16675,2529.3005
-141.55286,-897.1207,2537.5576
-149.10391,-892.4815,2532.3235
-138.89037,-891.4157,2535.3362
-130.96156,-887.1974,2534.45
-137.23798,-885.1567,2539.8315
-129.2315,-889.30615,2533.3962
-119.59659,-877.8192,2530.7385
-127.618,-879.062,2521.2974
-135.19604,-876.42004,2513.859
-134.25354,-866.7673,2507.3071
-138.05956,-870.23303,2514.1614
-130.47147,-876.6704,2527.5566
-134.67245,-874.7699,2532.2493
-129.49167,-892.37805,2553.4717
-131.6867,-891.5867,2557.8003
-140.34038,-895.50995,2572.6746
-130.9341,-951.9321,2580.3064
-111.93994,-935.107,2593.9683
-107.14429,-966.2059,2593.0398
90.498474,-913.2501,2567.1042
210.47282,-893.31213,2540.0115
305.35068,-895.4701,2543.169
344.61526,-896.41644,2514.6558
379.408,-891.64954,2500.9392
408.3096,-882.5614,2488.8403
433.15005,-875.3606,2479.6724
441.56824,-869.0058,2473.288
452.10422,-863.47534,2472.375
461.28278,-870.6835,2463.3933
476.97086,-858.73816,2449.5757
493.5761,-857.1347,2443.31
512.3619,-848.4342,2443.3135
514.44165,-846.86816,2437.7083
519.9644,-840.78424,2431.0374
524.70197,-844.7907,2418.0327
527.1702,-840.50385,2415.2612
535.5416,-838.7673,2406.477
545.7367,-837.88696,2411.6858
541.62756,-832.75385,2403.3005
556.25854,-837.5324,2400.231
562.54297,-848.8773,2389.6843
569.73535,-840.723,2375.7742
574.69055,-830.46765,2399.8247
574.2014,-836.36426,2397.9602
565.3535,-837.62354,2396.5237
558.61145,-841.6251,2391.052
551.2613,-838.0742,2399.1423
545.636,-836.92114,2399.8218
537.60736,-837.1654,2399.9731
530.802,-858.8087,2400.2456
510.6714,-876.3404,2432.078
470.26422,-874.60944,2471.7424
446.12683,-876.8678,2549.9802
414.32928,-895.2511,2624.3665
363.16125,-898.7338,2696.4717
312.21158,-905.43677,2753.0928
218.18495,-916.6661,2813.1213
140.88853,-941.57,2877.1301
85.64297,-955.6082,2962.2212
81.20708,-783.70374,3078.7666
100.37081,-870.11755,3161.2214
75.83963,-921.5199,3150.8738
113.63114,-496.61255,3083.7578
105.17149,-433.70117,3020.4065
69.22601,-400.3374,2977.4055
32.287384,-389.88937,2962.3416
-4.927826,-371.9737,2965.1145
-298.9999,-683.62756,3016.067
-454.175,-803.3141,3027.7192
-556.0676,-850.0494,3012.405
-589.46277,-874.66174,2999.3662
-629.17804,-883.5479,2993.2756
-648.65094,-892.3659,2999.4067
-650.73486,-897.93195,3002.8816
-637.3733,-890.9519,3008.1768
-632.2109,-887.7518,3010.548
-619.12524,-886.3519,3019.5876
-628.73773,-886.89874,3017.5789
-637.65295,-882.60474,3029.6301
-632.7551,-884.25024,3026.1086
-622.1605,-881.5064,3029.2134
-628.37964,-889.1551,3024.6013
-624.93445,-885.4652,3027.4766
-627.7947,-890.5382,3023.7168
-633.31335,-891.72473,3020.784
-620.582,-889.796,3024.336
-621.71173,-893.2577,3012.346
-621.86816,-890.9415,3014.584
-620.6494,-895.8583,3015.391
-620.95734,-896.6228,3034.0276
-621.2522,-893.40515,3021.1812
-626.4574,-898.6918,3024.2136
-634.07446,-894.1282,3027.3733
-627.05676,-892.71,3032.3435
-615.28766,-893.4328,3024.186
-619.5701,-899.0741,3024.1465
-615.0063,-895.4466,3019.197
-612.0214,-890.37994,3018.6914
-612.5196,-891.27155,3019.9827
-611.3816,-894.5496,3017.6482
-613.8881,-896.597,3016.9915
-615.59,-892.8759,3014.122
-610.2428,-898.96967,3012.564
-612.49677,-900.52344,3013.5125
-614.33984,-898.0855,3006.472
-621.70447,-899.31085,3007.963
-610.53955,-896.80994,3006.0796
-612.07874,-896.9883,3006.5515
-613.5612,-893.11566,3008.0515
-612.01587,-892.9617,3012.5862
-613.50867,-891.90784,3009.6724
-30.660507,-963.4846,2826.106
-616.03064,-884.46094,3011.9736
-612.28864,-881.2954,3002.247
-615.64636,-873.4035,3000.0928
-603.3349,-875.8724,3003.2188
-615.2678,-878.45544,3012.8088
-598.9775,-876.20984,3000.697
-596.64984,-879.8544,2993.305
-594.0968,-881.2832,2984.756
-615.19183,-890.0377,2985.439
-614.62427,-893.36017,2996.9062
-619.5544,-886.32733,3014.0674
-612.5155,-875.13275,3036.4844
-612.02545,-874.80237,3068.8188
-616.11127,-858.0226,3093.4207
71.48623,-981.3423,2761.44
-575.7396,-765.37085,3159.6162
-511.36838,-682.0138,3167.832
-441.33533,-608.04175,3172.158
-411.13208,-682.9179,3178.603
-359.67603,-738.18665,3150.945
-319.1549,-785.23395,3123.754
-287.01654,-826.0763,3098.2793
-256.20157,-861.89233,3072.501
-233.26364,-893.6996,3045.809
-213.0526,-922.2434,3022.1848
-194.51022,-947.74036,2998.8398
-179.43199,-966.7724,2978.7349
-163.2654,-981.625,2962.7297
-147.46964,-994.7466,2944.2495
-21.56961,-596.31244,2916.8845
124.43418,-593.7005,2735.1426
186.47588,-588.9309,2586.5352
188.5505,-560.03174,2470.4077
177.83965,-522.6229,2376.2236
171.17786,-477.6725,2310.2268
156.6153,-413.4321,2242.5571
133.04518,-339.4172,2194.5334
113.368866,-269.8505,2154.6328
105.257996,-206.90578,2118.5715
100.81696,-143.89064,2100.6543
106.97708,-77.060135,2070.175
102.258354,-27.92981,2079.6855
116.334236,10.746109,2089.4106
123.036064,27.978485,2112.1184
137.68983,26.56781,2109.6396
164.65569,11.578049,2122.6519
183.16626,-31.349594,2138.2004
213.63353,-84.76454,2139.0679
236.89441,-162.9374,2137.8936
257.0822,-237.09714,2156.2732
274.11804,-331.46298,2189.3777
277.1189,-463.1104,2235.6824
252.15259,-575.30695,2321.4844
228.11339,-632.1362,2425.6113
184.56387,-701.0122,2517.251
152.15872,-707.79663,2577.2405
114.99156,-727.7521,2632.8674
55.94832,-746.58405,2691.203
-4.3197937,-756.897,2751.5122
-69.0526,-769.97095,2797.6675
-175.692,-816.7393,2881.0393
-247.89536,-839.7777,2930.5571
-302.1316,-844.87506,2975.3022
-363.94592,-845.626,2995.4456
-415.8433,-853.74725,3005.3125
-455.2354,-854.8822,3021.363
-486.0964,-852.34686,3034.8535
-514.5635,-852.01587,3032.0745
-539.9273,-851.783,3037.307
-559.33215,-847.5091,3039.3313
-579.8114,-854.8209,3035.3186
-600.55896,-864.28284,3031.007
-612.5002,-868.01154,3032.398
-612.1227,-863.92676,3027.8015
-620.088,-872.8984,3014.9482
-631.13336,-873.4816,3019.7783
-626.46277,-875.0981,3019.6963
-635.98914,-876.86053,3007.3826
-632.14966,-872.61896,3020.3916
-634.9229,-877.0785,3026.472
-640.0498,-882.02783,3003.8726
-642.50415,-879.6865,3020.6997
-642.72894,-878.01294,3009.9338
-644.4114,-871.4291,3018.9924
-639.09454,-883.8586,3019.7468
-644.48773,-883.53894,3023.444
-655.47754,-879.5657,3043.0789
-651.7554,-888.41754,3038.2332
-647.5024,-886.07684,3037.2087
-649.5368,-879.73096,3038.7239
-647.5779,-880.30774,3031.7249
-644.7214,-877.895,3029.0818
-646.5718,-879.6179,3034.8843
-641.5917,-884.6851,3033.0056
-641.1407,-882.29626,3032.5886
-635.4651,-876.5181,3030.8906
-636.5822,-879.7876,3034.2026
-635.64996,-874.78906,3029.1196
-636.7246,-870.6577,3033.169
-631.62134,-872.7937,3025.1868
-624.10455,-872.9826,3022.4219
-624.2491,-869.5904,3029.0796
-623.12006,-864.9076,3026.8848
-619.37787,-860.9508,3024.546
-610.2918,-866.3183,3014.8137
-610.23773,-866.95575,3011.802
-598.10236,-861.939,3017.5063
-595.074,-852.31616,3026.2185
-579.032,-855.3445,3034.6506
-569.37537,-841.6619,3060.4707
-541.3178,-841.4104,3074.0627
-518.2763,-845.5542,3093.5286
-481.43427,-874.4759,3118.6196
-427.6969,-876.95276,3130.1802
-371.59125,-893.3961,3143.6575
-316.49042,-904.59955,3152.5032
125.296745,-880.48804,2774.3862
130.38504,-883.7744,2781.7627
125.74996,-891.36743,2745.2356
-106.992294,-906.0709,3082.9983
-16.818947,-901.4645,3046.682
75.071014,-915.56213,3017.048
163.78171,-906.4067,2972.7732
236.91174,-893.32404,2934.4016
286.26855,-883.79395,2892.9192
327.78772,-871.7748,2828.0706
363.37567,-866.7874,2781.4575
387.14087,-858.8337,2715.4983
404.93265,-856.1256,2662.684
420.98816,-850.2269,2608.6775
426.10278,-849.22925,2557.718
426.3891,-841.7186,2510.529
423.77667,-837.1752,2461.0518
420.94318,-837.85266,2419.4812
395.1301,-832.9083,2385.5422
372.54535,-833.75134,2353.7383
349.10873,-835.0686,2330.4802
327.4201,-833.6428,2297.8618
316.37366,-834.2374,2273.192
292.34222,-838.36475,2253.2876
264.4138,-846.46497,2245.7527
234.3263,-848.3491,2230.0251
185.86588,-851.6243,2213.924
166.32022,-858.69727,2216.6064
160.14543,-863.6072,2210.2476
144.66763,-889.08496,2208.0105
134.11902,-920.7034,2221.4753
102.6703,-930.1731,2226.4292
76.48572,-927.26215,2214.727
74.55558,-930.8988,2219.1934
77.915184,-910.5337,2213.8782
71.521614,-878.4794,2204.3247
86.53765,-863.89905,2203.822
91.739006,-861.6918,2195.1997
96.32782,-872.0204,2187.009
98.19638,-885.15265,2190.6614
81.98389,-893.36206,2192.7478
80.07884,-907.8683,2184.43
66.06282,-914.55066,2193.316
45.046158,-913.57605,2193.4631
60.42511,-910.8415,2201.5696
40.603058,-947.7211,2245.1975
45.58548,-983.5008,2239.8364
45.39206,-977.079,2186.6782
42.50943,-997.5692,2189.43
47.66185,-1023.40576,2187.085
47.344284,-1063.9033,2220.3154
3.3013458,-1063.9165,2174.215
-7.875992,-1093.6805,2185.6775
-29.097305,-1137.6495,2200.1694
79.72514,-1203.8789,2166.6233
130.22786,-1235.6396,2150.1655
159.37732,-1254.2848,2124.5906
171.58476,-1274.4706,2123.6885
171.60567,-1286.0422,2124.6182
168.35811,-1299.4216,2118.836
165.63225,-1317.0823,2114.9705
172.38724,-1332.6587,2117.5564
174.66861,-1344.7471,2116.2544
178.1278,-1352.4939,2122.369
169.98947,-1363.1008,2107.0818
153.29068,-1371.9084,2115.7854
141.84314,-1375.6323,2111.597
153.86238,-1372.5778,2130.52
163.051,-1369.7274,2130.3938
161.06688,-1368.1443,2122.25
168.44615,-1361.7399,2122.493
169.85797,-1358.7014,2130.519
174.69847,-1351.8573,2137.632
174.3295,-1346.7701,2135.6377
178.05139,-1336.0533,2144.359
184.29283,-1323.3203,2151.6106
174.74792,-1313.1837,2153.1333
147.71902,-1313.3259,2120.811
140.55412,-1301.4948,2116.2356
129.83495,-1289.565,2115.4407
125.84845,-1277.8278,2113.8562
126.28553,-1267.6978,2112.536
122.861244,-1257.7969,2112.4565
118.43431,-1252.7822,2105.2703
115.10485,-1247.0183,2107.902
115.40115,-1244.9116,2107.1118
109.63861,-1250.4236,2103.9778
111.080185,-1251.0197,2117.4502
107.685745,-1261.8652,2126.9392
135.1424,-1264.3264,2144.018
136.13246,-1277.8928,2141.9849
128.44154,-1294.3245,2131.683
144.36794,-1301.2229,2132.1924
152.72012,-1290.1542,2144.447
177.4501,-1268.4403,2137.6072
206.09415,-1239.1134,2123.35
232.68011,-1211.1069,2123.7385
247.91357,-1194.7809,2119.871
255.80997,-1194.4082,2126.5835
252.23224,-1196.5072,2121.8198
250.81232,-1192.4359,2128.8887
261.0243,-1176.3447,2149.3428
222.97278,-1227.1445,2082.3127
170.40096,-1267.6556,2031.1527
249.49547,-1175.5078,2184.3303
247.3762,-1190.0201,2176.3015
235.99353,-1220.277,2105.532
202.13437,-1237.6241,2074.029
167.42001,-1245.2372,2063.86
141.49188,-1244.6125,2058.516
116.80252,-1235.2703,2062.411
96.90019,-1222.8796,2069.4485
86.51063,-1208.8458,2073.7925
76.75092,-1193.3693,2080.1865
72.51792,-1175.4885,2087.0007
68.01424,-1159.3215,2090.3477
65.47929,-1141.7562,2094.7961
64.701706,-1129.626,2097.2053
61.81952,-1117.7699,2098.603
57.428318,-1108.244,2100.8518
55.60846,-1098.0385,2102.654
52.23263,-1093.0005,2103.4785
47.03622,-1091.2163,2103.8237
48.317684,-1091.9856,2100.187
51.600716,-1099.2633,2096.947
57.296753,-1108.4113,2096.5366
60.39165,-1115.892,2115.9277
68.85283,-1125.4265,2124.4329
80.67365,-1134.446,2137.2766
357.51193,-1001.38916,2183.818
281.9821,-1120.465,2193.8887
238.49654,-1139.4618,2193.5825
215.30563,-1153.4623,2171.808
199.43,-1163.1819,2168.382
193.22916,-1167.6499,2150.7944
192.79234,-1168.1042,2148.07
185.95897,-1177.1227,2130.019
179.57727,-1181.2804,2127.586
169.3869,-1185.9949,2117.799
152.74715,-1189.2908,2119.222
145.41785,-1191.0535,2115.044
139.62172,-1192.5168,2105.852
134.1775,-1195.0652,2103.3335
130.55185,-1195.5042,2076.5935
117.17535,-1194.5035,2088.2708
110.50455,-1197.6388,2069.328
98.31908,-1197.988,2065.7854
88.437965,-1199.2874,2057.6042
86.66872,-1195.5322,2061.0757
84.12447,-1196.3722,2054.918
78.485115,-1198.1182,2049.6887
71.64206,-1198.4204,2053.1904
74.10482,-1193.0892,2054.9255
90.98804,-1183.856,2055.2595
107.97288,-1176.2334,2055.844
107.35958,-1174.8428,2068.028
128.1801,-1157.4392,2092.0928
145.26454,-1150.8926,2091.2761
160.41919,-1141.8088,2101.3618
168.0805,-1147.0543,2084.5361
174.34024,-1145.2042,2100.9797
181.70807,-1144.3375,2100.1208
192.84538,-1137.7441,2107.124
207.9762,-1125.7324,2114.767
222.9852,-1118.8339,2115.332
234.40437,-1115.2087,2136.0762
241.95905,-1131.7991,2128.3713
240.16043,-1152.5557,2138.3552
238.04869,-1165.2532,2142.9814
233.23553,-1174.9141,2146.054
224.20265,-1185.9858,2147.0708
230.43199,-1187.5765,2153.163
215.29254,-1205.199,2152.1523
207.52718,-1217.1261,2142.602
193.65385,-1225.1357,2141.5562
184.15004,-1228.257,2128.061
170.41693,-1234.6167,2113.054
150.75098,-1234.0475,2111.219
130.69086,-1230.0962,2105.7197
113.326454,-1220.6141,2103.1968
178.37082,-1191.9205,2108.3384
176.47552,-1164.6129,2163.684
168.32675,-1140.633,2171.849
160.01567,-1112.1244,2187.7708
147.71458,-1078.117,2205.9941
141.12222,-1041.8073,2217.949
136.12888,-959.08374,2212.2412
156.17648,-923.15894,2231.3186
180.5954,-869.1697,2249.1685
190.87624,-807.45703,2244.5469
206.81882,-746.83,2269.3044
209.74695,-694.61914,2291.2053
237.08325,-647.0066,2318.0134
247.81766,-588.88824,2333.3604
248.43314,-526.95807,2336.6013
261.4327,-475.77228,2352.698
264.256,-434.29462,2367.8357
264.1218,-408.05386,2382.7712
257.11346,-479.84814,2204.9949
224.91827,-568.73804,2079.056
160.27554,-646.258,1987.819
85.06276,-707.1824,1923.3014
17.858154,-757.14514,1886.5817
-49.660034,-798.3564,1863.3325
-114.388565,-831.76465,1847.9014
65.485306,-612.9901,2348.6309
51.775574,-660.9927,2278.1475
32.39023,-706.29333,2222.0776
6.228775,-745.40344,2169.6785
-18.20285,-774.1999,2125.4404
-44.777176,-807.3041,2072.6882
-63.3051,-831.7146,2022.3955
-69.548584,-852.21045,2000.385
-75.12724,-869.3589,1974.4658
-75.0638,-881.29095,1955.949
-60.81746,-880.0853,1941.949
-48.016388,-875.11255,1902.5634
-33.013245,-873.7706,1891.716
-15.24707,-868.97375,1871.9479
12.731262,-863.9885,1847.9609
32.33406,-876.63763,1825.3185
55.670715,-880.16296,1806.0402
77.31416,-878.42554,1793.3868
100.68091,-869.45374,1776.1433
119.0168,-862.02765,1767.4473
140.80911,-870.93695,1768.1564
156.7496,-870.354,1754.5005
182.58643,-871.3088,1761.3733
209.70023,-879.5228,1777.5079
230.93036,-892.6454,1774.3127
254.64682,-895.8694,1768.3522
273.34296,-906.77747,1755.049
-218.5825,-1111.7076,1662.1799
-88.856064,-844.5085,2071.9214
-96.11376,-836.5964,2122.1172
-103.87783,-842.9529,2151.6357
-113.55821,-853.21326,2169.1196
-125.473465,-861.2081,2173.7654
-127.405334,-873.19385,2177.4482
-124.73129,-882.0051,2178.9805
-125.82428,-894.263,2189.9258
-112.18316,-905.63617,2196.092
-124.30011,-909.4656,2198.38
-125.95744,-914.7462,2200.827
-113.450836,-919.31146,2216.6077
-125.88382,-924.73474,2218.151
-136.06229,-930.1597,2225.6199
-137.7997,-934.755,2228.086
-133.23877,-935.4354,2239.9417
-145.86716,-936.01117,2234.1338
-149.18933,-937.7239,2238.1624
-152.1428,-938.0444,2248.627
-152.20505,-942.18225,2243.3687
-145.47842,-943.89844,2240.1672
-154.1528,-942.59454,2240.3357
-156.76247,-941.355,2237.7231
-156.32329,-942.30383,2243.128
-152.828,-941.5945,2246.6033
-149.33237,-936.7395,2242.2217
-151.3598,-937.77893,2235.3296
-140.97969,-941.2088,2263.166
-130.02818,-946.0105,2289.205
-114.83162,-949.37317,2307.0593
-98.74054,-953.1811,2312.8513
-130.29384,-941.0853,2227.1558
-123.59501,-945.66077,2221.8748
-129.04076,-943.40356,2205.7727
-133.30133,-939.6458,2199.6326
-132.27011,-941.5858,2206.3125
-122.9878,-945.7732,2199.7764
-128.55777,-941.2827,2202.2258
-133.21979,-938.74146,2198.9126
-138.67003,-937.4178,2207.0132
-140.51611,-937.45044,2210.9548
-139.91269,-937.5397,2208.6506
-135.89503,-933.1738,2219.5566
-134.10379,-930.0504,2220.0637
-127.53968,-924.18866,2211.797
-112.27961,-918.63635,2174.751
-107.658394,-909.9553,2177.3298
-109.99346,-886.7286,2204.1414
-108.55841,-882.21484,2197.08
-63.458557,-895.7263,2184.1216
-78.55636,-861.9059,2199.0474
-34.093826,-877.7017,2186.8567
5.5829773,-887.97046,2165.604
-12.981033,-849.3644,2133.233
35.25685,-859.11694,2080.726
86.78439,-868.6293,2035.375
139.52411,-878.0907,1979.5159
200.62119,-886.7018,1930.0077
247.73772,-890.60144,1881.2758
289.86383,-893.2961,1827.9504
349.12088,-890.3845,1766.0187
387.31137,-877.1824,1694.9
423.2135,-871.3209,1645.8458
460.6492,-865.0277,1619.3636
501.32245,-858.22546,1590.1489
535.2857,-849.4947,1562.0299
572.1857,-845.2118,1553.2576
594.891,-851.572,1551.5957
616.1245,-857.67847,1554.0077
644.27246,-863.85205,1555.262
599.19305,-890.13855,1567.5856
581.0191,-904.2732,1576.4825
582.5289,-913.3275,1576.2423
606.3131,-915.36914,1570.4442
619.6156,-919.87,1575.263
633.1194,-922.30835,1576.4222
654.25946,-916.2002,1573.4885
669.74585,-916.0304,1574.3251
687.6987,-916.5413,1575.2483
702.4948,-918.3508,1572.3846
710.1233,-923.11554,1567.4365
715.0453,-923.9933,1548.235
713.5803,-927.6863,1516.5156
716.1599,-929.2827,1495.3414
710.1578,-938.6057,1490.2936
702.766,-929.22546,1473.4725
707.756,-930.66516,1440.8478
724.5731,-943.70825,1457.1383
741.32623,-952.40063,1469.1921
755.2392,-960.4662,1470.5177
664.0925,-942.15564,1501.1152
685.9134,-970.03156,1483.8173
706.4703,-979.1787,1465.9218
581.92914,-880.2889,1293.485
624.6498,-875.34827,1402.4265
640.7273,-883.7156,1376.5186
670.2948,-864.60583,1483.2123
677.9769,-874.24805,1431.1445
681.00116,-874.9456,1383.7653
737.45416,-870.95435,1526.9004
725.19556,-940.4464,1471.6416
711.81195,-982.1104,1427.9312
714.8182,-1009.73486,1356.7642
706.191,-1014.3401,1224.227
669.0488,-1019.42194,1142.2505
643.9338,-1030.0925,1094.5908
632.165,-1035.9462,1065.0786
626.9814,-1039.34,1045.3309
625.14496,-1041.4008,1031.1445
624.9544,-1042.714,1020.3317
625.52783,-1043.5929,1011.7161
626.42084,-1044.2083,1004.6337
627.41693,-1044.6553,998.6874
628.41876,-1044.9885,993.6227
629.39954,-1045.2384,989.2647
630.27966,-1045.4358,985.4938
631.0689,-1045.5929,982.2138
631.7764,-1045.7186,979.34937
632.4109,-1045.8195,976.83966
632.97974,-1045.9006,974.63464
633.49,-1045.9662,972.69275
633.9477,-1046.0189,970.9789
634.3587,-1046.0618,969.46356
634.72766,-1046.0964,968.12134
635.05896,-1046.1244,966.9306
635.3567,-1046.1472,965.8729
635.62415,-1046.1658,964.93195
635.86456,-1046.1808,964.09406
636.0808,-1046.193,963.34717
636.27515,-1046.203,962.6806
636.44995,-1046.211,962.08527
636.60724,-1046.2178,961.55304
636.7487,-1046.2233,961.077
636.876,-1046.2278,960.651
636.99054,-1046.2314,960.2694
637.09357,-1046.2345,959.9275
637.1863,-1046.237,959.6209
637.2698,-1046.2393,959.346
637.34485,-1046.2411,959.09937
637.4125,-1046.2426,958.878
637.47327,-1046.2439,958.67926
637.5281,-1046.2451,958.50073
637.57733,-1046.246,958.34045
637.6217,-1046.247,958.1964
637.6616,-1046.2478,958.06696
637.6975,-1046.2484,957.9506
637.7299,-1046.249,957.8461
637.75903,-1046.2496,957.752
637.7852,-1046.2501,957.6675
637.80884,-1046.2507,957.59143
637.8301,-1046.2512,957.52313
637.8492,-1046.2516,957.46155
637.8664,-1046.2521,957.4062
637.8819,-1046.2526,957.35645
637.8958,-1046.2529,957.31165
637.9083,-1046.2534,957.27136
637.9196,-1046.2538,957.23517
637.92975,-1046.2542,957.2025
637.93896,-1046.2545,957.1731
637.9472,-1046.2549,957.1467
637.9546,-1046.2554,957.123
637.96124,-1046.2557,957.10156
637.9672,-1046.2561,957.08234
637.9727,-1046.2565,957.0649
637.97754,-1046.2568,957.0493
637.98193,-1046.2572,957.0353
637.98584,-1046.2576,957.0226
637.9894,-1046.2579,957.0112
637.9926,-1046.2584,957.00085
637.9955,-1046.2588,956.99164
637.99805,-1046.259,956.98334
638.00037,-1046.2595,956.9758
638.00244,-1046.2598,956.9691
638.00433,-1046.2603,956.96295
638.00604,-1046.2606,956.95746
638.00757,-1046.261,956.9525
638.0089,-1046.2614,956.9481
638.0102,-1046.2617,956.9441
638.0113,-1046.2621,956.9405
638.01227,-1046.2625,956.93713
638.0132,-1046.2628,956.9342
638.014,-1046.2632,956.9316
638.0147,-1046.2635,956.9292
638.0154,-1046.2639,956.927
638.016,-1046.2644,956.925
638.01654,-1046.2646,956.9232
638.01697,-1046.2651,956.92163
638.0174,-1046.2654,956.9202
638.0178,-1046.2659,956.91895
638.0181,-1046.2661,956.91766
638.0185,-1046.2666,956.9166
638.01874,-1046.2668,956.91565
638.019,-1046.2673,956.9148
638.0192,-1046.2677,956.914
638.0195,-1046.2681,956.91327
601.16016,-761.28986,828.42834
413.53238,-744.1172,737.9716
332.71387,-680.6284,795.9673
283.45834,-599.68085,849.9289
291.42816,-593.89276,737.25275
256.26477,-564.96173,840.21
244.7233,-559.50934,856.84515
175.14702,-562.2999,832.7068
135.95161,-571.6345,788.6905
223.09032,-639.5345,817.39124
228.80612,-720.94934,763.5735
239.63072,-751.6613,747.4564
253.50687,-764.7728,746.5155
268.0278,-770.1439,752.08795
284.5715,-771.43384,761.429
301.26468,-770.0272,774.18713
268.43848,-710.0167,764.11456
254.05435,-680.59326,770.11426
254.6062,-666.37524,778.9782
261.85547,-657.77954,792.388
274.49924,-652.57153,805.6158
290.8664,-647.97,821.08844
357.48782,-651.47534,823.3449
321.19223,-639.4011,847.7118
350.53827,-628.35925,878.18555
425.7419,-634.9592,863.88586
378.24744,-457.48944,799.0571
431.37122,-379.07062,832.8653
466.0506,-338.4793,834.53033
485.23376,-320.84787,822.3278
586.3066,-558.89374,1151.1447
538.53986,-742.3673,1037.3542
574.1834,-757.3831,956.52856
599.76154,-750.2429,903.7263
613.3219,-742.3363,872.8849
618.528,-737.4884,854.0718
619.05383,-735.0321,841.72
617.2429,-733.9508,833.0341
614.39624,-733.57153,826.57806
611.19183,-733.5242,821.5786
607.9667,-733.6228,817.5985
604.8869,-733.7698,814.3599
601.99164,-733.96533,811.75366
599.3532,-734.12506,809.5577
596.96277,-734.25525,807.7034
594.80505,-734.36096,806.1342
592.862,-734.4468,804.8031
591.11456,-734.51636,803.6712
589.54474,-734.5728,802.70636
588.1352,-734.61865,801.88165
586.8699,-734.65576,801.1751
585.73425,-734.68585,800.5682
584.7152,-734.7103,800.04535
583.80054,-734.7301,799.59406
582.9795,-734.7462,799.2035
582.24243,-734.7593,798.86444
581.5807,-734.7698,798.56964
580.98645,-734.77844,798.31256
580.45276,-734.7854,798.08795
579.9733,-734.79114,797.8912
579.54254,-734.79584,797.71857
579.1555,-734.7996,797.5668
578.8076,-734.80273,797.4331
578.4949,-734.80524,797.3151
578.2138,-734.8074,797.2108
577.96106,-734.8091,797.1185
577.73376,-734.81055,797.0367
577.5294,-734.81165,796.964
577.3457,-734.8127,796.8995
577.18036,-734.8135,796.84204
577.0317,-734.8142,796.79083
576.89795,-734.8148,796.74524
576.77765,-734.8153,796.7046
576.6694,-734.8158,796.6682
576.572,-734.81616,796.6357
576.4844,-734.8165,796.6066
576.4055,-734.81683,796.5806
576.33466,-734.81714,796.5574
576.27075,-734.8174,796.5365
576.2133,-734.8176,796.51776
576.16174,-734.8179,796.50104
576.1152,-734.818,796.48596
576.07336,-734.81824,796.47253
576.0357,-734.81836,796.4604
576.00183,-734.8186,796.4496
575.97125,-734.8188,796.4397
575.9439,-734.819,796.43097
575.9192,-734.8191,796.42316
575.8969,-734.8193,796.4161
575.877,-734.81946,796.40967
575.85895,-734.8196,796.40393
575.8428,-734.81976,796.3988
575.82825,-734.81995,796.39417
575.8151,-734.82007,796.38995
575.80334,-734.82025,796.3862
575.7927,-734.82043,796.3829
575.78314,-734.82056,796.3798
575.77454,-734.82074,796.37714
575.76685,-734.8209,796.3747
575.7599,-734.82104,796.3725
575.7536,-734.8212,796.3704
575.748,-734.8214,796.36865
575.7429,-734.82153,796.36707
575.73834,-734.82166,796.36566
575.7342,-734.82184,796.36426
575.7306,-734.82196,796.3631
575.72723,-734.82214,796.36206
575.72424,-734.82227,796.3611
575.7216,-734.82245,796.3602
575.7192,-734.82263,796.35944
575.717,-734.82275,796.35876
575.7151,-734.82294,796.3581
575.71326,-734.82306,796.35754
575.7117,-734.82324,796.35706
575.7103,-734.82336,796.35657
575.70905,-734.82355,796.35614
575.7079,-734.8237,796.3558
575.70685,-734.82385,796.3554
575.70593,-734.82404,796.35516
575.7051,-734.82416,796.3548
575.7044,-734.82434,796.35455
575.7037,-734.82446,796.3544
575.70306,-734.82465,796.3541
575.7026,-734.82477,796.35394
575.7021,-734.82495,796.35376
575.7016,-734.82513,796.35364
575.7013,-734.82526,796.35345
575.7009,-734.82544,796.35333
575.70056,-734.82556,796.3532
575.7004,-734.82574,796.35315
575.7001,-734.82587,796.35297
575.6998,-734.82605,796.3529
575.6997,-734.8262,796.35284
575.6995,-734.82635,796.3527
575.69934,-734.82654,796.35266
575.6992,-734.82666,796.3526
575.6991,-734.82684,796.3526
575.699,-734.82697,796.3525
575.6989,-734.82715,796.3524
575.6988,-734.8273,796.3524
575.6987,-734.82745,796.35236
575.69867,-734.8276,796.3523
575.6986,-734.82776,796.35223
575.69855,-734.8279,796.35223
575.69855,-734.82806,796.35223
575.6985,-734.82825,796.3522
575.6984,-734.82837,796.3521
575.6984,-734.82855,796.3521
575.6984,-734.8287,796.35205
575.69836,-734.82886,796.35205
575.69836,-734.829,796.352
575.69836,-734.82916,796.352
575.69836,-734.82935,796.3519
575.6983,-734.82947,796.3519
575.69836,-734.82965,796.3519
575.69836,-734.8298,796.3519
575.69836,-734.82996,796.35187
575.69836,-734.8301,796.35187
575.69836,-734.83026,796.35187
575.69836,-734.8304,796.35187
575.6984,-734.83057,796.3518
575.69836,-734.83075,796.35175
575.69836,-734.8309,796.35175
575.6984,-734.83105,796.3517
575.6984,-734.8312,796.3517
575.6984,-734.83136,796.3517
575.6985,-734.8315,796.3517
575.6985,-734.83167,796.3516
575.6985,-734.8318,796.3516
575.69855,-734.832,796.3516
575.69855,-734.83215,796.3516
575.69855,-734.8323,796.35156
575.69855,-734.8324,796.35156
575.69855,-734.8326,796.35156
575.69855,-734.83276,796.35156
575.6986,-734.8329,796.3515
575.6986,-734.83307,796.3515
575.6986,-734.8332,796.3515
575.69867,-734.8334,796.35144
575.69867,-734.8335,796.35144
575.69867,-734.8337,796.35144
575.6987,-734.83386,796.35144
575.6987,-734.834,796.3514
575.6987,-734.8341,796.3514
575.6987,-734.8343,796.3514
575.6988,-734.8345,796.3514
575.6988,-734.8346,796.3513
575.6988,-734.8348,796.3513
575.69885,-734.83496,796.3513
575.69885,-734.8351,796.3513
575.69885,-734.8352,796.35126
575.6989,-734.8354,796.35126
575.6989,-734.8356,796.35126
575.6989,-734.8357,796.3512
575.699,-734.8358,796.3512
575.699,-734.836,796.3512
575.699,-734.8362,796.3512
575.69904,-734.8363,796.35114
575.69904,-734.8365,796.35114
575.69904,-734.8366,796.35114
575.6991,-734.8368,796.35114
575.6991,-734.8369,796.3511
575.6991,-734.8371,796.3511
575.69916,-734.8373,796.3511
575.69916,-734.8374,796.351
575.69916,-734.8376,796.351
575.6992,-734.8377,796.351
575.6992,-734.8379,796.351
575.6992,-734.838,796.35095
575.6993,-734.8382,796.35095
575.6993,-734.8384,796.35095
575.6993,-734.8385,796.35095
575.69934,-734.8386,796.3509
575.69934,-734.8388,796.3509
575.69934,-734.839,796.3509
575.6994,-734.8391,796.3509
575.6994,-734.8393,796.3508
575.6994,-734.8395,796.3508
575.69946,-734.8396,796.3508
575.69946,-734.8397,796.35077
575.69946,-734.8399,796.35077
575.6995,-734.8401,796.35077
575.6995,-734.8402,796.35077
575.6995,-734.84033,796.3507
575.6996,-734.8405,796.3507
575.6996,-734.8407,796.3507
575.6996,-734.8408,796.3507
575.6996,-734.841,796.35065
575.69965,-734.8411,796.35065
575.69965,-734.8413,796.35065
575.69965,-734.84143,796.35065
575.6997,-734.8416,796.3506
575.6997,-734.8418,796.3506
575.6997,-734.8419,796.3506
575.69977,-734.8421,796.3505
575.69977,-734.8422,796.3505
575.69977,-734.8424,796.3505
575.6998,-734.8425,796.3505
575.6998,-734.8427,796.35046
575.6998,-734.8429,796.35046
575.6999,-734.843,796.35046
575.6999,-734.8432,796.35046
575.6999,-734.8433,796.3504
575.69995,-734.8435,796.3504
575.69995,-734.8436,796.3504
575.69995,-734.8438,796.35034
575.7,-734.844,796.35034
575.7,-734.8441,796.35034
575.7,-734.84424,796.35034
575.7001,-734.8444,796.3503
575.7001,-734.8446,796.3503
575.7001,-734.8447,796.3503
575.70013,-734.8449,796.3503
575.70013,-734.84503,796.3502
575.70013,-734.8452,796.3502
575.7002,-734.84534,796.3502
575.7002,-734.8455,796.3502
575.7002,-734.84564,796.35016
575.70026,-734.8458,796.35016
575.70026,-734.84595,796.35016
575.70026,-734.8461,796.3501
575.7003,-734.8463,796.3501
575.7003,-734.84644,796.3501
575.7003,-734.8466,796.3501
575.7003,-734.84674,796.35004
575.7004,-734.8469,796.35004
575.7004,-734.84705,796.35004
575.70044,-734.8472,796.35004
575.70044,-734.8474,796.35
575.70044,-734.84753,796.35
575.70044,-734.8477,796.35
575.7005,-734.84784,796.35
575.7005,-734.848,796.3499
575.7005,-734.84814,796.3499
575.70056,-734.8483,796.3499
575.70056,-734.84845,796.34985
575.70056,-734.84863,796.34985
575.7006,-734.8488,796.34985
575.7006,-734.84894,796.34985
575.7006,-734.8491,796.3498
575.7007,-734.84924,796.3498
575.7007,-734.8494,796.3498
575.7007,-734.84955,796.3498
575.70074,-734.84973,796.34973
575.70074,-734.84985,796.34973
575.70074,-734.85004,796.34973
575.7008,-734.8502,796.34973
575.7008,-734.85034,796.3497
575.7008,-734.85046,796.3497
575.70087,-734.85065,796.3497
575.70087,-734.8508,796.3496
575.70087,-734.85095,796.3496
575.7009,-734.85114,796.3496
575.7009,-734.85126,796.3496
575.7009,-734.85144,796.34955
575.701,-734.85156,796.34955
575.701,-734.85175,796.34955
575.701,-734.8519,796.34955
575.70105,-734.85205,796.3495
575.70105,-734.85223,796.3495
575.70105,-734.85236,796.3495
575.7011,-734.85254,796.3495
575.7011,-734.85266,796.3494
575.7011,-734.85284,796.3494
575.7012,-734.853,796.3494
575.7012,-734.85315,796.34937
575.7012,-734.85333,796.34937
575.7012,-734.85345,796.34937
575.70123,-734.85364,796.34937
575.70123,-734.85376,796.3493
575.70123,-734.85394,796.3493
575.7013,-734.8541,796.3493
575.7013,-734.85425,796.3493
575.7013,-734.85443,796.34924
575.70135,-734.85455,796.34924
575.70135,-734.85474,796.34924
575.70135,-734.85486,796.3492
575.7014,-734.855,796.3492
575.7014,-734.85516,796.3492
575.7014,-734.85535,796.3492
575.7015,-734.85547,796.3491
575.7015,-734.85565,796.3491
575.7015,-734.8558,796.3491
575.70154,-734.85596,796.3491
575.70154,-734.8561,796.34906
575.70154,-734.85626,796.34906
575.7016,-734.85645,796.34906
575.7016,-734.85657,796.34906
575.7016,-734.85675,796.349
575.70166,-734.8569,796.349
575.70166,-734.85706,796.349
575.70166,-734.8572,796.34894
575.7017,-734.85736,796.34894
